
time,ax,ay,az,wx,wy,wz,
12:38:17:611,0.04,0.94,3.43,-0.23,0.08,-0.01,
12:38:17:612,0.44,1.25,5.40,-0.23,0.08,-0.01,
12:38:17:613,0.44,1.25,5.40,-0.21,0.03,-0.00,
12:38:17:613,0.44,1.25,5.40,-0.21,0.03,-0.00,
12:38:17:614,0.44,1.25,5.40,-0.16,-0.10,0.01,
12:38:17:614,0.99,-1.36,5.61,-0.16,-0.10,0.01,
12:38:17:615,0.99,-1.36,5.61,-0.10,-0.24,0.02,
12:38:17:615,0.99,-1.36,5.61,-0.10,-0.24,0.02,
12:38:17:616,0.99,-1.36,5.61,-0.02,-0.33,0.03,
12:38:17:617,0.94,-1.89,3.83,-0.02,-0.33,0.03,
12:38:17:619,0.94,-1.89,3.83,0.05,-0.29,0.04,
12:38:17:620,0.93,-1.89,3.83,0.05,-0.29,0.04,
12:38:17:621,0.93,-1.89,3.83,0.11,-0.12,0.03,
12:38:17:622,0.51,0.04,3.56,0.11,-0.12,0.03,
12:38:17:623,0.51,0.04,3.56,0.15,0.08,0.02,
12:38:17:624,0.51,0.04,3.56,0.15,0.08,0.02,
12:38:17:627,0.51,0.04,3.56,0.17,0.17,-0.00,
12:38:17:627,1.30,-0.84,3.62,0.17,0.17,-0.00,
12:38:17:629,1.30,-0.84,3.62,0.17,0.11,-0.02,
12:38:17:629,1.30,-0.84,3.62,0.17,0.11,-0.02,
12:38:17:632,1.30,-0.84,3.62,0.16,-0.02,-0.03,
12:38:17:632,1.37,-3.15,3.03,0.16,-0.02,-0.03,
12:38:17:643,1.37,-3.15,3.03,0.14,-0.12,-0.03,
12:38:17:643,1.37,-3.15,3.03,0.14,-0.12,-0.03,
12:38:17:644,1.37,-3.15,3.03,0.12,-0.12,-0.02,
12:38:17:645,0.21,-1.53,1.56,0.12,-0.12,-0.02,
12:38:17:645,0.21,-1.53,1.56,0.11,-0.00,-0.01,
12:38:17:646,0.21,-1.53,1.57,0.11,-0.00,-0.01,
12:38:17:646,0.21,-1.53,1.57,0.10,0.12,-0.01,
12:38:17:647,0.75,1.92,2.33,0.10,0.12,-0.01,
12:38:17:647,0.75,1.92,2.33,0.08,0.15,-0.01,
12:38:17:648,0.75,1.92,2.33,0.08,0.15,-0.01,
12:38:17:649,0.75,1.92,2.33,0.06,0.10,-0.02,
12:38:17:649,0.99,-0.21,2.65,0.06,0.10,-0.02,
12:38:17:650,0.99,-0.21,2.65,0.04,0.04,-0.03,
12:38:17:651,0.99,-0.21,2.65,0.04,0.04,-0.03,
12:38:17:651,0.99,-0.21,2.65,0.02,0.01,-0.05,
12:38:17:652,-0.01,-0.60,2.29,0.02,0.01,-0.05,
12:38:17:654,-0.01,-0.60,2.29,-0.02,0.04,-0.06,
12:38:17:655,-0.01,-0.60,2.29,-0.02,0.04,-0.06,
12:38:17:656,-0.01,-0.60,2.29,-0.05,0.06,-0.06,
12:38:17:656,0.96,0.44,4.12,-0.05,0.06,-0.06,
12:38:17:659,0.96,0.44,4.12,-0.06,0.03,-0.05,
12:38:17:660,0.96,0.44,4.12,-0.06,0.03,-0.05,
12:38:17:662,0.96,0.44,4.12,-0.05,-0.04,-0.04,
12:38:17:662,0.36,-1.26,2.73,-0.05,-0.04,-0.04,
12:38:17:664,0.36,-1.26,2.73,-0.04,-0.09,-0.04,
12:38:17:665,0.36,-1.26,2.72,-0.04,-0.09,-0.04,
12:38:17:667,0.36,-1.26,2.72,-0.02,-0.10,-0.04,
12:38:17:667,0.02,-2.54,2.38,-0.02,-0.10,-0.04,
12:38:17:671,0.02,-2.54,2.38,-0.02,-0.01,-0.04,
12:38:17:675,0.02,-2.54,2.38,-0.02,-0.01,-0.04,
12:38:17:677,0.02,-2.54,2.38,-0.03,0.14,-0.04,
12:38:17:678,-0.09,-1.83,3.62,-0.03,0.14,-0.04,
12:38:17:678,-0.09,-1.83,3.62,-0.03,0.26,-0.06,
12:38:17:679,-0.08,-1.83,3.62,-0.03,0.26,-0.06,
12:38:17:680,-0.08,-1.83,3.62,-0.03,0.23,-0.07,
12:38:17:680,0.11,-2.26,4.87,-0.03,0.23,-0.07,
12:38:17:681,0.11,-2.26,4.87,-0.01,0.08,-0.08,
12:38:17:681,0.11,-2.26,4.87,-0.01,0.08,-0.08,
12:38:17:682,0.11,-2.26,4.87,0.01,-0.09,-0.06,
12:38:17:682,0.29,-1.84,4.50,0.01,-0.09,-0.06,
12:38:17:685,0.29,-1.84,4.50,0.03,-0.18,-0.04,
12:38:17:686,0.29,-1.84,4.51,0.03,-0.18,-0.04,
12:38:17:686,0.29,-1.84,4.51,0.04,-0.15,-0.02,
12:38:17:687,0.17,-0.88,3.17,0.04,-0.15,-0.02,
12:38:17:689,0.17,-0.88,3.17,0.06,-0.04,-0.01,
12:38:17:690,0.17,-0.88,3.17,0.06,-0.04,-0.01,
12:38:17:692,0.17,-0.88,3.17,0.07,0.05,-0.02,
12:38:17:692,0.86,-0.60,2.92,0.07,0.05,-0.02,
12:38:17:694,0.86,-0.60,2.92,0.07,0.08,-0.03,
12:38:17:694,0.86,-0.60,2.92,0.07,0.08,-0.03,
12:38:17:696,0.86,-0.60,2.92,0.06,0.04,-0.05,
12:38:17:697,1.45,-1.50,2.57,0.06,0.04,-0.05,
12:38:17:699,1.45,-1.50,2.57,0.05,0.02,-0.07,
12:38:17:700,1.45,-1.50,2.57,0.05,0.02,-0.07,
12:38:17:710,1.45,-1.50,2.57,0.04,0.04,-0.09,
12:38:17:711,0.53,-1.65,2.13,0.04,0.04,-0.09,
12:38:17:711,0.53,-1.65,2.13,0.03,0.06,-0.09,
12:38:17:711,0.53,-1.66,2.13,0.03,0.06,-0.09,
12:38:17:712,0.53,-1.66,2.13,0.02,0.04,-0.08,
12:38:17:712,0.60,-0.89,2.16,0.02,0.04,-0.08,
12:38:17:713,0.60,-0.89,2.16,0.01,0.02,-0.07,
12:38:17:713,0.60,-0.89,2.16,0.01,0.02,-0.07,
12:38:17:714,0.60,-0.89,2.16,0.01,-0.01,-0.05,
12:38:17:714,0.32,-2.24,1.44,0.01,-0.01,-0.05,
12:38:17:715,0.32,-2.24,1.44,0.01,-0.05,-0.05,
12:38:17:715,0.32,-2.24,1.44,0.01,-0.05,-0.05,
12:38:17:716,0.32,-2.24,1.44,0.00,-0.08,-0.04,
12:38:17:717,0.77,-2.40,1.14,0.00,-0.08,-0.04,
12:38:17:719,0.77,-2.40,1.14,-0.01,-0.04,-0.04,
12:38:17:720,0.77,-2.40,1.14,-0.01,-0.04,-0.04,
12:38:17:722,0.77,-2.40,1.14,-0.02,0.10,-0.05,
12:38:17:723,0.60,-0.50,2.15,-0.02,0.10,-0.05,
12:38:17:724,0.60,-0.50,2.15,-0.04,0.28,-0.07,
12:38:17:725,0.60,-0.50,2.14,-0.04,0.28,-0.07,
12:38:17:727,0.60,-0.50,2.14,-0.06,0.36,-0.09,
12:38:17:728,-0.25,-0.92,3.42,-0.06,0.36,-0.09,
12:38:17:729,-0.25,-0.92,3.42,-0.07,0.26,-0.10,
12:38:17:730,-0.25,-0.92,3.42,-0.07,0.26,-0.10,
12:38:17:732,-0.25,-0.92,3.42,-0.07,0.04,-0.08,
12:38:17:732,0.32,-1.65,3.91,-0.07,0.04,-0.08,
12:38:17:734,0.32,-1.65,3.91,-0.06,-0.14,-0.07,
12:38:17:734,0.32,-1.65,3.91,-0.06,-0.14,-0.07,
12:38:17:736,0.32,-1.65,3.91,-0.06,-0.19,-0.05,
12:38:17:737,-0.12,-1.25,3.19,-0.06,-0.19,-0.05,
12:38:17:739,-0.12,-1.25,3.19,-0.05,-0.10,-0.04,
12:38:17:741,-0.12,-1.25,3.18,-0.05,-0.10,-0.04,
12:38:17:742,-0.12,-1.25,3.18,-0.04,0.01,-0.03,
12:38:17:743,0.79,0.36,3.20,-0.04,0.01,-0.03,
12:38:17:744,0.79,0.36,3.20,-0.03,0.07,-0.03,
12:38:17:744,0.79,0.36,3.20,-0.03,0.07,-0.03,
12:38:17:746,0.79,0.36,3.20,-0.04,0.12,-0.05,
12:38:17:747,0.63,-2.06,3.29,-0.04,0.12,-0.05,
12:38:17:749,0.63,-2.06,3.29,-0.04,0.15,-0.07,
12:38:17:750,0.63,-2.06,3.29,-0.04,0.15,-0.07,
12:38:17:752,0.63,-2.06,3.29,-0.04,0.13,-0.09,
12:38:17:753,-0.01,-1.42,3.26,-0.04,0.13,-0.09,
12:38:17:754,-0.01,-1.42,3.26,-0.02,0.07,-0.10,
12:38:17:755,-0.00,-1.42,3.26,-0.02,0.07,-0.10,
12:38:17:756,-0.00,-1.42,3.26,-0.02,0.01,-0.10,
12:38:17:757,0.50,-0.32,3.75,-0.02,0.01,-0.10,
12:38:17:759,0.50,-0.32,3.75,-0.02,-0.03,-0.08,
12:38:17:760,0.50,-0.32,3.75,-0.02,-0.03,-0.08,
12:38:17:762,0.50,-0.32,3.75,-0.02,-0.08,-0.06,
12:38:17:763,0.86,-1.93,2.59,-0.02,-0.08,-0.06,
12:38:17:764,0.86,-1.93,2.59,-0.02,-0.11,-0.06,
12:38:17:765,0.86,-1.93,2.59,-0.02,-0.11,-0.06,
12:38:17:767,0.86,-1.93,2.59,-0.02,-0.10,-0.05,
12:38:17:768,0.70,-2.68,1.34,-0.02,-0.10,-0.05,
12:38:17:769,0.70,-2.68,1.34,-0.03,0.01,-0.06,
12:38:17:770,0.70,-2.67,1.34,-0.03,0.01,-0.06,
12:38:17:771,0.70,-2.67,1.34,-0.04,0.20,-0.08,
12:38:17:772,0.27,-1.49,2.36,-0.04,0.20,-0.08,
12:38:17:774,0.27,-1.49,2.36,-0.06,0.30,-0.10,
12:38:17:774,0.27,-1.49,2.36,-0.06,0.30,-0.10,
12:38:17:776,0.27,-1.49,2.36,-0.06,0.24,-0.10,
12:38:17:777,0.34,-2.44,3.25,-0.06,0.24,-0.10,
12:38:17:779,0.34,-2.44,3.25,-0.06,0.06,-0.10,
12:38:17:780,0.35,-2.44,3.25,-0.06,0.06,-0.10,
12:38:17:781,0.35,-2.44,3.25,-0.05,-0.10,-0.09,
12:38:17:782,-0.20,-3.76,1.94,-0.05,-0.10,-0.09,
12:38:17:784,-0.20,-3.76,1.94,-0.05,-0.18,-0.06,
12:38:17:785,-0.20,-3.76,1.94,-0.05,-0.18,-0.06,
12:38:17:787,-0.20,-3.76,1.94,-0.06,-0.13,-0.04,
12:38:17:789,-0.01,-2.27,2.31,-0.06,-0.13,-0.04,
12:38:17:790,-0.01,-2.27,2.31,-0.05,0.04,-0.03,
12:38:17:790,-0.01,-2.26,2.31,-0.05,0.04,-0.03,
12:38:17:791,-0.01,-2.26,2.31,-0.04,0.19,-0.03,
12:38:17:792,-0.38,-0.34,1.95,-0.04,0.19,-0.03,
12:38:17:794,-0.38,-0.34,1.95,-0.03,0.26,-0.04,
12:38:17:800,-0.38,-0.34,1.95,-0.03,0.26,-0.04,
12:38:17:801,-0.38,-0.34,1.95,-0.04,0.23,-0.05,
12:38:17:801,0.23,-2.33,4.09,-0.04,0.23,-0.05,
12:38:17:802,0.23,-2.33,4.09,-0.05,0.11,-0.06,
12:38:17:802,0.24,-2.33,4.09,-0.05,0.11,-0.06,
12:38:17:803,0.24,-2.33,4.09,-0.05,-0.00,-0.07,
12:38:17:803,-0.91,-2.18,2.79,-0.05,-0.00,-0.07,
12:38:17:805,-0.91,-2.18,2.79,-0.05,-0.04,-0.07,
12:38:17:806,-0.91,-2.18,2.79,-0.05,-0.04,-0.07,
12:38:17:807,-0.91,-2.18,2.79,-0.05,-0.00,-0.05,
12:38:17:807,-0.65,-0.32,3.89,-0.05,-0.00,-0.05,
12:38:17:814,-0.65,-0.32,3.89,-0.04,0.03,-0.03,
12:38:17:815,-0.64,-0.32,3.89,-0.04,0.03,-0.03,
12:38:17:816,-0.64,-0.32,3.89,-0.04,-0.01,-0.02,
12:38:17:818,0.01,-1.87,3.06,-0.04,-0.01,-0.02,
12:38:17:818,0.01,-1.87,3.06,-0.04,-0.06,-0.01,
12:38:17:819,0.01,-1.87,3.06,-0.04,-0.06,-0.01,
12:38:17:820,0.01,-1.87,3.06,-0.04,-0.05,-0.01,
12:38:17:822,-0.10,-2.63,2.61,-0.04,-0.05,-0.01,
12:38:17:823,-0.10,-2.63,2.61,-0.05,0.04,-0.02,
12:38:17:824,-0.10,-2.63,2.61,-0.05,0.04,-0.02,
12:38:17:825,-0.10,-2.63,2.61,-0.06,0.16,-0.04,
12:38:17:826,-0.38,-1.59,3.33,-0.06,0.16,-0.04,
12:38:17:827,-0.38,-1.59,3.33,-0.05,0.19,-0.06,
12:38:17:828,-0.38,-1.59,3.33,-0.05,0.19,-0.06,
12:38:17:829,-0.38,-1.59,3.33,-0.03,0.14,-0.06,
12:38:17:830,-0.68,-1.46,3.72,-0.03,0.14,-0.06,
12:38:17:830,-0.68,-1.46,3.72,-0.02,0.04,-0.05,
12:38:17:831,-0.68,-1.46,3.72,-0.02,0.04,-0.05,
12:38:17:832,-0.68,-1.46,3.72,-0.02,-0.07,-0.03,
12:38:17:834,-0.20,-2.10,3.80,-0.02,-0.07,-0.03,
12:38:17:835,-0.20,-2.10,3.80,-0.03,-0.12,-0.01,
12:38:17:836,-0.20,-2.10,3.80,-0.03,-0.12,-0.01,
12:38:17:837,-0.20,-2.10,3.80,-0.02,-0.11,0.00,
12:38:17:838,-0.19,-1.43,2.37,-0.02,-0.11,0.00,
12:38:17:839,-0.19,-1.43,2.37,-0.01,-0.08,0.01,
12:38:17:840,-0.19,-1.43,2.37,-0.01,-0.08,0.01,
12:38:17:849,-0.19,-1.43,2.37,0.00,-0.01,0.01,
12:38:17:850,0.83,-0.30,2.35,0.00,-0.01,0.01,
12:38:17:851,0.83,-0.30,2.35,-0.00,0.06,-0.00,
12:38:17:851,0.83,-0.30,2.35,-0.00,0.06,-0.00,
12:38:17:852,0.83,-0.30,2.35,-0.02,0.12,-0.03,
12:38:17:852,0.40,-2.19,2.31,-0.02,0.12,-0.03,
12:38:17:852,0.40,-2.19,2.31,-0.02,0.12,-0.05,
12:38:17:853,0.40,-2.19,2.31,-0.02,0.12,-0.05,
12:38:17:853,0.40,-2.19,2.31,-0.02,0.07,-0.06,
12:38:17:854,-0.85,-2.86,1.78,-0.02,0.07,-0.06,
12:38:17:855,-0.85,-2.86,1.78,-0.03,0.02,-0.06,
12:38:17:855,-0.85,-2.86,1.78,-0.03,0.02,-0.06,
12:38:17:858,-0.85,-2.86,1.78,-0.04,-0.01,-0.04,
12:38:17:859,-0.10,-1.21,2.96,-0.04,-0.01,-0.04,
12:38:17:859,-0.10,-1.21,2.96,-0.04,-0.02,-0.01,
12:38:17:860,-0.10,-1.21,2.96,-0.04,-0.02,-0.01,
12:38:17:862,-0.10,-1.21,2.96,-0.04,-0.03,0.02,
12:38:17:862,-0.11,-1.69,2.23,-0.04,-0.03,0.02,
12:38:17:864,-0.11,-1.69,2.23,-0.04,-0.05,0.03,
12:38:17:865,-0.11,-1.69,2.23,-0.04,-0.05,0.03,
12:38:17:867,-0.11,-1.69,2.23,-0.04,-0.02,0.03,
12:38:17:868,-0.30,-2.04,2.31,-0.04,-0.02,0.03,
12:38:17:870,-0.30,-2.04,2.31,-0.05,0.06,0.02,
12:38:17:872,-0.30,-2.04,2.31,-0.05,0.06,0.02,
12:38:17:874,-0.30,-2.04,2.31,-0.07,0.15,-0.00,
12:38:17:875,-0.63,-1.86,3.27,-0.07,0.15,-0.00,
12:38:17:876,-0.63,-1.86,3.27,-0.08,0.20,-0.02,
12:38:17:876,-0.63,-1.86,3.27,-0.08,0.20,-0.02,
12:38:17:877,-0.63,-1.86,3.27,-0.08,0.20,-0.03,
12:38:17:878,-1.25,-1.66,4.98,-0.08,0.20,-0.03,
12:38:17:879,-1.25,-1.66,4.98,-0.07,0.12,-0.03,
12:38:17:880,-1.25,-1.66,4.98,-0.07,0.12,-0.03,
12:38:17:882,-1.25,-1.66,4.98,-0.04,-0.01,-0.01,
12:38:17:882,-1.70,-1.39,4.46,-0.04,-0.01,-0.01,
12:38:17:885,-1.70,-1.39,4.46,-0.02,-0.13,0.02,
12:38:17:886,-1.70,-1.39,4.46,-0.02,-0.13,0.02,
12:38:17:887,-1.70,-1.39,4.46,-0.01,-0.21,0.05,
12:38:17:888,-0.42,-1.81,4.18,-0.01,-0.21,0.05,
12:38:17:889,-0.42,-1.81,4.18,0.00,-0.22,0.07,
12:38:17:890,-0.43,-1.81,4.18,0.00,-0.22,0.07,
12:38:17:892,-0.43,-1.81,4.18,0.02,-0.15,0.08,
12:38:17:892,0.29,-0.83,2.61,0.02,-0.15,0.08,
12:38:17:894,0.29,-0.83,2.61,0.03,-0.04,0.07,
12:38:17:895,0.29,-0.83,2.61,0.03,-0.04,0.07,
12:38:17:896,0.29,-0.83,2.61,0.02,0.06,0.04,
12:38:17:897,1.07,-1.94,3.03,0.02,0.06,0.04,
12:38:17:899,1.07,-1.94,3.03,0.00,0.13,0.00,
12:38:17:900,1.07,-1.94,3.03,0.00,0.13,0.00,
12:38:17:910,1.07,-1.94,3.03,-0.01,0.17,-0.04,
12:38:17:911,-0.16,-2.38,3.07,-0.01,0.17,-0.04,
12:38:17:911,-0.16,-2.38,3.07,-0.02,0.16,-0.06,
12:38:17:912,-0.16,-2.38,3.07,-0.02,0.16,-0.06,
12:38:17:912,-0.16,-2.38,3.07,-0.03,0.11,-0.05,
12:38:17:913,-0.74,-1.47,4.18,-0.03,0.11,-0.05,
12:38:17:913,-0.74,-1.47,4.18,-0.03,0.03,-0.03,
12:38:17:914,-0.74,-1.47,4.17,-0.03,0.03,-0.03,
12:38:17:914,-0.74,-1.47,4.17,-0.03,-0.03,-0.00,
12:38:17:915,-1.08,-0.12,4.38,-0.03,-0.03,-0.00,
12:38:17:915,-1.08,-0.12,4.38,-0.00,-0.06,0.03,
12:38:17:916,-1.08,-0.12,4.38,-0.00,-0.06,0.03,
12:38:17:916,-1.08,-0.12,4.38,0.02,-0.10,0.06,
12:38:17:917,-1.11,-0.77,2.64,0.02,-0.10,0.06,
12:38:17:919,-1.11,-0.77,2.64,0.03,-0.16,0.09,
12:38:17:925,-1.11,-0.77,2.64,0.03,-0.16,0.09,
12:38:17:926,-1.11,-0.77,2.64,0.03,-0.18,0.10,
12:38:17:926,0.97,-1.10,2.96,0.03,-0.18,0.10,
12:38:17:927,0.97,-1.10,2.96,0.02,-0.11,0.08,
12:38:17:928,0.97,-1.10,2.96,0.02,-0.11,0.08,
12:38:17:928,0.97,-1.10,2.96,0.01,0.03,0.04,
12:38:17:929,-0.37,-1.37,1.86,0.01,0.03,0.04,
12:38:17:934,-0.37,-1.37,1.86,0.01,0.16,0.01,
12:38:17:934,-0.37,-1.37,1.86,0.01,0.16,0.01,
12:38:17:935,-0.37,-1.37,1.86,-0.00,0.20,-0.01,
12:38:17:935,-0.84,-2.05,3.05,-0.00,0.20,-0.01,
12:38:17:936,-0.84,-2.05,3.05,-0.01,0.14,-0.02,
12:38:17:936,-0.84,-2.05,3.05,-0.01,0.14,-0.02,
12:38:17:937,-0.84,-2.05,3.05,-0.01,-0.01,-0.01,
12:38:17:937,-0.42,-1.06,3.85,-0.01,-0.01,-0.01,
12:38:17:939,-0.42,-1.06,3.85,-0.00,-0.14,0.02,
12:38:17:941,-0.42,-1.06,3.85,-0.00,-0.14,0.02,
12:38:17:942,-0.42,-1.06,3.85,0.01,-0.18,0.05,
12:38:17:943,-0.59,-1.04,3.26,0.01,-0.18,0.05,
12:38:17:944,-0.59,-1.04,3.26,-0.00,-0.11,0.07,
12:38:17:944,-0.59,-1.04,3.26,-0.00,-0.11,0.07,
12:38:17:947,-0.59,-1.04,3.26,-0.01,-0.02,0.07,
12:38:17:949,0.12,-0.85,3.50,-0.01,-0.02,0.07,
12:38:17:950,0.12,-0.85,3.50,-0.01,0.03,0.06,
12:38:17:950,0.12,-0.85,3.50,-0.01,0.03,0.06,
12:38:17:953,0.12,-0.85,3.50,-0.00,0.05,0.04,
12:38:17:954,-0.20,-1.90,3.39,-0.00,0.05,0.04,
12:38:17:955,-0.20,-1.90,3.39,-0.00,0.06,0.01,
12:38:17:955,-0.20,-1.90,3.39,-0.00,0.06,0.01,
12:38:17:956,-0.20,-1.90,3.39,-0.01,0.05,-0.01,
12:38:17:957,-0.02,-1.33,4.67,-0.01,0.05,-0.01,
12:38:17:959,-0.02,-1.33,4.67,-0.01,0.02,-0.01,
12:38:17:960,-0.02,-1.33,4.67,-0.01,0.02,-0.01,
12:38:17:961,-0.02,-1.33,4.67,0.01,-0.03,-0.00,
12:38:17:962,-0.77,-1.22,4.05,0.01,-0.03,-0.00,
12:38:17:964,-0.77,-1.22,4.05,0.04,-0.08,0.02,
12:38:17:965,-0.77,-1.22,4.05,0.04,-0.08,0.02,
12:38:17:967,-0.77,-1.22,4.05,0.05,-0.12,0.04,
12:38:17:967,-0.24,-1.62,3.42,0.05,-0.12,0.04,
12:38:17:969,-0.24,-1.62,3.42,0.06,-0.11,0.06,
12:38:17:970,-0.24,-1.62,3.42,0.06,-0.11,0.06,
12:38:17:971,-0.24,-1.62,3.42,0.05,-0.05,0.06,
12:38:17:973,0.45,-1.15,3.42,0.05,-0.05,0.06,
12:38:17:974,0.45,-1.15,3.42,0.03,0.03,0.04,
12:38:17:975,0.45,-1.15,3.42,0.03,0.03,0.04,
12:38:17:976,0.45,-1.15,3.42,0.03,0.09,0.02,
12:38:17:977,0.57,-1.03,3.79,0.03,0.09,0.02,
12:38:17:979,0.57,-1.03,3.79,0.03,0.09,-0.01,
12:38:17:979,0.57,-1.03,3.79,0.03,0.09,-0.01,
12:38:17:982,0.57,-1.03,3.79,0.04,0.03,-0.03,
12:38:17:982,-0.08,-1.28,3.33,0.04,0.03,-0.03,
12:38:17:985,-0.08,-1.28,3.33,0.05,-0.06,-0.03,
12:38:17:986,-0.08,-1.28,3.33,0.05,-0.06,-0.03,
12:38:17:988,-0.08,-1.28,3.33,0.06,-0.11,-0.02,
12:38:17:990,-0.20,-0.57,2.52,0.06,-0.11,-0.02,
12:38:17:991,-0.20,-0.57,2.52,0.05,-0.08,0.00,
12:38:17:991,-0.20,-0.57,2.53,0.05,-0.08,0.00,
12:38:17:992,-0.20,-0.57,2.53,0.03,-0.01,0.02,
12:38:17:992,0.78,-0.27,3.36,0.03,-0.01,0.02,
12:38:17:994,0.78,-0.27,3.36,0.02,0.06,0.02,
12:38:17:995,0.78,-0.27,3.36,0.02,0.06,0.02,
12:38:17:996,0.78,-0.27,3.36,0.01,0.09,0.00,
12:38:17:997,0.34,-0.92,3.32,0.01,0.09,0.00,
12:38:17:999,0.34,-0.92,3.32,0.00,0.06,-0.01,
12:38:18:000,0.34,-0.92,3.32,0.00,0.06,-0.01,
12:38:18:010,0.34,-0.92,3.32,-0.01,0.00,-0.02,
12:38:18:011,0.36,-1.76,3.70,-0.01,0.00,-0.02,
12:38:18:011,0.36,-1.76,3.70,-0.01,-0.06,-0.02,
12:38:18:012,0.36,-1.76,3.70,-0.01,-0.06,-0.02,
12:38:18:012,0.36,-1.76,3.70,-0.00,-0.05,-0.02,
12:38:18:013,-0.05,-0.23,3.81,-0.00,-0.05,-0.02,
12:38:18:013,-0.05,-0.23,3.81,0.01,0.02,-0.01,
12:38:18:014,-0.05,-0.23,3.81,0.01,0.02,-0.01,
12:38:18:014,-0.05,-0.23,3.81,0.04,0.10,-0.01,
12:38:18:015,-0.84,-0.52,3.84,0.04,0.10,-0.01,
12:38:18:016,-0.84,-0.52,3.84,0.05,0.09,-0.00,
12:38:18:016,-0.84,-0.52,3.84,0.05,0.09,-0.00,
12:38:18:017,-0.84,-0.52,3.84,0.06,-0.01,0.00,
12:38:18:018,-0.21,-1.72,3.74,0.06,-0.01,0.00,
12:38:18:019,-0.21,-1.72,3.74,0.07,-0.13,0.02,
12:38:18:020,-0.21,-1.72,3.74,0.07,-0.13,0.02,
12:38:18:021,-0.21,-1.72,3.74,0.08,-0.14,0.02,
12:38:18:022,-0.16,0.07,3.47,0.08,-0.14,0.02,
12:38:18:024,-0.16,0.07,3.47,0.07,-0.00,0.02,
12:38:18:024,-0.16,0.07,3.48,0.07,-0.00,0.02,
12:38:18:027,-0.16,0.07,3.48,0.06,0.11,0.01,
12:38:18:027,-0.64,-0.98,3.33,0.06,0.11,0.01,
12:38:18:029,-0.64,-0.98,3.33,0.06,0.10,0.00,
12:38:18:029,-0.64,-0.98,3.33,0.06,0.10,0.00,
12:38:18:031,-0.64,-0.98,3.33,0.05,0.01,0.00,
12:38:18:032,-0.42,-1.36,3.64,0.05,0.01,0.00,
12:38:18:035,-0.42,-1.36,3.64,0.05,-0.07,-0.00,
12:38:18:036,-0.42,-1.36,3.64,0.05,-0.07,-0.00,
12:38:18:036,-0.42,-1.36,3.64,0.04,-0.09,0.00,
12:38:18:038,-0.60,-1.13,3.32,0.04,-0.09,0.00,
12:38:18:039,-0.60,-1.13,3.32,0.03,-0.04,0.00,
12:38:18:040,-0.60,-1.13,3.32,0.03,-0.04,0.00,
12:38:18:041,-0.60,-1.13,3.32,0.03,0.02,0.00,
12:38:18:042,-0.33,-0.25,3.65,0.03,0.02,0.00,
12:38:18:044,-0.33,-0.25,3.65,0.02,0.02,0.01,
12:38:18:053,-0.33,-0.25,3.65,0.02,0.02,0.01,
12:38:18:053,-0.33,-0.25,3.65,0.02,-0.00,0.02,
12:38:18:054,0.56,-0.41,4.42,0.02,-0.00,0.02,
12:38:18:055,0.56,-0.41,4.42,0.02,-0.04,0.02,
12:38:18:056,0.56,-0.41,4.42,0.02,-0.04,0.02,
12:38:18:057,0.56,-0.41,4.42,0.01,-0.10,0.02,
12:38:18:058,0.38,-2.18,3.34,0.01,-0.10,0.02,
12:38:18:059,0.38,-2.18,3.34,0.02,-0.12,0.01,
12:38:18:059,0.38,-2.18,3.34,0.02,-0.12,0.01,
12:38:18:060,0.38,-2.18,3.34,0.03,-0.05,0.00,
12:38:18:060,0.15,-0.82,3.36,0.03,-0.05,0.00,
12:38:18:060,0.15,-0.82,3.36,0.04,0.08,-0.01,
12:38:18:061,0.15,-0.82,3.37,0.04,0.08,-0.01,
12:38:18:061,0.15,-0.82,3.37,0.06,0.15,-0.02,
12:38:18:062,0.93,0.64,4.80,0.06,0.15,-0.02,
12:38:18:064,0.93,0.64,4.80,0.07,0.13,-0.02,
12:38:18:065,0.93,0.64,4.80,0.07,0.13,-0.02,
12:38:18:067,0.93,0.64,4.80,0.09,0.05,-0.03,
12:38:18:067,0.51,0.87,4.60,0.09,0.05,-0.03,
12:38:18:071,0.51,0.87,4.60,0.11,-0.03,-0.03,
12:38:18:073,0.51,0.87,4.60,0.11,-0.03,-0.03,
12:38:18:074,0.51,0.87,4.60,0.11,-0.06,-0.02,
12:38:18:074,-0.17,0.23,3.59,0.11,-0.06,-0.02,
12:38:18:075,-0.17,0.23,3.59,0.09,-0.06,-0.01,
12:38:18:075,-0.17,0.23,3.60,0.09,-0.06,-0.01,
12:38:18:076,-0.17,0.23,3.60,0.07,-0.08,-0.00,
12:38:18:077,0.89,-0.50,3.13,0.07,-0.08,-0.00,
12:38:18:079,0.89,-0.50,3.13,0.06,-0.11,-0.00,
12:38:18:079,0.89,-0.50,3.14,0.06,-0.11,-0.00,
12:38:18:081,0.89,-0.50,3.14,0.05,-0.11,-0.01,
12:38:18:082,1.06,-1.46,2.26,0.05,-0.11,-0.01,
12:38:18:095,1.06,-1.46,2.26,0.03,-0.07,-0.02,
12:38:18:096,1.06,-1.46,2.27,0.03,-0.07,-0.02,
12:38:18:096,1.06,-1.46,2.27,0.02,0.03,-0.03,
12:38:18:097,0.55,-1.60,2.35,0.02,0.03,-0.03,
12:38:18:098,0.55,-1.60,2.35,0.00,0.16,-0.05,
12:38:18:098,0.55,-1.60,2.35,0.00,0.16,-0.05,
12:38:18:099,0.55,-1.60,2.35,-0.01,0.22,-0.07,
12:38:18:099,0.51,-1.29,4.21,-0.01,0.22,-0.07,
12:38:18:100,0.51,-1.29,4.21,-0.01,0.14,-0.06,
12:38:18:101,0.51,-1.29,4.21,-0.01,0.14,-0.06,
12:38:18:101,0.51,-1.29,4.21,0.00,0.01,-0.05,
12:38:18:102,0.08,-1.37,4.98,0.00,0.01,-0.05,
12:38:18:102,0.08,-1.37,4.98,0.02,-0.09,-0.03,
12:38:18:103,0.08,-1.37,4.98,0.02,-0.09,-0.03,
12:38:18:104,0.08,-1.37,4.98,0.04,-0.10,-0.02,
12:38:18:104,-0.70,-1.33,4.02,0.04,-0.10,-0.02,
12:38:18:105,-0.70,-1.33,4.02,0.07,-0.05,-0.00,
12:38:18:105,-0.70,-1.33,4.03,0.07,-0.05,-0.00,
12:38:18:106,-0.70,-1.33,4.03,0.09,0.03,0.01,
12:38:18:107,-0.22,0.54,4.01,0.09,0.03,0.01,
12:38:18:116,-0.22,0.54,4.01,0.12,0.07,0.01,
12:38:18:117,-0.22,0.54,4.02,0.12,0.07,0.01,
12:38:18:117,-0.22,0.54,4.02,0.13,0.05,-0.00,
12:38:18:118,0.49,-0.19,4.24,0.13,0.05,-0.00,
12:38:18:118,0.49,-0.19,4.24,0.12,0.02,-0.02,
12:38:18:119,0.49,-0.19,4.24,0.12,0.02,-0.02,
12:38:18:119,0.49,-0.19,4.24,0.11,-0.01,-0.03,
12:38:18:119,-0.00,-0.84,3.49,0.11,-0.01,-0.03,
12:38:18:120,-0.00,-0.84,3.49,0.10,-0.03,-0.04,
12:38:18:120,0.00,-0.84,3.50,0.10,-0.03,-0.04,
12:38:18:121,0.00,-0.84,3.50,0.09,-0.02,-0.04,
12:38:18:122,0.14,-0.18,3.12,0.09,-0.02,-0.04,
12:38:18:124,0.14,-0.18,3.12,0.08,-0.00,-0.03,
12:38:18:125,0.14,-0.18,3.12,0.08,-0.00,-0.03,
12:38:18:126,0.14,-0.18,3.12,0.06,0.03,-0.02,
12:38:18:127,0.53,-0.08,3.47,0.06,0.03,-0.02,
12:38:18:129,0.53,-0.08,3.47,0.04,0.06,-0.02,
12:38:18:129,0.53,-0.08,3.48,0.04,0.06,-0.02,
12:38:18:132,0.53,-0.08,3.48,0.02,0.08,-0.03,
12:38:18:132,0.78,-0.18,4.51,0.02,0.08,-0.03,
12:38:18:136,0.78,-0.18,4.51,0.01,0.05,-0.04,
12:38:18:138,0.78,-0.18,4.51,0.01,0.05,-0.04,
12:38:18:139,0.78,-0.18,4.51,0.02,-0.03,-0.04,
12:38:18:141,0.61,-0.19,3.78,0.02,-0.03,-0.04,
12:38:18:143,0.61,-0.19,3.78,0.04,-0.09,-0.04,
12:38:18:144,0.61,-0.19,3.78,0.04,-0.09,-0.04,
12:38:18:144,0.61,-0.19,3.78,0.05,-0.09,-0.04,
12:38:18:145,0.91,0.45,3.57,0.05,-0.09,-0.04,
12:38:18:145,0.91,0.45,3.57,0.07,-0.02,-0.03,
12:38:18:146,0.91,0.45,3.58,0.07,-0.02,-0.03,
12:38:18:147,0.91,0.45,3.58,0.08,0.08,-0.04,
12:38:18:147,0.84,1.05,3.69,0.08,0.08,-0.04,
12:38:18:149,0.84,1.05,3.69,0.08,0.15,-0.05,
12:38:18:150,0.84,1.05,3.69,0.08,0.15,-0.05,
12:38:18:152,0.84,1.05,3.69,0.07,0.12,-0.06,
12:38:18:152,0.80,-0.92,3.84,0.07,0.12,-0.06,
12:38:18:154,0.80,-0.92,3.84,0.06,0.03,-0.07,
12:38:18:155,0.81,-0.92,3.84,0.06,0.03,-0.07,
12:38:18:156,0.81,-0.92,3.84,0.05,-0.03,-0.08,
12:38:18:157,-0.06,-1.33,3.45,0.05,-0.03,-0.08,
12:38:18:159,-0.06,-1.33,3.45,0.05,-0.04,-0.07,
12:38:18:160,-0.06,-1.33,3.45,0.05,-0.04,-0.07,
12:38:18:162,-0.06,-1.33,3.45,0.05,-0.03,-0.05,
12:38:18:162,0.20,-0.47,3.25,0.05,-0.03,-0.05,
12:38:18:164,0.20,-0.47,3.25,0.06,-0.03,-0.03,
12:38:18:165,0.20,-0.47,3.25,0.06,-0.03,-0.03,
12:38:18:167,0.20,-0.47,3.25,0.06,-0.05,-0.01,
12:38:18:168,0.89,-0.93,2.77,0.06,-0.05,-0.01,
12:38:18:169,0.89,-0.93,2.77,0.07,-0.07,-0.01,
12:38:18:176,0.89,-0.93,2.77,0.07,-0.07,-0.01,
12:38:18:177,0.89,-0.93,2.77,0.07,-0.03,-0.01,
12:38:18:178,0.67,-1.26,2.39,0.07,-0.03,-0.01,
12:38:18:179,0.67,-1.26,2.39,0.06,0.08,-0.04,
12:38:18:180,0.68,-1.26,2.40,0.06,0.08,-0.04,
12:38:18:180,0.68,-1.26,2.40,0.03,0.19,-0.06,
12:38:18:181,0.36,-0.89,3.25,0.03,0.19,-0.06,
12:38:18:182,0.36,-0.89,3.25,0.02,0.21,-0.09,
12:38:18:183,0.37,-0.89,3.25,0.02,0.21,-0.09,
12:38:18:184,0.37,-0.89,3.25,0.01,0.16,-0.10,
12:38:18:185,-0.12,-0.70,4.44,0.01,0.16,-0.10,
12:38:18:186,-0.12,-0.70,4.44,0.02,0.05,-0.10,
12:38:18:186,-0.12,-0.70,4.44,0.02,0.05,-0.10,
12:38:18:188,-0.12,-0.70,4.44,0.02,-0.04,-0.07,
12:38:18:189,-0.66,-0.43,3.88,0.02,-0.04,-0.07,
12:38:18:190,-0.66,-0.43,3.88,0.02,-0.08,-0.04,
12:38:18:190,-0.66,-0.43,3.88,0.02,-0.08,-0.04,
12:38:18:194,-0.66,-0.43,3.88,0.02,-0.07,-0.01,
12:38:18:196,0.40,-0.92,4.22,0.02,-0.07,-0.01,
12:38:18:197,0.40,-0.92,4.22,0.02,-0.06,0.01,
12:38:18:198,0.40,-0.92,4.22,0.02,-0.06,0.01,
12:38:18:199,0.40,-0.92,4.22,0.04,-0.04,0.01,
12:38:18:200,0.80,0.37,3.61,0.04,-0.04,0.01,
12:38:18:201,0.80,0.37,3.61,0.06,0.05,-0.01,
12:38:18:202,0.80,0.37,3.61,0.06,0.05,-0.01,
12:38:18:211,0.80,0.37,3.61,0.05,0.17,-0.04,
12:38:18:212,0.20,-1.41,4.16,0.05,0.17,-0.04,
12:38:18:213,0.20,-1.41,4.16,0.04,0.22,-0.07,
12:38:18:213,0.20,-1.41,4.16,0.04,0.22,-0.07,
12:38:18:214,0.20,-1.41,4.16,0.05,0.17,-0.09,
12:38:18:214,-0.33,0.44,4.90,0.05,0.17,-0.09,
12:38:18:215,-0.33,0.44,4.90,0.07,0.09,-0.08,
12:38:18:215,-0.32,0.44,4.90,0.07,0.09,-0.08,
12:38:18:216,-0.32,0.44,4.90,0.08,0.02,-0.06,
12:38:18:216,-0.42,1.42,5.24,0.08,0.02,-0.06,
12:38:18:217,-0.42,1.42,5.24,0.08,-0.05,-0.03,
12:38:18:218,-0.42,1.42,5.24,0.08,-0.05,-0.03,
12:38:18:219,-0.42,1.42,5.24,0.08,-0.14,0.00,
12:38:18:219,0.45,0.63,4.15,0.08,-0.14,0.00,
12:38:18:220,0.45,0.63,4.15,0.09,-0.18,0.02,
12:38:18:220,0.45,0.63,4.16,0.09,-0.18,0.02,
12:38:18:238,0.45,0.63,4.16,0.08,-0.11,0.02,
12:38:18:239,0.37,-0.33,2.61,0.08,-0.11,0.02,
12:38:18:241,0.37,-0.33,2.61,0.07,0.03,0.01,
12:38:18:242,0.37,-0.33,2.61,0.07,0.03,0.01,
12:38:18:244,0.37,-0.33,2.61,0.05,0.15,-0.03,
12:38:18:245,0.78,0.11,3.19,0.05,0.15,-0.03,
12:38:18:245,0.78,0.11,3.19,0.05,0.16,-0.06,
12:38:18:246,0.78,0.11,3.20,0.05,0.16,-0.06,
12:38:18:247,0.78,0.11,3.20,0.04,0.08,-0.08,
12:38:18:248,0.44,-1.21,3.21,0.04,0.08,-0.08,
12:38:18:249,0.44,-1.21,3.21,0.04,-0.04,-0.08,
12:38:18:251,0.45,-1.21,3.21,0.04,-0.04,-0.08,
12:38:18:253,0.45,-1.21,3.21,0.03,-0.11,-0.06,
12:38:18:254,0.42,-1.16,2.98,0.03,-0.11,-0.06,
12:38:18:254,0.42,-1.16,2.98,0.02,-0.10,-0.03,
12:38:18:255,0.42,-1.16,2.98,0.02,-0.10,-0.03,
12:38:18:256,0.42,-1.16,2.98,0.02,-0.03,-0.01,
12:38:18:256,0.12,-0.56,2.70,0.02,-0.03,-0.01,
12:38:18:257,0.12,-0.56,2.70,0.03,0.05,-0.00,
12:38:18:257,0.12,-0.56,2.70,0.03,0.05,-0.00,
12:38:18:258,0.12,-0.56,2.70,0.04,0.12,-0.01,
12:38:18:258,-0.25,-0.70,2.55,0.04,0.12,-0.01,
12:38:18:258,-0.25,-0.70,2.55,0.03,0.15,-0.02,
12:38:18:259,-0.24,-0.70,2.55,0.03,0.15,-0.02,
12:38:18:259,-0.24,-0.70,2.55,0.02,0.12,-0.03,
12:38:18:260,0.67,0.16,4.63,0.02,0.12,-0.03,
12:38:18:260,0.67,0.16,4.63,0.02,0.10,-0.05,
12:38:18:261,0.67,0.16,4.63,0.02,0.10,-0.05,
12:38:18:261,0.67,0.16,4.63,0.03,0.09,-0.06,
12:38:18:262,-1.59,-1.04,3.38,0.03,0.09,-0.06,
12:38:18:262,-1.59,-1.04,3.38,0.03,0.05,-0.05,
12:38:18:263,-1.59,-1.04,3.38,0.03,0.05,-0.05,
12:38:18:263,-1.59,-1.04,3.38,0.03,-0.07,-0.02,
12:38:18:264,0.23,0.07,4.40,0.03,-0.07,-0.02,
12:38:18:264,0.23,0.07,4.40,0.04,-0.17,0.01,
12:38:18:265,0.22,0.07,4.40,0.04,-0.17,0.01,
12:38:18:267,0.22,0.07,4.40,0.04,-0.14,0.03,
12:38:18:268,-0.34,-1.39,2.66,0.04,-0.14,0.03,
12:38:18:272,-0.34,-1.39,2.66,0.04,-0.02,0.03,
12:38:18:273,-0.34,-1.39,2.66,0.04,-0.02,0.03,
12:38:18:273,-0.34,-1.39,2.66,0.03,0.10,0.01,
12:38:18:274,0.41,-0.11,3.49,0.03,0.10,0.01,
12:38:18:274,0.41,-0.11,3.49,0.02,0.20,-0.01,
12:38:18:274,0.41,-0.11,3.49,0.02,0.20,-0.01,
12:38:18:276,0.41,-0.11,3.49,-0.00,0.29,-0.04,
12:38:18:277,-0.07,-0.10,5.77,-0.00,0.29,-0.04,
12:38:18:279,-0.07,-0.10,5.77,-0.03,0.27,-0.06,
12:38:18:279,-0.07,-0.10,5.77,-0.03,0.27,-0.06,
12:38:18:281,-0.07,-0.10,5.77,-0.03,0.10,-0.07,
12:38:18:282,-0.34,-0.34,6.43,-0.03,0.10,-0.07,
12:38:18:293,-0.34,-0.34,6.43,0.01,-0.15,-0.06,
12:38:18:294,-0.34,-0.34,6.43,0.01,-0.15,-0.06,
12:38:18:294,-0.34,-0.34,6.43,0.05,-0.33,-0.03,
12:38:18:295,-1.13,-2.16,2.23,0.05,-0.33,-0.03,
12:38:18:295,-1.13,-2.16,2.23,0.09,-0.36,0.00,
12:38:18:296,-1.13,-2.16,2.23,0.09,-0.36,0.00,
12:38:18:296,-1.13,-2.16,2.23,0.11,-0.24,0.02,
12:38:18:297,0.32,-0.48,2.16,0.11,-0.24,0.02,
12:38:18:297,0.32,-0.48,2.16,0.12,-0.00,0.03,
12:38:18:303,0.32,-0.48,2.17,0.12,-0.00,0.03,
12:38:18:304,0.32,-0.48,2.17,0.12,0.18,0.01,
12:38:18:305,0.77,-0.18,1.64,0.12,0.18,0.01,
12:38:18:306,0.77,-0.18,1.64,0.11,0.22,-0.01,
12:38:18:307,0.77,-0.18,1.64,0.11,0.22,-0.01,
12:38:18:308,0.77,-0.18,1.64,0.09,0.15,-0.03,
12:38:18:309,0.88,-2.39,2.11,0.09,0.15,-0.03,
12:38:18:309,0.88,-2.39,2.11,0.06,0.03,-0.05,
12:38:18:310,0.89,-2.39,2.11,0.06,0.03,-0.05,
12:38:18:311,0.89,-2.39,2.11,0.02,-0.09,-0.05,
12:38:18:312,0.19,-4.27,1.51,0.02,-0.09,-0.05,
12:38:18:312,0.19,-4.27,1.51,0.00,-0.13,-0.04,
12:38:18:312,0.19,-4.27,1.51,0.00,-0.13,-0.04,
12:38:18:313,0.19,-4.27,1.51,0.00,-0.04,-0.02,
12:38:18:313,-1.73,-1.78,0.08,0.00,-0.04,-0.02,
12:38:18:315,-1.73,-1.78,0.08,-0.01,0.11,0.00,
12:38:18:316,-1.73,-1.78,0.08,-0.01,0.11,0.00,
12:38:18:316,-1.73,-1.78,0.08,-0.02,0.18,0.02,
12:38:18:317,0.48,-0.09,3.05,-0.02,0.18,0.02,
12:38:18:319,0.48,-0.09,3.05,-0.04,0.12,0.03,
12:38:18:320,0.48,-0.09,3.05,-0.04,0.12,0.03,
12:38:18:321,0.48,-0.09,3.05,-0.05,0.03,0.02,
12:38:18:323,-0.75,-2.87,1.75,-0.05,0.03,0.02,
12:38:18:324,-0.75,-2.87,1.75,-0.06,-0.00,0.02,
12:38:18:324,-0.75,-2.87,1.75,-0.06,-0.00,0.02,
12:38:18:327,-0.75,-2.87,1.75,-0.07,0.02,0.01,
12:38:18:327,-1.62,-2.74,2.52,-0.07,0.02,0.01,
12:38:18:329,-1.62,-2.74,2.52,-0.07,0.04,0.01,
12:38:18:330,-1.62,-2.74,2.52,-0.07,0.04,0.01,
12:38:18:332,-1.62,-2.74,2.52,-0.05,-0.02,0.02,
12:38:18:333,-0.45,-0.96,2.15,-0.05,-0.02,0.02,
12:38:18:335,-0.45,-0.96,2.15,-0.03,-0.10,0.02,
12:38:18:336,-0.45,-0.96,2.15,-0.03,-0.10,0.02,
12:38:18:336,-0.45,-0.96,2.15,-0.01,-0.14,0.02,
12:38:18:337,-0.16,-2.33,1.64,-0.01,-0.14,0.02,
12:38:18:339,-0.16,-2.33,1.64,-0.01,-0.06,0.01,
12:38:18:339,-0.17,-2.33,1.64,-0.01,-0.06,0.01,
12:38:18:342,-0.17,-2.33,1.64,-0.03,0.10,0.00,
12:38:18:342,-0.82,-1.35,2.30,-0.03,0.10,0.00,
12:38:18:344,-0.82,-1.35,2.30,-0.05,0.23,-0.01,
12:38:18:345,-0.82,-1.35,2.30,-0.05,0.23,-0.01,
12:38:18:347,-0.82,-1.35,2.30,-0.07,0.18,-0.01,
12:38:18:348,-0.04,-2.12,3.32,-0.07,0.18,-0.01,
12:38:18:350,-0.04,-2.12,3.32,-0.07,0.02,-0.00,
12:38:18:351,-0.04,-2.11,3.32,-0.07,0.02,-0.00,
12:38:18:352,-0.04,-2.11,3.32,-0.06,-0.15,0.01,
12:38:18:353,0.03,-1.99,2.60,-0.06,-0.15,0.01,
12:38:18:354,0.03,-1.99,2.60,-0.06,-0.20,0.02,
12:38:18:355,0.03,-1.99,2.59,-0.06,-0.20,0.02,
12:38:18:356,0.03,-1.99,2.59,-0.05,-0.11,0.03,
12:38:18:357,-1.19,-2.40,1.49,-0.05,-0.11,0.03,
12:38:18:359,-1.19,-2.40,1.49,-0.05,0.03,0.02,
12:38:18:360,-1.19,-2.40,1.49,-0.05,0.03,0.02,
12:38:18:362,-1.19,-2.40,1.49,-0.06,0.07,0.03,
12:38:18:363,0.66,-1.42,2.55,-0.06,0.07,0.03,
12:38:18:364,0.66,-1.42,2.55,-0.06,0.04,0.03,
12:38:18:365,0.66,-1.42,2.55,-0.06,0.04,0.03,
12:38:18:367,0.66,-1.42,2.55,-0.07,-0.00,0.02,
12:38:18:367,0.62,-3.01,2.44,-0.07,-0.00,0.02,
12:38:18:369,0.62,-3.01,2.44,-0.08,-0.02,-0.00,
12:38:18:370,0.62,-3.01,2.44,-0.08,-0.02,-0.00,
12:38:18:371,0.62,-3.01,2.44,-0.08,-0.04,-0.01,
12:38:18:372,-0.07,-3.23,1.70,-0.08,-0.04,-0.01,
12:38:18:374,-0.07,-3.23,1.70,-0.07,-0.04,-0.02,
12:38:18:375,-0.07,-3.23,1.70,-0.07,-0.04,-0.02,
12:38:18:377,-0.07,-3.23,1.70,-0.06,0.02,-0.01,
12:38:18:377,-0.19,-1.61,1.82,-0.06,0.02,-0.01,
12:38:18:379,-0.19,-1.61,1.82,-0.07,0.11,-0.01,
12:38:18:380,-0.19,-1.61,1.82,-0.07,0.11,-0.01,
12:38:18:382,-0.19,-1.61,1.82,-0.08,0.14,-0.00,
12:38:18:382,0.13,-1.93,2.89,-0.08,0.14,-0.00,
12:38:18:385,0.13,-1.93,2.89,-0.07,0.07,0.00,
12:38:18:386,0.14,-1.93,2.89,-0.07,0.07,0.00,
12:38:18:387,0.14,-1.93,2.89,-0.05,-0.04,0.00,
12:38:18:388,-0.80,-2.41,0.98,-0.05,-0.04,0.00,
12:38:18:389,-0.80,-2.41,0.98,-0.04,-0.09,0.00,
12:38:18:389,-0.81,-2.41,0.98,-0.04,-0.09,0.00,
12:38:18:391,-0.81,-2.41,0.98,-0.06,-0.09,0.01,
12:38:18:392,-0.34,-3.38,1.21,-0.06,-0.09,0.01,
12:38:18:394,-0.34,-3.38,1.21,-0.08,-0.06,0.01,
12:38:18:395,-0.34,-3.38,1.21,-0.08,-0.06,0.01,
12:38:18:396,-0.34,-3.38,1.21,-0.08,-0.05,0.01,
12:38:18:397,0.08,-2.27,0.81,-0.08,-0.05,0.01,
12:38:18:399,0.08,-2.27,0.81,-0.09,-0.01,0.01,
12:38:18:400,0.08,-2.27,0.81,-0.09,-0.01,0.01,
12:38:18:416,0.08,-2.27,0.81,-0.10,0.08,0.00,
12:38:18:417,-0.32,-2.91,1.05,-0.10,0.08,0.00,
12:38:18:418,-0.32,-2.91,1.05,-0.13,0.15,-0.01,
12:38:18:418,-0.32,-2.91,1.05,-0.13,0.15,-0.01,
12:38:18:419,-0.32,-2.91,1.05,-0.15,0.16,-0.01,
12:38:18:420,-0.46,-3.73,2.42,-0.15,0.16,-0.01,
12:38:18:421,-0.46,-3.73,2.42,-0.18,0.10,-0.02,
12:38:18:422,-0.46,-3.73,2.42,-0.18,0.10,-0.02,
12:38:18:422,-0.46,-3.73,2.42,-0.19,0.01,-0.01,
12:38:18:423,-1.35,-4.76,2.29,-0.19,0.01,-0.01,
12:38:18:423,-1.35,-4.76,2.29,-0.19,-0.04,0.01,
12:38:18:424,-1.35,-4.76,2.29,-0.18,-0.03,0.04,
12:38:18:424,-0.39,-1.07,4.23,-0.18,-0.03,0.04,
12:38:18:425,-0.40,-1.07,4.23,-0.18,-0.03,0.04,
12:38:18:425,-0.40,-1.07,4.23,-0.17,-0.01,0.05,
12:38:18:430,-0.40,-1.07,4.22,-0.17,-0.01,0.05,
12:38:18:431,-0.40,-1.07,4.22,-0.15,-0.03,0.05,
12:38:18:431,-0.00,-2.32,3.77,-0.15,-0.03,0.05,
12:38:18:432,-0.00,-2.32,3.77,-0.13,-0.06,0.05,
12:38:18:432,-0.00,-2.32,3.77,-0.13,-0.06,0.05,
12:38:18:433,-0.00,-2.32,3.77,-0.12,-0.02,0.04,
12:38:18:433,0.16,-1.74,4.39,-0.12,-0.02,0.04,
12:38:18:434,0.16,-1.74,4.39,-0.11,0.08,0.02,
12:38:18:434,0.16,-1.74,4.39,-0.11,0.08,0.02,
12:38:18:435,0.16,-1.74,4.39,-0.11,0.19,0.00,
12:38:18:435,-0.30,-1.28,6.01,-0.11,0.19,0.00,
12:38:18:435,-0.30,-1.28,6.01,-0.09,0.19,-0.01,
12:38:18:435,-0.30,-1.28,6.00,-0.09,0.19,-0.01,
12:38:18:436,-0.30,-1.28,6.00,-0.05,0.03,-0.02,
12:38:18:437,-1.08,-2.44,4.52,-0.05,0.03,-0.02,
12:38:18:439,-1.08,-2.44,4.52,0.00,-0.19,0.00,
12:38:18:439,-1.08,-2.44,4.52,0.00,-0.19,0.00,
12:38:18:441,-1.08,-2.44,4.52,0.06,-0.33,0.02,
12:38:18:442,-0.86,-1.37,1.29,0.06,-0.33,0.02,
12:38:18:444,-0.86,-1.37,1.29,0.10,-0.30,0.04,
12:38:18:444,-0.87,-1.38,1.29,0.10,-0.30,0.04,
12:38:18:446,-0.87,-1.38,1.29,0.10,-0.10,0.05,
12:38:18:447,0.07,-0.10,1.58,0.10,-0.10,0.05,
12:38:18:449,0.07,-0.10,1.58,0.09,0.06,0.04,
12:38:18:450,0.07,-0.10,1.58,0.09,0.06,0.04,
12:38:18:452,0.07,-0.10,1.58,0.06,0.08,0.03,
12:38:18:453,1.32,-1.77,0.99,0.06,0.08,0.03,
12:38:18:454,1.32,-1.77,0.99,0.03,0.05,0.01,
12:38:18:456,1.32,-1.77,0.99,0.03,0.05,0.01,
12:38:18:456,1.32,-1.77,0.99,-0.03,0.02,-0.02,
12:38:18:457,0.51,-5.46,1.31,-0.03,0.02,-0.02,
12:38:18:459,0.51,-5.46,1.31,-0.09,-0.00,-0.03,
12:38:18:459,0.51,-5.46,1.31,-0.09,-0.00,-0.03,
12:38:18:461,0.51,-5.46,1.31,-0.13,-0.02,-0.03,
12:38:18:462,-0.72,-4.96,0.65,-0.13,-0.02,-0.03,
12:38:18:464,-0.72,-4.96,0.65,-0.15,-0.02,-0.02,
12:38:18:465,-0.72,-4.96,0.65,-0.15,-0.02,-0.02,
12:38:18:466,-0.72,-4.96,0.65,-0.15,0.04,-0.00,
12:38:18:467,-0.06,-1.40,2.43,-0.15,0.04,-0.00,
12:38:18:469,-0.06,-1.40,2.43,-0.15,0.13,0.01,
12:38:18:470,-0.06,-1.40,2.43,-0.15,0.13,0.01,
12:38:18:472,-0.06,-1.40,2.43,-0.15,0.13,0.01,
12:38:18:472,-0.20,-2.13,3.05,-0.15,0.13,0.01,
12:38:18:474,-0.20,-2.13,3.05,-0.13,0.02,0.02,
12:38:18:475,-0.20,-2.13,3.05,-0.13,0.02,0.02,
12:38:18:477,-0.20,-2.13,3.05,-0.11,-0.08,0.03,
12:38:18:477,0.88,-0.89,4.11,-0.11,-0.08,0.03,
12:38:18:479,0.88,-0.89,4.11,-0.09,-0.07,0.03,
12:38:18:479,0.87,-0.89,4.11,-0.09,-0.07,0.03,
12:38:18:482,0.87,-0.89,4.11,-0.08,0.03,0.02,
12:38:18:482,-0.73,-2.57,3.61,-0.08,0.03,0.02,
12:38:18:489,-0.73,-2.57,3.61,-0.06,0.10,0.02,
12:38:18:490,-0.73,-2.57,3.61,-0.06,0.10,0.02,
12:38:18:490,-0.73,-2.57,3.61,-0.03,0.11,0.01,
12:38:18:491,-1.50,-1.53,3.72,-0.03,0.11,0.01,
12:38:18:491,-1.50,-1.53,3.72,0.01,0.07,0.01,
12:38:18:491,-1.50,-1.53,3.72,0.01,0.07,0.01,
12:38:18:492,-1.50,-1.53,3.72,0.03,0.03,0.01,
12:38:18:492,-0.47,-0.99,4.84,0.03,0.03,0.01,
12:38:18:494,-0.47,-0.99,4.84,0.02,0.00,0.02,
12:38:18:495,-0.47,-0.99,4.84,0.02,0.00,0.02,
12:38:18:496,-0.47,-0.99,4.84,0.01,-0.05,0.02,
12:38:18:497,-0.18,-1.86,4.66,0.01,-0.05,0.02,
12:38:18:499,-0.18,-1.86,4.66,0.01,-0.12,0.03,
12:38:18:499,-0.18,-1.86,4.66,0.01,-0.12,0.03,
12:38:18:501,-0.18,-1.86,4.66,0.01,-0.15,0.04,
12:38:18:502,0.16,-2.38,3.61,0.01,-0.15,0.04,
12:38:18:504,0.16,-2.38,3.61,0.01,-0.12,0.04,
12:38:18:505,0.16,-2.38,3.61,0.01,-0.12,0.04,
12:38:18:507,0.16,-2.38,3.61,0.01,-0.04,0.03,
12:38:18:507,-0.29,-2.28,2.85,0.01,-0.04,0.03,
12:38:18:509,-0.29,-2.28,2.85,0.01,0.06,0.02,
12:38:18:510,-0.29,-2.28,2.85,0.01,0.06,0.02,
12:38:18:512,-0.29,-2.28,2.85,0.02,0.13,0.00,
12:38:18:512,-0.90,-2.91,3.18,0.02,0.13,0.00,
12:38:18:514,-0.90,-2.91,3.18,0.02,0.11,0.00,
12:38:18:515,-0.90,-2.91,3.18,0.02,0.11,0.00,
12:38:18:517,-0.90,-2.91,3.18,0.03,0.01,0.01,
12:38:18:517,0.54,-1.21,5.00,0.03,0.01,0.01,
12:38:18:519,0.54,-1.21,5.00,0.04,-0.08,0.01,
12:38:18:520,0.54,-1.21,5.01,0.04,-0.08,0.01,
12:38:18:521,0.54,-1.21,5.01,0.06,-0.15,0.02,
12:38:18:522,-0.36,-2.21,2.54,0.06,-0.15,0.02,
12:38:18:524,-0.36,-2.21,2.54,0.07,-0.17,0.03,
12:38:18:524,-0.36,-2.22,2.54,0.07,-0.17,0.03,
12:38:18:527,-0.36,-2.22,2.54,0.07,-0.14,0.04,
12:38:18:527,0.95,-0.99,2.11,0.07,-0.14,0.04,
12:38:18:529,0.95,-0.99,2.11,0.07,-0.08,0.03,
12:38:18:529,0.94,-0.99,2.11,0.07,-0.08,0.03,
12:38:18:531,0.94,-0.99,2.11,0.06,0.01,0.02,
12:38:18:532,0.93,-1.19,1.87,0.06,0.01,0.02,
12:38:18:535,0.93,-1.19,1.87,0.04,0.12,0.00,
12:38:18:535,0.93,-1.19,1.87,0.04,0.12,0.00,
12:38:18:537,0.93,-1.19,1.87,0.02,0.16,-0.02,
12:38:18:537,0.29,-2.26,2.39,0.02,0.16,-0.02,
12:38:18:539,0.29,-2.26,2.39,0.01,0.11,-0.04,
12:38:18:540,0.29,-2.26,2.39,0.01,0.11,-0.04,
12:38:18:541,0.29,-2.26,2.39,0.02,0.04,-0.04,
12:38:18:542,-0.47,0.22,2.35,0.02,0.04,-0.04,
12:38:18:544,-0.47,0.22,2.35,0.04,-0.01,-0.03,
12:38:18:553,-0.47,0.22,2.35,0.04,-0.01,-0.03,
12:38:18:554,-0.47,0.22,2.35,0.04,-0.04,-0.01,
12:38:18:555,-0.36,0.32,2.05,0.04,-0.04,-0.01,
12:38:18:555,-0.36,0.32,2.05,0.03,-0.07,0.01,
12:38:18:556,-0.36,0.32,2.05,0.03,-0.07,0.01,
12:38:18:557,-0.36,0.32,2.05,0.00,-0.11,0.03,
12:38:18:557,1.04,-1.44,2.63,0.00,-0.11,0.03,
12:38:18:558,1.04,-1.44,2.63,-0.02,-0.12,0.03,
12:38:18:559,1.04,-1.44,2.63,-0.02,-0.12,0.03,
12:38:18:559,1.04,-1.44,2.63,-0.05,-0.06,0.02,
12:38:18:560,0.52,-2.83,2.09,-0.05,-0.06,0.02,
12:38:18:560,0.52,-2.83,2.09,-0.07,0.04,0.00,
12:38:18:561,0.52,-2.83,2.09,-0.07,0.04,0.00,
12:38:18:562,0.52,-2.83,2.09,-0.09,0.12,-0.01,
12:38:18:562,-0.53,-4.25,2.55,-0.09,0.12,-0.01,
12:38:18:564,-0.53,-4.25,2.55,-0.08,0.12,-0.02,
12:38:18:565,-0.52,-4.25,2.55,-0.08,0.12,-0.02,
12:38:18:567,-0.52,-4.25,2.55,-0.05,0.10,-0.02,
12:38:18:567,-0.58,-1.83,4.07,-0.05,0.10,-0.02,
12:38:18:571,-0.58,-1.83,4.07,-0.03,0.09,-0.02,
12:38:18:573,-0.58,-1.83,4.07,-0.03,0.09,-0.02,
12:38:18:575,-0.58,-1.83,4.07,-0.01,0.05,-0.01,
12:38:18:576,-0.17,-1.62,5.72,-0.01,0.05,-0.01,
12:38:18:576,-0.17,-1.62,5.72,0.03,-0.03,0.00,
12:38:18:577,-0.17,-1.62,5.72,0.03,-0.03,0.00,
12:38:18:577,-0.17,-1.62,5.72,0.07,-0.08,0.02,
12:38:18:578,-0.51,-0.16,4.22,0.07,-0.08,0.02,
12:38:18:579,-0.51,-0.16,4.22,0.08,-0.03,0.03,
12:38:18:580,-0.51,-0.16,4.22,0.08,-0.03,0.03,
12:38:18:581,-0.51,-0.16,4.22,0.08,0.10,0.03,
12:38:18:582,0.63,0.66,6.29,0.08,0.10,0.03,
12:38:18:590,0.63,0.66,6.29,0.07,0.11,0.01,
12:38:18:590,0.63,0.66,6.30,0.07,0.11,0.01,
12:38:18:591,0.63,0.66,6.30,0.09,-0.07,-0.01,
12:38:18:591,-0.09,-1.74,3.00,0.09,-0.07,-0.01,
12:38:18:591,-0.09,-1.74,3.00,0.13,-0.24,-0.01,
12:38:18:591,-0.09,-1.74,3.01,0.13,-0.24,-0.01,
12:38:18:592,-0.09,-1.74,3.01,0.16,-0.27,-0.01,
12:38:18:592,-0.36,-2.30,0.83,0.16,-0.27,-0.01,
12:38:18:594,-0.36,-2.30,0.83,0.15,-0.12,-0.01,
12:38:18:595,-0.36,-2.30,0.83,0.15,-0.12,-0.01,
12:38:18:596,-0.36,-2.30,0.83,0.13,0.09,-0.02,
12:38:18:597,0.33,0.30,1.89,0.13,0.09,-0.02,
12:38:18:599,0.33,0.30,1.89,0.12,0.16,-0.02,
12:38:18:599,0.33,0.30,1.89,0.12,0.16,-0.02,
12:38:18:602,0.33,0.30,1.89,0.11,0.11,-0.01,
12:38:18:602,0.93,-0.59,1.52,0.11,0.11,-0.01,
12:38:18:604,0.93,-0.59,1.52,0.08,0.02,-0.02,
12:38:18:604,0.94,-0.59,1.53,0.08,0.02,-0.02,
12:38:18:624,0.94,-0.59,1.53,0.02,-0.05,-0.03,
12:38:18:625,0.75,-4.48,2.52,0.02,-0.05,-0.03,
12:38:18:626,0.75,-4.48,2.52,-0.04,-0.10,-0.03,
12:38:18:627,0.75,-4.48,2.52,-0.04,-0.10,-0.03,
12:38:18:627,0.75,-4.48,2.52,-0.06,-0.14,-0.01,
12:38:18:628,-0.40,-4.18,0.60,-0.06,-0.14,-0.01,
12:38:18:628,-0.40,-4.18,0.60,-0.06,-0.09,-0.01,
12:38:18:629,-0.40,-4.18,0.60,-0.06,-0.09,-0.01,
12:38:18:629,-0.40,-4.18,0.60,-0.05,0.02,-0.00,
12:38:18:630,0.65,-0.25,2.18,-0.05,0.02,-0.00,
12:38:18:630,0.65,-0.25,2.18,-0.03,0.13,-0.01,
12:38:18:631,0.65,-0.25,2.17,-0.03,0.13,-0.01,
12:38:18:631,0.65,-0.25,2.17,-0.01,0.16,-0.02,
12:38:18:632,0.86,0.69,3.17,-0.01,0.16,-0.02,
12:38:18:632,0.86,0.69,3.17,0.01,0.18,-0.03,
12:38:18:633,0.86,0.69,3.17,0.01,0.18,-0.03,
12:38:18:634,0.86,0.69,3.17,0.01,0.18,-0.04,
12:38:18:634,-0.67,-1.15,3.70,0.01,0.18,-0.04,
12:38:18:635,-0.67,-1.15,3.70,0.00,0.13,-0.04,
12:38:18:635,-0.66,-1.15,3.70,0.00,0.13,-0.04,
12:38:18:636,-0.66,-1.15,3.70,-0.00,0.02,-0.03,
12:38:18:637,-0.61,-1.16,4.57,-0.00,0.02,-0.03,
12:38:18:637,-0.61,-1.16,4.57,0.01,-0.12,-0.01,
12:38:18:638,-0.61,-1.16,4.57,0.01,-0.12,-0.01,
12:38:18:638,-0.61,-1.16,4.57,0.02,-0.22,0.02,
12:38:18:639,-0.60,-2.30,2.79,0.02,-0.22,0.02,
12:38:18:640,-0.60,-2.30,2.79,0.05,-0.23,0.03,
12:38:18:640,-0.60,-2.30,2.79,0.05,-0.23,0.03,
12:38:18:641,-0.60,-2.30,2.79,0.06,-0.13,0.04,
12:38:18:642,-0.41,-1.53,1.91,0.06,-0.13,0.04,
12:38:18:644,-0.41,-1.53,1.91,0.08,0.02,0.03,
12:38:18:645,-0.41,-1.53,1.91,0.08,0.02,0.03,
12:38:18:647,-0.41,-1.53,1.91,0.08,0.16,0.01,
12:38:18:647,-0.19,-0.60,2.32,0.08,0.16,0.01,
12:38:18:649,-0.19,-0.60,2.32,0.06,0.23,-0.01,
12:38:18:650,-0.19,-0.60,2.32,0.06,0.23,-0.01,
12:38:18:652,-0.19,-0.60,2.32,0.02,0.18,-0.03,
12:38:18:653,0.90,-3.14,4.77,0.02,0.18,-0.03,
12:38:18:654,0.90,-3.14,4.77,-0.01,0.00,-0.03,
12:38:18:654,0.90,-3.14,4.77,-0.01,0.00,-0.03,
12:38:18:657,0.90,-3.14,4.77,0.00,-0.19,-0.02,
12:38:18:657,0.03,-2.18,2.55,0.00,-0.19,-0.02,
12:38:18:659,0.03,-2.18,2.55,0.04,-0.25,-0.01,
12:38:18:660,0.03,-2.18,2.55,0.04,-0.25,-0.01,
12:38:18:662,0.03,-2.18,2.55,0.07,-0.16,0.00,
12:38:18:663,-0.26,0.83,1.80,0.07,-0.16,0.00,
12:38:18:664,-0.26,0.83,1.80,0.08,0.05,0.00,
12:38:18:665,-0.26,0.83,1.81,0.08,0.05,0.00,
12:38:18:667,-0.26,0.83,1.81,0.07,0.18,0.00,
12:38:18:667,-0.42,-1.79,1.86,0.07,0.18,0.00,
12:38:18:669,-0.42,-1.79,1.86,0.05,0.19,0.00,
12:38:18:674,-0.42,-1.79,1.86,0.05,0.19,0.00,
12:38:18:674,-0.42,-1.79,1.86,0.03,0.11,0.00,
12:38:18:674,0.86,-2.48,3.99,0.03,0.11,0.00,
12:38:18:675,0.86,-2.48,3.99,-0.00,0.00,-0.00,
12:38:18:675,0.86,-2.48,3.99,-0.00,0.00,-0.00,
12:38:18:676,0.86,-2.48,3.99,-0.00,-0.10,-0.00,
12:38:18:677,0.77,-0.73,3.27,-0.00,-0.10,-0.00,
12:38:18:679,0.77,-0.73,3.27,0.01,-0.18,0.01,
12:38:18:680,0.76,-0.73,3.27,0.01,-0.18,0.01,
12:38:18:682,0.76,-0.73,3.27,0.03,-0.18,0.01,
12:38:18:682,0.78,-0.18,1.39,0.03,-0.18,0.01,
12:38:18:689,0.78,-0.18,1.39,0.04,-0.10,0.00,
12:38:18:691,0.78,-0.18,1.39,0.04,-0.10,0.00,
12:38:18:692,0.78,-0.18,1.39,0.04,0.08,-0.01,
12:38:18:692,0.60,-0.05,2.29,0.04,0.08,-0.01,
12:38:18:693,0.60,-0.05,2.29,0.04,0.20,-0.03,
12:38:18:694,0.60,-0.05,2.29,0.04,0.20,-0.03,
12:38:18:695,0.60,-0.05,2.29,0.06,0.18,-0.05,
12:38:18:696,-0.12,-0.31,1.56,0.06,0.18,-0.05,
12:38:18:696,-0.12,-0.31,1.56,0.07,0.11,-0.05,
12:38:18:697,-0.12,-0.31,1.56,0.07,0.11,-0.05,
12:38:18:698,-0.12,-0.31,1.56,0.06,0.09,-0.06,
12:38:18:698,-0.37,0.21,2.96,0.06,0.09,-0.06,
12:38:18:699,-0.37,0.21,2.96,0.02,0.09,-0.05,
12:38:18:699,-0.37,0.21,2.96,0.02,0.09,-0.05,
12:38:18:701,-0.37,0.21,2.96,-0.01,0.00,-0.03,
12:38:18:702,0.38,-0.38,3.12,-0.01,0.00,-0.03,
12:38:18:704,0.38,-0.38,3.12,-0.02,-0.15,-0.01,
12:38:18:704,0.38,-0.37,3.12,-0.02,-0.15,-0.01,
12:38:18:706,0.38,-0.37,3.12,-0.02,-0.27,0.00,
12:38:18:707,0.35,-3.44,1.04,-0.02,-0.27,0.00,
12:38:18:709,0.35,-3.44,1.04,-0.04,-0.28,0.01,
12:38:18:710,0.35,-3.44,1.04,-0.04,-0.28,0.01,
12:38:18:711,0.35,-3.44,1.04,-0.08,-0.17,0.00,
12:38:18:712,-0.08,-6.73,1.17,-0.08,-0.17,0.00,
12:38:18:714,-0.08,-6.73,1.17,-0.12,0.04,0.00,
12:38:18:715,-0.08,-6.73,1.17,-0.12,0.04,0.00,
12:38:18:717,-0.08,-6.73,1.17,-0.12,0.25,-0.00,
12:38:18:718,0.21,-1.24,2.61,-0.12,0.25,-0.00,
12:38:18:719,0.21,-1.24,2.61,-0.10,0.37,-0.01,
12:38:18:721,0.21,-1.24,2.61,-0.10,0.37,-0.01,
12:38:18:725,0.21,-1.24,2.61,-0.07,0.34,-0.03,
12:38:18:726,0.21,-1.24,2.61,-0.03,0.16,-0.05,
12:38:18:727,1.07,0.81,5.97,-0.03,0.16,-0.05,
12:38:18:727,1.08,0.81,5.97,-0.03,0.16,-0.05,
12:38:18:728,1.08,0.81,5.97,0.01,-0.04,-0.05,
12:38:18:728,-0.77,-2.27,3.75,0.01,-0.04,-0.05,
12:38:18:730,-0.77,-2.27,3.75,0.04,-0.13,-0.04,
12:38:18:730,-0.77,-2.27,3.75,0.04,-0.13,-0.04,
12:38:18:732,-0.77,-2.27,3.75,0.05,-0.08,-0.03,
12:38:18:732,-0.38,0.39,5.32,0.05,-0.08,-0.03,
12:38:18:734,-0.38,0.39,5.32,0.03,0.05,-0.02,
12:38:18:735,-0.38,0.39,5.32,0.03,0.05,-0.02,
12:38:18:738,-0.38,0.39,5.32,0.03,0.03,-0.00,
12:38:18:739,1.31,-0.92,4.93,0.03,0.03,-0.00,
12:38:18:741,1.31,-0.92,4.93,0.06,-0.11,0.00,
12:38:18:743,1.31,-0.92,4.93,0.06,-0.11,0.00,
12:38:18:744,1.31,-0.92,4.93,0.11,-0.23,-0.01,
12:38:18:746,0.38,-0.69,0.73,0.11,-0.23,-0.01,
12:38:18:746,0.38,-0.69,0.73,0.15,-0.24,-0.01,
12:38:18:747,0.38,-0.69,0.74,0.15,-0.24,-0.01,
12:38:18:748,0.38,-0.69,0.74,0.16,-0.10,-0.04,
12:38:18:748,-0.09,-1.08,-0.22,0.16,-0.10,-0.04,
12:38:18:750,-0.09,-1.08,-0.22,0.14,0.13,-0.06,
12:38:18:751,-0.09,-1.08,-0.22,0.14,0.13,-0.06,
12:38:18:753,-0.09,-1.08,-0.22,0.10,0.27,-0.08,
12:38:18:755,0.56,-0.95,1.02,0.10,0.27,-0.08,
12:38:18:756,0.56,-0.95,1.02,0.06,0.24,-0.08,
12:38:18:757,0.57,-0.95,1.02,0.06,0.24,-0.08,
12:38:18:759,0.57,-0.95,1.02,0.02,0.11,-0.07,
12:38:18:759,1.61,-2.09,2.40,0.02,0.11,-0.07,
12:38:18:760,1.61,-2.09,2.40,-0.04,-0.04,-0.07,
12:38:18:760,1.61,-2.09,2.40,-0.04,-0.04,-0.07,
12:38:18:762,1.61,-2.09,2.40,-0.08,-0.16,-0.06,
12:38:18:762,0.85,-3.92,1.09,-0.08,-0.16,-0.06,
12:38:18:764,0.85,-3.92,1.09,-0.09,-0.20,-0.05,
12:38:18:765,0.85,-3.92,1.09,-0.09,-0.20,-0.05,
12:38:18:768,0.85,-3.92,1.09,-0.08,-0.08,-0.04,
12:38:18:769,-1.43,-1.38,-0.18,-0.08,-0.08,-0.04,
12:38:18:769,-1.43,-1.38,-0.18,-0.08,0.20,-0.03,
12:38:18:772,-1.43,-1.38,-0.19,-0.08,0.20,-0.03,
12:38:18:774,-1.43,-1.38,-0.19,-0.10,0.44,-0.02,
12:38:18:774,-0.99,-1.15,3.39,-0.10,0.44,-0.02,
12:38:18:775,-0.99,-1.15,3.39,-0.12,0.39,-0.01,
12:38:18:776,-0.99,-1.15,3.39,-0.12,0.39,-0.01,
12:38:18:777,-0.99,-1.15,3.39,-0.12,0.12,-0.01,
12:38:18:778,1.00,-1.00,4.38,-0.12,0.12,-0.01,
12:38:18:779,1.00,-1.00,4.38,-0.10,-0.13,-0.02,
12:38:18:780,1.00,-1.00,4.38,-0.10,-0.13,-0.02,
12:38:18:782,1.00,-1.00,4.38,-0.08,-0.22,-0.02,
12:38:18:782,-0.18,-0.89,3.55,-0.08,-0.22,-0.02,
12:38:18:784,-0.18,-0.89,3.55,-0.06,-0.15,-0.03,
12:38:18:785,-0.18,-0.89,3.55,-0.06,-0.15,-0.03,
12:38:18:787,-0.18,-0.89,3.55,-0.03,-0.08,-0.03,
12:38:18:788,-0.58,-0.78,1.88,-0.03,-0.08,-0.03,
12:38:18:789,-0.58,-0.78,1.88,0.01,-0.07,-0.03,
12:38:18:790,-0.58,-0.78,1.88,0.01,-0.07,-0.03,
12:38:18:792,-0.58,-0.78,1.88,0.03,-0.03,-0.02,
12:38:18:792,0.12,-1.79,1.90,0.03,-0.03,-0.02,
12:38:18:794,0.12,-1.79,1.90,0.02,0.08,-0.02,
12:38:18:801,0.12,-1.79,1.90,0.02,0.08,-0.02,
12:38:18:802,0.12,-1.79,1.90,0.01,0.20,-0.04,
12:38:18:803,-0.03,-0.73,2.81,0.01,0.20,-0.04,
12:38:18:803,-0.03,-0.73,2.81,-0.01,0.24,-0.05,
12:38:18:804,-0.03,-0.73,2.81,-0.01,0.24,-0.05,
12:38:18:805,-0.03,-0.73,2.81,-0.01,0.20,-0.06,
12:38:18:806,-0.36,-0.31,4.01,-0.01,0.20,-0.06,
12:38:18:807,-0.36,-0.31,4.01,-0.01,0.11,-0.06,
12:38:18:807,-0.36,-0.31,4.01,-0.01,0.11,-0.06,
12:38:18:808,-0.36,-0.31,4.01,-0.01,-0.01,-0.04,
12:38:18:808,-0.66,-0.63,3.46,-0.01,-0.01,-0.04,
12:38:18:809,-0.66,-0.63,3.46,-0.02,-0.13,-0.03,
12:38:18:809,-0.66,-0.63,3.46,-0.02,-0.13,-0.03,
12:38:18:814,-0.66,-0.63,3.46,-0.03,-0.20,0.00,
12:38:18:815,-0.74,-2.88,2.14,-0.03,-0.20,0.00,
12:38:18:815,-0.74,-2.88,2.14,-0.04,-0.17,0.02,
12:38:18:816,-0.74,-2.88,2.14,-0.04,-0.17,0.02,
12:38:18:816,-0.74,-2.88,2.14,-0.06,-0.07,0.03,
12:38:18:817,0.21,-2.73,2.45,-0.06,-0.07,0.03,
12:38:18:831,0.21,-2.73,2.45,-0.07,0.02,0.03,
12:38:18:832,0.21,-2.73,2.45,-0.07,0.02,0.03,
12:38:18:833,0.21,-2.73,2.45,-0.07,0.06,0.01,
12:38:18:834,0.94,-1.37,2.63,-0.07,0.06,0.01,
12:38:18:835,0.94,-1.37,2.63,-0.04,0.09,-0.01,
12:38:18:835,0.94,-1.37,2.62,-0.04,0.09,-0.01,
12:38:18:836,0.94,-1.37,2.62,-0.02,0.08,-0.03,
12:38:18:836,0.29,-1.43,2.45,-0.02,0.08,-0.03,
12:38:18:837,0.29,-1.43,2.45,-0.00,0.05,-0.04,
12:38:18:838,0.29,-1.43,2.45,-0.00,0.05,-0.04,
12:38:18:840,0.29,-1.43,2.45,-0.00,0.07,-0.05,
12:38:18:841,-0.03,-0.29,3.55,-0.00,0.07,-0.05,
12:38:18:843,-0.03,-0.29,3.55,-0.01,0.12,-0.04,
12:38:18:843,-0.03,-0.29,3.55,-0.01,0.12,-0.04,
12:38:18:844,-0.03,-0.29,3.55,-0.03,0.12,-0.03,
12:38:18:844,-0.30,-1.41,3.51,-0.03,0.12,-0.03,
12:38:18:844,-0.30,-1.41,3.51,-0.03,-0.01,-0.01,
12:38:18:845,-0.30,-1.41,3.51,-0.03,-0.01,-0.01,
12:38:18:845,-0.30,-1.41,3.51,-0.02,-0.17,0.01,
12:38:18:846,0.46,-1.17,2.38,-0.02,-0.17,0.01,
12:38:18:846,0.46,-1.17,2.38,0.00,-0.23,0.02,
12:38:18:847,0.46,-1.17,2.38,0.00,-0.23,0.02,
12:38:18:847,0.46,-1.17,2.38,0.03,-0.14,0.02,
12:38:18:847,-0.31,1.79,0.70,0.03,-0.14,0.02,
12:38:18:849,-0.31,1.79,0.70,0.04,0.07,0.01,
12:38:18:850,-0.31,1.79,0.70,0.04,0.07,0.01,
12:38:18:854,-0.31,1.79,0.70,0.03,0.24,-0.00,
12:38:18:855,-0.59,-1.09,1.96,0.03,0.24,-0.00,
12:38:18:856,-0.59,-1.09,1.96,-0.01,0.22,-0.01,
12:38:18:857,-0.59,-1.09,1.96,-0.01,0.22,-0.01,
12:38:18:857,-0.59,-1.09,1.96,-0.05,0.04,-0.01,
12:38:18:858,0.95,-4.55,2.79,-0.05,0.04,-0.01,
12:38:18:859,0.95,-4.55,2.79,-0.09,-0.15,-0.02,
12:38:18:860,0.95,-4.55,2.78,-0.09,-0.15,-0.02,
12:38:18:861,0.95,-4.55,2.78,-0.12,-0.21,-0.02,
12:38:18:862,-0.03,-4.01,1.95,-0.12,-0.21,-0.02,
12:38:18:864,-0.03,-4.01,1.95,-0.13,-0.11,-0.02,
12:38:18:865,-0.03,-4.01,1.95,-0.13,-0.11,-0.02,
12:38:18:868,-0.03,-4.01,1.95,-0.11,0.04,-0.01,
12:38:18:869,-1.11,-1.36,1.51,-0.11,0.04,-0.01,
12:38:18:870,-1.11,-1.36,1.51,-0.07,0.13,0.01,
12:38:18:871,-1.11,-1.36,1.51,-0.07,0.13,0.01,
12:38:18:872,-1.11,-1.36,1.51,-0.06,0.20,0.01,
12:38:18:873,-0.15,-0.86,3.93,-0.06,0.20,0.01,
12:38:18:874,-0.15,-0.86,3.93,-0.06,0.20,0.01,
12:38:18:875,-0.15,-0.86,3.93,-0.06,0.20,0.01,
12:38:18:877,-0.15,-0.86,3.93,-0.07,0.08,0.01,
12:38:18:877,-0.34,-3.98,4.14,-0.07,0.08,0.01,
12:38:18:879,-0.34,-3.98,4.14,-0.05,-0.09,0.01,
12:38:18:880,-0.34,-3.98,4.14,-0.05,-0.09,0.01,
12:38:18:882,-0.34,-3.98,4.14,-0.03,-0.19,0.02,
12:38:18:883,-0.56,-1.77,2.96,-0.03,-0.19,0.02,
12:38:18:886,-0.56,-1.77,2.96,-0.01,-0.11,0.02,
12:38:18:887,-0.56,-1.77,2.96,-0.01,-0.11,0.02,
12:38:18:888,-0.56,-1.77,2.96,0.02,0.03,0.02,
12:38:18:889,0.10,1.39,3.24,0.02,0.03,0.02,
12:38:18:890,0.10,1.39,3.24,0.04,0.06,0.01,
12:38:18:890,0.10,1.39,3.24,0.04,0.06,0.01,
12:38:18:893,0.10,1.39,3.24,0.06,0.01,0.00,
12:38:18:893,0.15,-1.96,2.27,0.06,0.01,0.00,
12:38:18:894,0.15,-1.96,2.27,0.05,-0.04,-0.00,
12:38:18:895,0.15,-1.96,2.27,0.05,-0.04,-0.00,
12:38:18:897,0.15,-1.96,2.27,0.03,-0.01,-0.01,
12:38:18:898,0.42,-0.38,2.64,0.03,-0.01,-0.01,
12:38:18:899,0.42,-0.38,2.64,0.01,0.07,-0.01,
12:38:18:900,0.42,-0.38,2.64,0.01,0.07,-0.01,
12:38:18:909,0.42,-0.38,2.64,-0.01,0.11,-0.02,
12:38:18:909,0.01,-0.60,2.99,-0.01,0.11,-0.02,
12:38:18:910,0.01,-0.60,2.99,-0.02,0.06,-0.02,
12:38:18:910,0.01,-0.60,2.99,-0.02,0.06,-0.02,
12:38:18:911,0.01,-0.60,2.99,-0.01,-0.01,-0.02,
12:38:18:911,-0.56,-0.69,1.69,-0.01,-0.01,-0.02,
12:38:18:911,-0.56,-0.69,1.69,-0.01,-0.05,-0.01,
12:38:18:912,-0.56,-0.69,1.69,-0.01,-0.05,-0.01,
12:38:18:912,-0.56,-0.69,1.69,-0.02,-0.01,0.00,
12:38:18:912,0.09,0.35,3.52,-0.02,-0.01,0.00,
12:38:18:914,0.09,0.35,3.52,-0.04,0.03,0.01,
12:38:18:915,0.09,0.35,3.52,-0.04,0.03,0.01,
12:38:18:916,0.09,0.35,3.52,-0.06,-0.02,0.01,
12:38:18:917,0.39,-2.45,2.29,-0.06,-0.02,0.01,
12:38:18:919,0.39,-2.45,2.29,-0.07,-0.12,0.01,
12:38:18:927,0.39,-2.45,2.29,-0.07,-0.12,0.01,
12:38:18:929,0.39,-2.45,2.29,-0.08,-0.19,0.00,
12:38:18:930,1.02,-3.54,2.30,-0.08,-0.19,0.00,
12:38:18:931,1.02,-3.54,2.30,-0.06,-0.16,-0.00,
12:38:18:932,1.02,-3.54,2.30,-0.06,-0.16,-0.00,
12:38:18:933,1.02,-3.54,2.30,-0.04,-0.01,-0.01,
12:38:18:934,-0.68,-1.18,0.99,-0.04,-0.01,-0.01,
12:38:18:935,-0.68,-1.18,0.99,-0.02,0.16,-0.01,
12:38:18:936,-0.68,-1.18,0.99,-0.02,0.16,-0.01,
12:38:18:937,-0.68,-1.18,0.99,-0.00,0.25,-0.02,
12:38:18:938,0.09,0.21,2.80,-0.00,0.25,-0.02,
12:38:18:939,0.09,0.21,2.80,-0.00,0.21,-0.01,
12:38:18:940,0.10,0.21,2.80,-0.00,0.21,-0.01,
12:38:18:941,0.10,0.21,2.80,-0.02,0.07,-0.01,
12:38:18:941,0.79,-1.62,4.11,-0.02,0.07,-0.01,
12:38:18:942,0.79,-1.62,4.11,-0.03,-0.09,-0.01,
12:38:18:942,0.79,-1.62,4.11,-0.03,-0.09,-0.01,
12:38:18:943,0.79,-1.62,4.11,-0.03,-0.21,-0.01,
12:38:18:943,-0.30,-3.52,2.00,-0.03,-0.21,-0.01,
12:38:18:944,-0.30,-3.52,2.00,-0.03,-0.23,-0.00,
12:38:18:944,-0.30,-3.52,2.00,-0.03,-0.23,-0.00,
12:38:18:947,-0.30,-3.52,2.00,-0.03,-0.13,0.01,
12:38:18:948,-0.70,-1.69,1.18,-0.03,-0.13,0.01,
12:38:18:949,-0.70,-1.69,1.18,-0.03,0.08,0.01,
12:38:18:949,-0.70,-1.69,1.18,-0.03,0.08,0.01,
12:38:18:952,-0.70,-1.69,1.18,-0.03,0.30,0.01,
12:38:18:952,-0.71,0.48,3.11,-0.03,0.30,0.01,
12:38:18:954,-0.71,0.48,3.11,-0.03,0.35,-0.01,
12:38:18:955,-0.71,0.48,3.11,-0.03,0.35,-0.01,
12:38:18:956,-0.71,0.48,3.11,-0.04,0.19,-0.01,
12:38:18:957,-0.19,-1.89,4.32,-0.04,0.19,-0.01,
12:38:18:962,-0.19,-1.89,4.32,-0.04,-0.05,-0.01,
12:38:18:963,-0.19,-1.89,4.32,-0.04,-0.05,-0.01,
12:38:18:963,-0.19,-1.89,4.32,-0.03,-0.23,0.00,
12:38:18:964,-0.28,-1.86,3.05,-0.03,-0.23,0.00,
12:38:18:964,-0.28,-1.86,3.05,-0.02,-0.28,0.02,
12:38:18:965,-0.29,-1.86,3.05,-0.02,-0.28,0.02,
12:38:18:968,-0.29,-1.86,3.05,-0.02,-0.22,0.03,
12:38:18:969,0.34,-0.35,2.78,-0.02,-0.22,0.03,
12:38:18:969,0.34,-0.35,2.78,-0.01,-0.10,0.04,
12:38:18:969,0.34,-0.35,2.78,-0.01,-0.10,0.04,
12:38:18:971,0.34,-0.35,2.78,-0.00,0.03,0.04,
12:38:18:972,0.28,-1.26,1.87,-0.00,0.03,0.04,
12:38:18:974,0.28,-1.26,1.87,-0.00,0.17,0.01,
12:38:18:975,0.28,-1.26,1.87,-0.00,0.17,0.01,
12:38:18:976,0.28,-1.26,1.87,-0.00,0.23,-0.03,
12:38:18:977,-0.11,-1.47,3.04,-0.00,0.23,-0.03,
12:38:18:979,-0.11,-1.47,3.04,-0.01,0.17,-0.04,
12:38:18:979,-0.11,-1.47,3.04,-0.01,0.17,-0.04,
12:38:18:982,-0.11,-1.47,3.04,-0.01,0.05,-0.05,
12:38:18:984,0.15,-0.76,4.13,-0.01,0.05,-0.05,
12:38:18:986,0.15,-0.76,4.13,-0.01,-0.04,-0.04,
12:38:18:986,0.15,-0.76,4.13,-0.01,-0.04,-0.04,
12:38:18:987,0.15,-0.76,4.13,0.01,-0.08,-0.02,
12:38:18:988,-0.60,-0.12,3.10,0.01,-0.08,-0.02,
12:38:18:990,-0.60,-0.12,3.10,0.03,-0.12,0.01,
12:38:18:991,-0.60,-0.12,3.11,0.03,-0.12,0.01,
12:38:18:992,-0.60,-0.12,3.11,0.04,-0.17,0.03,
12:38:18:993,0.61,-0.54,2.18,0.04,-0.17,0.03,
12:38:18:994,0.61,-0.54,2.18,0.04,-0.19,0.04,
12:38:18:994,0.61,-0.54,2.18,0.04,-0.19,0.04,
12:38:18:996,0.61,-0.54,2.18,0.02,-0.14,0.03,
12:38:18:997,1.48,-2.23,1.58,0.02,-0.14,0.03,
12:38:18:999,1.48,-2.23,1.58,-0.00,-0.01,0.01,
12:38:19:000,1.48,-2.23,1.58,-0.00,-0.01,0.01,
12:38:19:008,1.48,-2.23,1.58,-0.01,0.14,-0.03,
12:38:19:009,0.71,-0.88,1.88,-0.01,0.14,-0.03,
12:38:19:009,0.71,-0.88,1.88,-0.02,0.19,-0.05,
12:38:19:010,0.71,-0.88,1.88,-0.02,0.19,-0.05,
12:38:19:010,0.71,-0.88,1.88,-0.02,0.13,-0.07,
12:38:19:010,0.47,-2.27,2.67,-0.02,0.13,-0.07,
12:38:19:011,0.47,-2.27,2.67,-0.03,0.01,-0.06,
12:38:19:011,0.47,-2.27,2.67,-0.03,0.01,-0.06,
12:38:19:011,0.47,-2.27,2.67,-0.02,-0.09,-0.04,
12:38:19:012,-0.01,-1.52,2.06,-0.02,-0.09,-0.04,
12:38:19:014,-0.01,-1.52,2.06,-0.01,-0.08,-0.02,
12:38:19:015,-0.01,-1.52,2.06,-0.01,-0.08,-0.02,
12:38:19:016,-0.01,-1.52,2.06,-0.01,0.05,-0.00,
12:38:19:017,-0.53,0.11,3.02,-0.01,0.05,-0.00,
12:38:19:019,-0.53,0.11,3.02,-0.00,0.12,0.00,
12:38:19:019,-0.53,0.11,3.02,-0.00,0.12,0.00,
12:38:19:022,-0.53,0.11,3.02,-0.01,0.03,0.01,
12:38:19:023,0.86,-1.62,3.02,-0.01,0.03,0.01,
12:38:19:024,0.86,-1.62,3.02,0.00,-0.12,0.01,
12:38:19:024,0.86,-1.62,3.02,0.00,-0.12,0.01,
12:38:19:027,0.86,-1.62,3.02,0.01,-0.18,0.00,
12:38:19:028,0.07,-2.71,1.55,0.01,-0.18,0.00,
12:38:19:029,0.07,-2.71,1.55,-0.00,-0.06,-0.01,
12:38:19:030,0.07,-2.71,1.55,-0.00,-0.06,-0.01,
12:38:19:032,0.07,-2.71,1.55,-0.02,0.17,-0.02,
12:38:19:033,-0.81,-0.68,2.82,-0.02,0.17,-0.02,
12:38:19:035,-0.81,-0.68,2.82,-0.02,0.29,-0.02,
12:38:19:036,-0.81,-0.68,2.82,-0.02,0.29,-0.02,
12:38:19:036,-0.81,-0.68,2.82,-0.01,0.20,-0.03,
12:38:19:037,0.76,0.82,4.47,-0.01,0.20,-0.03,
12:38:19:039,0.76,0.82,4.47,-0.00,0.03,-0.03,
12:38:19:039,0.76,0.82,4.47,-0.00,0.03,-0.03,
12:38:19:041,0.76,0.82,4.47,-0.00,-0.13,-0.02,
12:38:19:042,0.65,-1.93,3.89,-0.00,-0.13,-0.02,
12:38:19:044,0.65,-1.93,3.89,-0.01,-0.22,-0.02,
12:38:19:052,0.65,-1.93,3.89,-0.01,-0.22,-0.02,
12:38:19:053,0.65,-1.93,3.89,-0.01,-0.20,-0.01,
12:38:19:054,-0.14,-1.28,2.56,-0.01,-0.20,-0.01,
12:38:19:054,-0.14,-1.28,2.56,0.01,-0.04,-0.01,
12:38:19:055,-0.14,-1.28,2.56,0.01,-0.04,-0.01,
12:38:19:056,-0.14,-1.28,2.56,0.03,0.13,-0.02,
12:38:19:057,0.02,0.15,2.53,0.03,0.13,-0.02,
12:38:19:058,0.02,0.15,2.53,0.03,0.19,-0.03,
12:38:19:058,0.03,0.15,2.53,0.03,0.19,-0.03,
12:38:19:059,0.03,0.15,2.53,0.03,0.12,-0.04,
12:38:19:059,1.62,-0.15,4.52,0.03,0.12,-0.04,
12:38:19:059,1.62,-0.15,4.52,0.03,0.01,-0.05,
12:38:19:060,1.62,-0.15,4.52,0.03,0.01,-0.05,
12:38:19:062,1.62,-0.15,4.52,0.04,-0.03,-0.05,
12:38:19:062,0.04,-0.92,2.85,0.04,-0.03,-0.05,
12:38:19:064,0.04,-0.92,2.85,0.04,-0.04,-0.05,
12:38:19:064,0.04,-0.92,2.85,0.04,-0.04,-0.05,
12:38:19:067,0.04,-0.92,2.85,0.04,-0.04,-0.04,
12:38:19:068,0.45,-0.20,2.69,0.04,-0.04,-0.04,
12:38:19:069,0.45,-0.20,2.69,0.05,-0.08,-0.02,
12:38:19:070,0.45,-0.20,2.69,0.05,-0.08,-0.02,
12:38:19:072,0.45,-0.20,2.69,0.06,-0.10,-0.01,
12:38:19:073,0.78,-0.94,1.63,0.06,-0.10,-0.01,
12:38:19:074,0.78,-0.94,1.63,0.05,-0.07,-0.01,
12:38:19:075,0.78,-0.94,1.63,0.05,-0.07,-0.01,
12:38:19:076,0.78,-0.94,1.63,0.04,0.04,-0.02,
12:38:19:077,0.36,-1.37,1.97,0.04,0.04,-0.02,
12:38:19:079,0.36,-1.37,1.97,0.02,0.15,-0.04,
12:38:19:079,0.36,-1.37,1.97,0.02,0.15,-0.04,
12:38:19:082,0.36,-1.37,1.97,-0.00,0.16,-0.06,
12:38:19:082,0.69,-0.98,3.03,-0.00,0.16,-0.06,
12:38:19:084,0.69,-0.98,3.03,-0.00,0.08,-0.06,
12:38:19:085,0.69,-0.98,3.03,-0.00,0.08,-0.06,
12:38:19:087,0.69,-0.98,3.03,0.00,-0.01,-0.06,
12:38:19:088,-0.06,-0.67,2.91,0.00,-0.01,-0.06,
12:38:19:089,-0.06,-0.67,2.91,0.00,-0.06,-0.04,
12:38:19:090,-0.06,-0.67,2.91,0.00,-0.06,-0.04,
12:38:19:092,-0.06,-0.67,2.91,0.00,-0.08,-0.02,
12:38:19:092,-0.21,-1.27,2.69,0.00,-0.08,-0.02,
12:38:19:094,-0.21,-1.27,2.69,0.01,-0.06,-0.00,
12:38:19:095,-0.21,-1.27,2.69,0.01,-0.06,-0.00,
12:38:19:097,-0.21,-1.27,2.69,0.01,-0.00,-0.00,
12:38:19:098,-0.50,-1.31,2.22,0.01,-0.00,-0.00,
12:38:19:099,-0.50,-1.31,2.22,0.01,0.07,-0.01,
12:38:19:100,-0.50,-1.31,2.22,0.01,0.07,-0.01,
12:38:19:108,-0.50,-1.31,2.22,0.00,0.11,-0.01,
12:38:19:109,0.45,-0.35,3.95,0.00,0.11,-0.01,
12:38:19:109,0.45,-0.35,3.95,0.02,0.07,-0.03,
12:38:19:110,0.45,-0.35,3.95,0.02,0.07,-0.03,
12:38:19:110,0.45,-0.35,3.95,0.03,0.02,-0.03,
12:38:19:110,-0.46,-0.37,3.18,0.03,0.02,-0.03,
12:38:19:111,-0.46,-0.37,3.18,0.04,-0.01,-0.03,
12:38:19:111,-0.46,-0.37,3.19,0.04,-0.01,-0.03,
12:38:19:112,-0.46,-0.37,3.19,0.04,-0.03,-0.02,
12:38:19:112,-0.02,-0.49,3.83,0.04,-0.03,-0.02,
12:38:19:114,-0.02,-0.49,3.83,0.04,-0.05,-0.01,
12:38:19:115,-0.02,-0.49,3.83,0.04,-0.05,-0.01,
12:38:19:116,-0.02,-0.49,3.83,0.05,-0.04,-0.00,
12:38:19:117,-0.11,0.10,3.31,0.05,-0.04,-0.00,
12:38:19:120,-0.11,0.10,3.31,0.05,-0.00,0.00,
12:38:19:121,-0.11,0.09,3.31,0.05,-0.00,0.00,
12:38:19:122,-0.11,0.09,3.31,0.04,0.01,0.00,
12:38:19:123,0.75,-0.42,3.52,0.04,0.01,0.00,
12:38:19:124,0.75,-0.42,3.52,0.04,-0.02,-0.00,
12:38:19:125,0.75,-0.42,3.52,0.04,-0.02,-0.00,
12:38:19:127,0.75,-0.42,3.52,0.04,-0.04,-0.01,
12:38:19:128,0.19,-1.20,2.88,0.04,-0.04,-0.01,
12:38:19:129,0.19,-1.20,2.88,0.04,-0.04,-0.02,
12:38:19:130,0.19,-1.20,2.88,0.04,-0.04,-0.02,
12:38:19:132,0.19,-1.20,2.88,0.05,-0.02,-0.03,
12:38:19:132,0.56,-0.08,2.94,0.05,-0.02,-0.03,
12:38:19:134,0.56,-0.08,2.94,0.06,0.02,-0.03,
12:38:19:135,0.56,-0.08,2.94,0.06,0.02,-0.03,
12:38:19:137,0.56,-0.08,2.94,0.06,0.04,-0.03,
12:38:19:139,0.86,0.24,3.33,0.06,0.04,-0.03,
12:38:19:140,0.86,0.24,3.33,0.06,0.01,-0.02,
12:38:19:140,0.86,0.24,3.34,0.06,0.01,-0.02,
12:38:19:142,0.86,0.24,3.34,0.06,-0.04,-0.01,
12:38:19:143,1.19,-0.58,3.06,0.06,-0.04,-0.01,
12:38:19:144,1.19,-0.58,3.06,0.06,-0.07,-0.01,
12:38:19:145,1.19,-0.58,3.07,0.06,-0.07,-0.01,
12:38:19:147,1.19,-0.58,3.07,0.05,-0.06,-0.01,
12:38:19:148,0.74,-0.98,2.28,0.05,-0.06,-0.01,
12:38:19:149,0.74,-0.98,2.28,0.05,-0.01,-0.02,
12:38:19:150,0.74,-0.98,2.28,0.05,-0.01,-0.02,
12:38:19:152,0.74,-0.98,2.28,0.06,0.08,-0.03,
12:38:19:153,0.31,0.68,2.72,0.06,0.08,-0.03,
12:38:19:154,0.31,0.68,2.72,0.06,0.15,-0.04,
12:38:19:155,0.31,0.68,2.72,0.06,0.15,-0.04,
12:38:19:156,0.31,0.68,2.72,0.06,0.09,-0.05,
12:38:19:157,1.14,-0.11,3.55,0.06,0.09,-0.05,
12:38:19:159,1.14,-0.11,3.55,0.06,-0.07,-0.04,
12:38:19:160,1.14,-0.11,3.55,0.06,-0.07,-0.04,
12:38:19:162,1.14,-0.11,3.55,0.06,-0.18,-0.03,
12:38:19:163,0.76,-1.39,2.30,0.06,-0.18,-0.03,
12:38:19:164,0.76,-1.39,2.30,0.05,-0.16,-0.02,
12:38:19:165,0.76,-1.40,2.30,0.05,-0.16,-0.02,
12:38:19:168,0.76,-1.40,2.30,0.04,-0.06,-0.02,
12:38:19:169,0.39,-1.20,1.97,0.04,-0.06,-0.02,
12:38:19:169,0.39,-1.20,1.97,0.04,0.03,-0.02,
12:38:19:177,0.39,-1.21,1.97,0.04,0.03,-0.02,
12:38:19:178,0.39,-1.21,1.97,0.06,0.08,-0.03,
12:38:19:178,0.18,-0.14,1.85,0.06,0.08,-0.03,
12:38:19:179,0.18,-0.14,1.85,0.07,0.09,-0.04,
12:38:19:179,0.18,-0.14,1.86,0.07,0.09,-0.04,
12:38:19:180,0.18,-0.14,1.86,0.06,0.09,-0.04,
12:38:19:180,0.02,-1.08,2.67,0.06,0.09,-0.04,
12:38:19:181,0.02,-1.08,2.67,0.05,0.10,-0.05,
12:38:19:182,0.02,-1.08,2.67,0.05,0.10,-0.05,
12:38:19:182,0.02,-1.08,2.67,0.03,0.07,-0.05,
12:38:19:183,0.02,-0.81,3.79,0.03,0.07,-0.05,
12:38:19:185,0.02,-0.81,3.79,0.03,-0.03,-0.03,
12:38:19:186,0.02,-0.81,3.79,0.03,-0.03,-0.03,
12:38:19:187,0.02,-0.81,3.79,0.04,-0.11,-0.01,
12:38:19:188,-0.13,-0.10,2.72,0.04,-0.11,-0.01,
12:38:19:189,-0.13,-0.10,2.72,0.05,-0.11,-0.01,
12:38:19:190,-0.13,-0.10,2.72,0.05,-0.11,-0.01,
12:38:19:192,-0.13,-0.10,2.72,0.05,-0.04,0.00,
12:38:19:192,-0.22,-0.31,2.65,0.05,-0.04,0.00,
12:38:19:194,-0.22,-0.31,2.65,0.05,0.02,-0.00,
12:38:19:195,-0.22,-0.31,2.65,0.05,0.02,-0.00,
12:38:19:197,-0.22,-0.31,2.65,0.05,0.06,-0.01,
12:38:19:197,0.03,-0.21,2.90,0.05,0.06,-0.01,
12:38:19:199,0.03,-0.21,2.90,0.05,0.05,-0.02,
12:38:19:200,0.04,-0.21,2.90,0.05,0.05,-0.02,
12:38:19:208,0.04,-0.21,2.90,0.03,0.02,-0.02,
12:38:19:208,1.15,0.25,4.07,0.03,0.02,-0.02,
12:38:19:209,1.15,0.25,4.07,0.03,-0.01,-0.02,
12:38:19:209,1.15,0.25,4.07,0.03,-0.01,-0.02,
12:38:19:209,1.15,0.25,4.07,0.03,-0.06,-0.03,
12:38:19:210,0.20,-0.62,2.68,0.03,-0.06,-0.03,
12:38:19:210,0.20,-0.62,2.68,0.06,-0.11,-0.03,
12:38:19:211,0.20,-0.62,2.69,0.06,-0.11,-0.03,
12:38:19:212,0.20,-0.62,2.69,0.07,-0.11,-0.02,
12:38:19:213,0.21,-0.79,2.05,0.07,-0.11,-0.02,
12:38:19:214,0.21,-0.79,2.05,0.06,-0.04,-0.01,
12:38:19:215,0.21,-0.79,2.05,0.06,-0.04,-0.01,
12:38:19:217,0.21,-0.79,2.05,0.06,0.03,-0.01,
12:38:19:218,1.36,0.22,2.77,0.06,0.03,-0.01,
12:38:19:219,1.36,0.22,2.77,0.05,0.04,-0.02,
12:38:19:221,1.36,0.22,2.77,0.05,0.04,-0.02,
12:38:19:222,1.36,0.22,2.77,0.05,0.02,-0.02,
12:38:19:223,1.47,0.11,3.22,0.05,0.02,-0.02,
12:38:19:224,1.47,0.11,3.22,0.05,-0.01,-0.03,
12:38:19:225,1.47,0.11,3.23,0.05,-0.01,-0.03,
12:38:19:227,1.47,0.11,3.23,0.05,-0.06,-0.04,
12:38:19:227,0.69,-1.72,1.65,0.05,-0.06,-0.04,
12:38:19:229,0.69,-1.72,1.65,0.05,-0.11,-0.04,
12:38:19:230,0.69,-1.72,1.65,0.05,-0.11,-0.04,
12:38:19:231,0.69,-1.72,1.65,0.06,-0.10,-0.03,
12:38:19:232,0.78,-0.63,1.61,0.06,-0.10,-0.03,
12:38:19:234,0.78,-0.63,1.61,0.06,-0.04,-0.03,
12:38:19:235,0.78,-0.63,1.61,0.06,-0.04,-0.03,
12:38:19:237,0.78,-0.63,1.61,0.06,0.06,-0.03,
12:38:19:238,0.55,0.07,1.90,0.06,0.06,-0.03,
12:38:19:239,0.55,0.07,1.90,0.04,0.15,-0.04,
12:38:19:240,0.55,0.07,1.90,0.04,0.15,-0.04,
12:38:19:242,0.55,0.07,1.90,0.02,0.15,-0.04,
12:38:19:243,0.74,-0.89,3.06,0.02,0.15,-0.04,
12:38:19:244,0.74,-0.89,3.06,0.01,0.07,-0.04,
12:38:19:245,0.74,-0.89,3.06,0.01,0.07,-0.04,
12:38:19:247,0.74,-0.89,3.06,-0.00,-0.03,-0.04,
12:38:19:248,-0.06,-1.58,2.76,-0.00,-0.03,-0.04,
12:38:19:249,-0.06,-1.58,2.76,-0.01,-0.09,-0.03,
12:38:19:250,-0.06,-1.58,2.76,-0.01,-0.09,-0.03,
12:38:19:252,-0.06,-1.58,2.76,-0.01,-0.13,-0.01,
12:38:19:253,0.29,-0.49,2.85,-0.01,-0.13,-0.01,
12:38:19:254,0.29,-0.49,2.85,0.01,-0.09,-0.00,
12:38:19:255,0.29,-0.49,2.85,0.01,-0.09,-0.00,
12:38:19:256,0.29,-0.49,2.85,0.03,0.03,-0.00,
12:38:19:257,-0.73,0.37,2.27,0.03,0.03,-0.00,
12:38:19:259,-0.73,0.37,2.27,0.04,0.13,-0.00,
12:38:19:260,-0.73,0.37,2.27,0.04,0.13,-0.00,
12:38:19:262,-0.73,0.37,2.27,0.03,0.12,-0.01,
12:38:19:263,0.53,-0.52,3.74,0.03,0.12,-0.01,
12:38:19:265,0.53,-0.52,3.74,0.03,0.02,-0.01,
12:38:19:266,0.53,-0.52,3.74,0.03,0.02,-0.01,
12:38:19:268,0.53,-0.52,3.74,0.03,-0.08,-0.02,
12:38:19:269,0.32,-0.11,3.41,0.03,-0.08,-0.02,
12:38:19:269,0.32,-0.11,3.41,0.03,-0.10,-0.02,
12:38:19:271,0.32,-0.11,3.42,0.03,-0.10,-0.02,
12:38:19:272,0.32,-0.11,3.42,0.03,-0.09,-0.01,
12:38:19:273,0.14,-0.17,3.12,0.03,-0.09,-0.01,
12:38:19:274,0.14,-0.17,3.12,0.04,-0.05,-0.01,
12:38:19:274,0.14,-0.17,3.12,0.04,-0.05,-0.01,
12:38:19:277,0.14,-0.17,3.12,0.06,-0.02,-0.00,
12:38:19:277,-0.10,0.39,2.08,0.06,-0.02,-0.00,
12:38:19:279,-0.10,0.39,2.08,0.06,0.03,-0.01,
12:38:19:280,-0.10,0.39,2.08,0.06,0.03,-0.01,
12:38:19:282,-0.10,0.39,2.08,0.04,0.06,-0.00,
12:38:19:282,0.96,-0.36,3.77,0.04,0.06,-0.00,
12:38:19:284,0.96,-0.36,3.77,0.02,0.05,-0.01,
12:38:19:285,0.96,-0.36,3.77,0.02,0.05,-0.01,
12:38:19:287,0.96,-0.36,3.77,0.03,-0.00,-0.02,
12:38:19:288,0.46,0.58,3.30,0.03,-0.00,-0.02,
12:38:19:289,0.46,0.58,3.30,0.03,-0.02,-0.02,
12:38:19:290,0.46,0.58,3.30,0.03,-0.02,-0.02,
12:38:19:291,0.46,0.58,3.30,0.02,-0.03,-0.01,
12:38:19:292,0.32,-0.36,3.23,0.02,-0.03,-0.01,
12:38:19:294,0.32,-0.36,3.23,0.03,-0.08,-0.01,
12:38:19:302,0.32,-0.36,3.23,0.03,-0.08,-0.01,
12:38:19:303,0.32,-0.36,3.23,0.04,-0.16,0.01,
12:38:19:304,0.89,-0.39,2.39,0.04,-0.16,0.01,
12:38:19:305,0.89,-0.39,2.39,0.05,-0.16,0.02,
12:38:19:306,0.89,-0.39,2.39,0.05,-0.16,0.02,
12:38:19:307,0.89,-0.39,2.39,0.05,-0.04,0.02,
12:38:19:308,0.59,-0.44,2.26,0.05,-0.04,0.02,
12:38:19:309,0.59,-0.44,2.26,0.04,0.10,0.00,
12:38:19:309,0.59,-0.44,2.26,0.04,0.10,0.00,
12:38:19:310,0.59,-0.44,2.26,0.04,0.13,-0.01,
12:38:19:310,0.88,-0.21,2.87,0.04,0.13,-0.01,
12:38:19:311,0.88,-0.21,2.87,0.04,0.04,-0.03,
12:38:19:311,0.88,-0.21,2.87,0.04,0.04,-0.03,
12:38:19:312,0.88,-0.21,2.87,0.04,-0.04,-0.03,
12:38:19:312,0.05,-1.10,2.35,0.04,-0.04,-0.03,
12:38:19:320,0.05,-1.10,2.35,0.05,-0.06,-0.03,
12:38:19:322,0.05,-1.10,2.36,0.05,-0.06,-0.03,
12:38:19:323,0.05,-1.10,2.36,0.04,-0.02,-0.02,
12:38:19:324,0.17,0.24,3.02,0.04,-0.02,-0.02,
12:38:19:325,0.17,0.24,3.02,0.03,-0.02,0.00,
12:38:19:327,0.17,0.24,3.03,0.03,-0.02,0.00,
12:38:19:328,0.17,0.24,3.03,0.02,-0.04,0.02,
12:38:19:328,0.12,-0.62,2.69,0.02,-0.04,0.02,
12:38:19:328,0.12,-0.62,2.69,0.01,-0.01,0.02,
12:38:19:329,0.12,-0.62,2.69,0.01,-0.01,0.02,
12:38:19:329,0.12,-0.62,2.69,0.00,0.03,0.01,
12:38:19:329,-0.25,-0.95,2.92,0.00,0.03,0.01,
12:38:19:330,-0.25,-0.95,2.92,0.00,0.04,0.00,
12:38:19:330,-0.25,-0.95,2.92,0.00,0.04,0.00,
12:38:19:331,-0.25,-0.95,2.92,0.01,0.00,-0.01,
12:38:19:332,-0.15,-0.03,3.52,0.01,0.00,-0.01,
12:38:19:334,-0.15,-0.03,3.52,0.02,-0.03,-0.01,
12:38:19:334,-0.15,-0.03,3.52,0.02,-0.03,-0.01,
12:38:19:337,-0.15,-0.03,3.52,0.03,-0.05,-0.00,
12:38:19:337,0.32,1.00,3.61,0.03,-0.05,-0.00,
12:38:19:339,0.32,1.00,3.61,0.04,-0.07,0.02,
12:38:19:340,0.32,1.00,3.61,0.04,-0.07,0.02,
12:38:19:341,0.32,1.00,3.61,0.04,-0.08,0.04,
12:38:19:342,1.08,1.01,3.90,0.04,-0.08,0.04,
12:38:19:344,1.08,1.01,3.90,0.04,-0.06,0.04,
12:38:19:344,1.08,1.01,3.90,0.04,-0.06,0.04,
12:38:19:347,1.08,1.01,3.90,0.04,0.02,0.03,
12:38:19:347,-0.47,-0.78,2.87,0.04,0.02,0.03,
12:38:19:349,-0.47,-0.78,2.87,0.03,0.13,0.01,
12:38:19:349,-0.47,-0.78,2.87,0.03,0.13,0.01,
12:38:19:351,-0.47,-0.78,2.87,0.03,0.19,-0.00,
12:38:19:352,-0.82,0.73,4.65,0.03,0.19,-0.00,
12:38:19:354,-0.82,0.73,4.65,0.04,0.14,-0.00,
12:38:19:355,-0.82,0.73,4.65,0.04,0.14,-0.00,
12:38:19:357,-0.82,0.73,4.65,0.05,-0.03,0.00,
12:38:19:357,0.04,0.84,5.21,0.05,-0.03,0.00,
12:38:19:359,0.04,0.84,5.21,0.07,-0.21,0.03,
12:38:19:359,0.03,0.84,5.22,0.07,-0.21,0.03,
12:38:19:362,0.03,0.84,5.22,0.09,-0.29,0.06,
12:38:19:363,0.14,1.08,3.46,0.09,-0.29,0.06,
12:38:19:364,0.14,1.08,3.46,0.09,-0.25,0.07,
12:38:19:366,0.14,1.08,3.46,0.09,-0.25,0.07,
12:38:19:368,0.14,1.08,3.46,0.10,-0.11,0.08,
12:38:19:369,0.20,0.45,2.17,0.10,-0.11,0.08,
12:38:19:369,0.20,0.45,2.17,0.10,-0.02,0.07,
12:38:19:371,0.20,0.45,2.17,0.10,-0.02,0.07,
12:38:19:372,0.20,0.45,2.17,0.10,-0.01,0.05,
12:38:19:373,1.07,-0.57,2.16,0.10,-0.01,0.05,
12:38:19:374,1.07,-0.57,2.16,0.09,-0.01,0.03,
12:38:19:374,1.07,-0.57,2.16,0.09,-0.01,0.03,
12:38:19:377,1.07,-0.57,2.16,0.08,0.02,0.00,
12:38:19:377,0.13,-0.50,2.13,0.08,0.02,0.00,
12:38:19:379,0.13,-0.50,2.13,0.08,0.07,-0.02,
12:38:19:379,0.13,-0.50,2.13,0.08,0.07,-0.02,
12:38:19:382,0.13,-0.50,2.13,0.08,0.08,-0.02,
12:38:19:382,-0.73,0.76,2.72,0.08,0.08,-0.02,
12:38:19:385,-0.73,0.76,2.72,0.07,0.02,0.00,
12:38:19:386,-0.73,0.76,2.72,0.07,0.02,0.00,
12:38:19:387,-0.73,0.76,2.72,0.06,-0.09,0.03,
12:38:19:388,0.31,-0.15,2.94,0.06,-0.09,0.03,
12:38:19:389,0.31,-0.15,2.94,0.04,-0.19,0.06,
12:38:19:389,0.31,-0.15,2.94,0.04,-0.19,0.06,
12:38:19:392,0.31,-0.15,2.94,0.02,-0.24,0.07,
12:38:19:392,1.07,-1.73,2.30,0.02,-0.24,0.07,
12:38:19:394,1.07,-1.73,2.30,0.00,-0.24,0.07,
12:38:19:395,1.06,-1.73,2.30,0.00,-0.24,0.07,
12:38:19:397,1.06,-1.73,2.30,-0.01,-0.19,0.05,
12:38:19:398,2.06,-0.49,1.85,-0.01,-0.19,0.05,
12:38:19:399,2.06,-0.49,1.85,-0.01,-0.06,0.03,
12:38:19:400,2.05,-0.49,1.85,-0.01,-0.06,0.03,
12:38:19:408,2.05,-0.49,1.85,-0.01,0.11,-0.00,
12:38:19:408,2.10,0.78,3.03,-0.01,0.11,-0.00,
12:38:19:409,2.10,0.78,3.03,-0.01,0.23,-0.03,
12:38:19:409,2.10,0.78,3.03,-0.01,0.23,-0.03,
12:38:19:409,2.10,0.78,3.03,-0.00,0.25,-0.06,
12:38:19:410,1.00,1.32,4.65,-0.00,0.25,-0.06,
12:38:19:410,1.00,1.32,4.65,0.01,0.18,-0.07,
12:38:19:411,1.00,1.32,4.65,0.01,0.18,-0.07,
12:38:19:411,1.00,1.32,4.65,0.03,0.07,-0.07,
12:38:19:412,0.36,1.29,5.50,0.03,0.07,-0.07,
12:38:19:414,0.36,1.29,5.50,0.04,-0.05,-0.05,
12:38:19:415,0.36,1.29,5.50,0.04,-0.05,-0.05,
12:38:19:419,0.36,1.29,5.50,0.05,-0.14,-0.02,
12:38:19:420,0.87,2.14,5.50,0.05,-0.14,-0.02,
12:38:19:421,0.87,2.14,5.50,0.06,-0.16,0.01,
12:38:19:428,0.87,2.14,5.50,0.06,-0.16,0.01,
12:38:19:428,0.87,2.14,5.50,0.07,-0.13,0.02,
12:38:19:429,1.60,2.21,4.63,0.07,-0.13,0.02,
12:38:19:429,1.60,2.21,4.63,0.08,-0.05,0.02,
12:38:19:430,1.60,2.21,4.63,0.08,-0.05,0.02,
12:38:19:431,1.60,2.21,4.63,0.09,0.02,-0.00,
12:38:19:431,0.89,0.47,3.21,0.09,0.02,-0.00,
12:38:19:432,0.89,0.47,3.21,0.11,0.04,-0.03,
12:38:19:432,0.89,0.47,3.21,0.11,0.04,-0.03,
12:38:19:433,0.89,0.47,3.21,0.12,0.03,-0.07,
12:38:19:434,0.46,-0.18,2.84,0.12,0.03,-0.07,
12:38:19:434,0.46,-0.18,2.84,0.13,0.00,-0.08,
12:38:19:435,0.46,-0.18,2.85,0.13,0.00,-0.08,
12:38:19:437,0.46,-0.18,2.85,0.14,-0.02,-0.08,
12:38:19:439,-0.18,-0.56,1.99,0.14,-0.02,-0.08,
12:38:19:439,-0.18,-0.56,1.99,0.14,-0.05,-0.07,
12:38:19:440,-0.18,-0.56,2.00,0.14,-0.05,-0.07,
12:38:19:441,-0.18,-0.56,2.00,0.14,-0.12,-0.05,
12:38:19:442,0.41,-1.56,0.92,0.14,-0.12,-0.05,
12:38:19:444,0.41,-1.56,0.92,0.13,-0.20,-0.03,
12:38:19:445,0.41,-1.56,0.93,0.13,-0.20,-0.03,
12:38:19:447,0.41,-1.56,0.93,0.10,-0.22,-0.02,
12:38:19:447,1.40,-3.25,0.77,0.10,-0.22,-0.02,
12:38:19:449,1.40,-3.25,0.77,0.07,-0.17,-0.01,
12:38:19:450,1.40,-3.25,0.77,0.07,-0.17,-0.01,
12:38:19:452,1.40,-3.25,0.77,0.05,-0.10,-0.02,
12:38:19:452,0.12,-3.99,-1.21,0.05,-0.10,-0.02,
12:38:19:454,0.12,-3.99,-1.21,0.05,-0.02,-0.02,
12:38:19:455,0.12,-3.99,-1.21,0.05,-0.02,-0.02,
12:38:19:457,0.12,-3.99,-1.21,0.05,0.08,-0.03,
12:38:19:457,0.21,-0.55,-0.14,0.05,0.08,-0.03,
12:38:19:459,0.21,-0.55,-0.14,0.04,0.24,-0.03,
12:38:19:460,0.21,-0.55,-0.14,0.04,0.24,-0.03,
12:38:19:462,0.21,-0.55,-0.14,0.01,0.38,-0.04,
12:38:19:462,-1.04,-0.15,1.97,0.01,0.38,-0.04,
12:38:19:464,-1.04,-0.15,1.97,-0.02,0.41,-0.03,
12:38:19:466,-1.04,-0.15,1.97,-0.02,0.41,-0.03,
12:38:19:469,-1.04,-0.15,1.97,-0.06,0.30,-0.02,
12:38:19:471,-2.11,-2.02,3.15,-0.06,0.30,-0.02,
12:38:19:471,-2.11,-2.02,3.15,-0.07,0.06,0.01,
12:38:19:472,-2.11,-2.02,3.15,-0.07,0.06,0.01,
12:38:19:473,-2.11,-2.02,3.15,-0.07,-0.21,0.04,
12:38:19:474,-0.90,-1.70,2.30,-0.07,-0.21,0.04,
12:38:19:475,-0.90,-1.70,2.30,-0.04,-0.39,0.07,
12:38:19:475,-0.91,-1.70,2.30,-0.04,-0.39,0.07,
12:38:19:477,-0.91,-1.70,2.30,-0.02,-0.44,0.08,
12:38:19:477,-0.48,-1.68,0.62,-0.02,-0.44,0.08,
12:38:19:479,-0.48,-1.68,0.62,0.00,-0.34,0.08,
12:38:19:480,-0.48,-1.68,0.62,0.00,-0.34,0.08,
12:38:19:482,-0.48,-1.68,0.62,0.01,-0.10,0.07,
12:38:19:482,0.66,1.89,1.99,0.01,-0.10,0.07,
12:38:19:484,0.66,1.89,1.99,0.00,0.15,0.04,
12:38:19:485,0.66,1.89,1.99,0.00,0.15,0.04,
12:38:19:487,0.66,1.89,1.99,-0.02,0.27,0.02,
12:38:19:488,1.11,-0.85,3.19,-0.02,0.27,0.02,
12:38:19:489,1.11,-0.85,3.19,-0.03,0.22,-0.01,
12:38:19:489,1.11,-0.85,3.19,-0.03,0.22,-0.01,
12:38:19:492,1.11,-0.85,3.19,-0.04,0.07,-0.03,
12:38:19:492,0.20,-1.76,3.19,-0.04,0.07,-0.03,
12:38:19:494,0.20,-1.76,3.19,-0.04,-0.11,-0.03,
12:38:19:494,0.20,-1.76,3.19,-0.04,-0.11,-0.03,
12:38:19:497,0.20,-1.76,3.19,-0.03,-0.21,-0.02,
12:38:19:498,1.18,-0.02,3.77,-0.03,-0.21,-0.02,
12:38:19:499,1.18,-0.02,3.77,-0.03,-0.21,-0.00,
12:38:19:500,1.18,-0.02,3.77,-0.03,-0.21,-0.00,
12:38:19:508,1.18,-0.02,3.77,-0.02,-0.14,0.02,
12:38:19:509,1.36,-0.48,2.87,-0.02,-0.14,0.02,
12:38:19:510,1.36,-0.48,2.87,-0.02,-0.09,0.02,
12:38:19:510,1.36,-0.48,2.87,-0.02,-0.09,0.02,
12:38:19:510,1.36,-0.48,2.87,-0.01,-0.05,0.01,
12:38:19:511,1.53,-2.29,2.46,-0.01,-0.05,0.01,
12:38:19:511,1.53,-2.29,2.46,-0.03,0.03,-0.00,
12:38:19:511,1.53,-2.29,2.46,-0.03,0.03,-0.00,
12:38:19:511,1.53,-2.29,2.46,-0.03,0.10,-0.03,
12:38:19:512,1.09,-1.90,2.45,-0.03,0.10,-0.03,
12:38:19:514,1.09,-1.90,2.45,-0.01,0.07,-0.05,
12:38:19:515,1.09,-1.90,2.45,-0.01,0.07,-0.05,
12:38:19:516,1.09,-1.90,2.45,0.03,-0.01,-0.05,
12:38:19:517,0.58,-0.44,1.55,0.03,-0.01,-0.05,
12:38:19:519,0.58,-0.44,1.55,0.05,-0.08,-0.04,
12:38:19:520,0.59,-0.44,1.55,0.05,-0.08,-0.04,
12:38:19:522,0.59,-0.44,1.55,0.06,-0.12,-0.03,
12:38:19:522,1.76,0.42,1.39,0.06,-0.12,-0.03,
12:38:19:524,1.76,0.42,1.39,0.06,-0.14,-0.02,
12:38:19:524,1.76,0.42,1.39,0.06,-0.14,-0.02,
12:38:19:527,1.76,0.42,1.39,0.08,-0.12,-0.01,
12:38:19:528,0.63,-0.27,-0.92,0.08,-0.12,-0.01,
12:38:19:529,0.63,-0.27,-0.92,0.08,-0.08,-0.01,
12:38:19:530,0.63,-0.27,-0.92,0.08,-0.08,-0.01,
12:38:19:532,0.63,-0.27,-0.92,0.07,-0.05,-0.01,
12:38:19:532,0.78,-1.86,-1.38,0.07,-0.05,-0.01,
12:38:19:534,0.78,-1.86,-1.38,0.04,-0.02,-0.01,
12:38:19:535,0.78,-1.86,-1.38,0.04,-0.02,-0.01,
12:38:19:537,0.78,-1.86,-1.38,0.01,0.02,-0.02,
12:38:19:537,0.61,-1.78,-1.11,0.01,0.02,-0.02,
12:38:19:539,0.61,-1.78,-1.11,-0.03,0.10,-0.03,
12:38:19:540,0.61,-1.78,-1.11,-0.03,0.10,-0.03,
12:38:19:542,0.61,-1.78,-1.11,-0.07,0.17,-0.04,
12:38:19:542,-0.39,-1.68,-0.23,-0.07,0.17,-0.04,
12:38:19:545,-0.39,-1.68,-0.23,-0.11,0.18,-0.03,
12:38:19:552,-0.39,-1.68,-0.23,-0.11,0.18,-0.03,
12:38:19:553,-0.39,-1.68,-0.23,-0.16,0.11,-0.02,
12:38:19:554,0.32,-3.21,1.37,-0.16,0.11,-0.02,
12:38:19:555,0.32,-3.21,1.37,-0.21,-0.02,0.00,
12:38:19:556,0.32,-3.21,1.37,-0.21,-0.02,0.00,
12:38:19:557,0.32,-3.21,1.37,-0.24,-0.14,0.01,
12:38:19:559,0.06,-4.59,0.94,-0.24,-0.14,0.01,
12:38:19:560,0.06,-4.59,0.94,-0.25,-0.16,0.02,
12:38:19:560,0.06,-4.59,0.94,-0.25,-0.16,0.02,
12:38:19:561,0.06,-4.59,0.94,-0.25,-0.08,0.02,
12:38:19:561,-0.77,-2.75,1.94,-0.25,-0.08,0.02,
12:38:19:562,-0.77,-2.75,1.94,-0.26,0.10,0.02,
12:38:19:564,-0.77,-2.75,1.94,-0.26,0.27,0.02,
12:38:19:564,-1.37,-1.78,3.81,-0.26,0.27,0.02,
12:38:19:564,-1.37,-1.78,3.80,-0.26,0.27,0.02,
12:38:19:565,-1.37,-1.78,3.80,-0.25,0.31,0.02,
12:38:19:565,-1.37,-1.78,3.80,-0.25,0.31,0.02,
12:38:19:567,-1.37,-1.78,3.80,-0.22,0.21,0.02,
12:38:19:568,-0.89,-2.80,6.03,-0.22,0.21,0.02,
12:38:19:569,-0.89,-2.80,6.03,-0.18,-0.02,0.01,
12:38:19:570,-0.89,-2.80,6.02,-0.18,-0.02,0.01,
12:38:19:572,-0.89,-2.80,6.02,-0.12,-0.27,0.02,
12:38:19:573,-0.27,-3.26,4.70,-0.12,-0.27,0.02,
12:38:19:574,-0.27,-3.26,4.70,-0.06,-0.41,0.03,
12:38:19:574,-0.27,-3.26,4.70,-0.06,-0.41,0.03,
12:38:19:576,-0.27,-3.26,4.70,0.00,-0.41,0.03,
12:38:19:577,-0.67,-4.23,1.70,0.00,-0.41,0.03,
12:38:19:579,-0.67,-4.23,1.70,0.05,-0.28,0.04,
12:38:19:579,-0.67,-4.23,1.70,0.05,-0.28,0.04,
12:38:19:582,-0.67,-4.23,1.70,0.09,-0.08,0.03,
12:38:19:582,1.02,-0.13,1.42,0.09,-0.08,0.03,
12:38:19:584,1.02,-0.13,1.42,0.12,0.07,0.02,
12:38:19:585,1.02,-0.13,1.42,0.12,0.07,0.02,
12:38:19:587,1.02,-0.13,1.42,0.13,0.13,0.00,
12:38:19:588,3.00,1.49,2.40,0.13,0.13,0.00,
12:38:19:589,3.00,1.49,2.40,0.12,0.15,-0.02,
12:38:19:590,3.01,1.49,2.41,0.12,0.15,-0.02,
12:38:19:592,3.01,1.49,2.41,0.10,0.08,-0.04,
12:38:19:592,0.95,-2.08,0.62,0.10,0.08,-0.04,
12:38:19:594,0.95,-2.08,0.62,0.08,-0.03,-0.05,
12:38:19:595,0.95,-2.08,0.63,0.08,-0.03,-0.05,
12:38:19:597,0.95,-2.08,0.63,0.06,-0.15,-0.04,
12:38:19:597,1.14,-2.42,-0.45,0.06,-0.15,-0.04,
12:38:19:599,1.14,-2.42,-0.45,0.03,-0.21,-0.03,
12:38:19:600,1.14,-2.42,-0.45,0.03,-0.21,-0.03,
12:38:19:609,1.14,-2.42,-0.45,0.00,-0.15,-0.02,
12:38:19:610,1.44,0.48,0.38,0.00,-0.15,-0.02,
12:38:19:611,1.44,0.48,0.38,-0.03,0.02,-0.02,
12:38:19:612,1.44,0.48,0.38,-0.03,0.02,-0.02,
12:38:19:613,1.44,0.48,0.38,-0.07,0.20,-0.02,
12:38:19:613,-0.42,-1.20,0.48,-0.07,0.20,-0.02,
12:38:19:614,-0.42,-1.20,0.48,-0.12,0.27,-0.01,
12:38:19:615,-0.42,-1.20,0.47,-0.12,0.27,-0.01,
12:38:19:615,-0.42,-1.20,0.47,-0.16,0.22,-0.01,
12:38:19:616,0.07,-1.78,2.64,-0.16,0.22,-0.01,
12:38:19:617,0.07,-1.78,2.64,-0.19,0.08,-0.01,
12:38:19:617,0.07,-1.78,2.63,-0.19,0.08,-0.01,
12:38:19:617,0.07,-1.78,2.63,-0.21,-0.09,0.01,
12:38:19:618,-0.51,-3.20,1.91,-0.21,-0.09,0.01,
12:38:19:619,-0.51,-3.20,1.91,-0.20,-0.21,0.02,
12:38:19:620,-0.52,-3.19,1.90,-0.20,-0.21,0.02,
12:38:19:622,-0.52,-3.19,1.90,-0.18,-0.27,0.04,
12:38:19:622,0.35,-1.29,2.26,-0.18,-0.27,0.04,
12:38:19:624,0.35,-1.29,2.26,-0.16,-0.24,0.06,
12:38:19:625,0.35,-1.29,2.26,-0.16,-0.24,0.06,
12:38:19:627,0.35,-1.29,2.26,-0.15,-0.11,0.06,
12:38:19:628,0.59,-0.99,2.83,-0.15,-0.11,0.06,
12:38:19:629,0.59,-0.99,2.83,-0.14,0.04,0.05,
12:38:19:631,0.59,-0.98,2.83,-0.14,0.04,0.05,
12:38:19:632,0.59,-0.98,2.83,-0.12,0.10,0.04,
12:38:19:634,-0.48,-3.19,2.25,-0.12,0.10,0.04,
12:38:19:640,-0.48,-3.19,2.25,-0.10,0.11,0.03,
12:38:19:641,-0.48,-3.19,2.25,-0.10,0.11,0.03,
12:38:19:643,-0.48,-3.19,2.25,-0.07,0.11,0.02,
12:38:19:645,-0.86,-2.30,3.95,-0.07,0.11,0.02,
12:38:19:646,-0.86,-2.30,3.95,-0.05,0.07,0.02,
12:38:19:646,-0.86,-2.30,3.95,-0.05,0.07,0.02,
12:38:19:647,-0.86,-2.30,3.95,-0.01,-0.02,0.03,
12:38:19:647,0.21,-0.63,4.45,-0.01,-0.02,0.03,
12:38:19:648,0.21,-0.63,4.45,0.02,-0.15,0.04,
12:38:19:648,0.21,-0.63,4.45,0.02,-0.15,0.04,
12:38:19:649,0.21,-0.63,4.45,0.03,-0.26,0.05,
12:38:19:650,0.94,-1.99,2.97,0.03,-0.26,0.05,
12:38:19:651,0.94,-1.99,2.97,0.04,-0.29,0.05,
12:38:19:652,0.94,-1.99,2.97,0.04,-0.29,0.05,
12:38:19:653,0.94,-1.99,2.97,0.03,-0.24,0.04,
12:38:19:654,1.10,-3.73,1.51,0.03,-0.24,0.04,
12:38:19:655,1.10,-3.73,1.51,0.02,-0.10,0.02,
12:38:19:655,1.10,-3.73,1.51,0.02,-0.10,0.02,
12:38:19:657,1.10,-3.73,1.51,0.02,0.04,0.01,
12:38:19:658,0.91,-1.66,1.00,0.02,0.04,0.01,
12:38:19:659,0.91,-1.66,1.00,0.03,0.12,-0.01,
12:38:19:660,0.91,-1.66,1.00,0.03,0.12,-0.01,
12:38:19:662,0.91,-1.66,1.00,0.04,0.15,-0.03,
12:38:19:662,2.06,1.33,2.66,0.04,0.15,-0.03,
12:38:19:665,2.06,1.33,2.66,0.03,0.12,-0.04,
12:38:19:666,2.06,1.33,2.66,0.03,0.12,-0.04,
12:38:19:668,2.06,1.33,2.66,0.02,0.08,-0.04,
12:38:19:669,1.06,-0.52,2.67,0.02,0.08,-0.04,
12:38:19:670,1.06,-0.52,2.67,0.01,0.01,-0.03,
12:38:19:676,1.06,-0.52,2.68,0.01,0.01,-0.03,
12:38:19:677,1.06,-0.52,2.68,0.02,-0.08,-0.02,
12:38:19:678,0.38,0.06,1.69,0.02,-0.08,-0.02,
12:38:19:679,0.38,0.06,1.69,0.02,-0.14,0.00,
12:38:19:680,0.38,0.06,1.70,0.02,-0.14,0.00,
12:38:19:681,0.38,0.06,1.70,0.01,-0.14,0.01,
12:38:19:682,0.46,-1.15,1.64,0.01,-0.14,0.01,
12:38:19:683,0.46,-1.15,1.64,-0.00,-0.06,0.01,
12:38:19:684,0.46,-1.15,1.64,-0.00,-0.06,0.01,
12:38:19:684,0.46,-1.15,1.64,-0.02,0.05,0.01,
12:38:19:685,0.56,-0.03,2.14,-0.02,0.05,0.01,
12:38:19:686,0.56,-0.03,2.14,-0.03,0.09,0.00,
12:38:19:687,0.56,-0.03,2.14,-0.03,0.09,0.00,
12:38:19:688,0.56,-0.03,2.14,-0.05,0.07,-0.00,
12:38:19:688,1.55,-0.14,3.98,-0.05,0.07,-0.00,
12:38:19:689,1.55,-0.14,3.98,-0.07,-0.00,-0.01,
12:38:19:690,1.55,-0.14,3.98,-0.07,-0.00,-0.01,
12:38:19:691,1.55,-0.14,3.98,-0.07,-0.09,-0.01,
12:38:19:693,0.64,-1.43,2.89,-0.07,-0.09,-0.01,
12:38:19:694,0.64,-1.43,2.89,-0.06,-0.17,-0.01,
12:38:19:694,0.64,-1.43,2.89,-0.06,-0.17,-0.01,
12:38:19:696,0.64,-1.43,2.89,-0.04,-0.18,0.00,
12:38:19:697,0.07,-2.29,2.11,-0.04,-0.18,0.00,
12:38:19:699,0.07,-2.29,2.11,-0.02,-0.12,0.01,
12:38:19:700,0.07,-2.29,2.11,-0.02,-0.12,0.01,
12:38:19:706,0.07,-2.29,2.11,-0.01,0.00,0.01,
12:38:19:706,0.50,-1.08,3.06,-0.01,0.00,0.01,
12:38:19:707,0.50,-1.08,3.06,0.00,0.10,0.01,
12:38:19:707,0.50,-1.08,3.06,0.00,0.10,0.01,
12:38:19:707,0.50,-1.08,3.06,0.02,0.11,-0.00,
12:38:19:708,0.27,-1.38,3.27,0.02,0.11,-0.00,
12:38:19:709,0.27,-1.38,3.27,0.04,0.07,-0.02,
12:38:19:710,0.27,-1.38,3.27,0.04,0.07,-0.02,
12:38:19:711,0.27,-1.38,3.27,0.05,0.02,-0.02,
12:38:19:712,0.14,-0.76,4.06,0.05,0.02,-0.02,
12:38:19:714,0.14,-0.76,4.06,0.04,-0.02,-0.02,
12:38:19:715,0.14,-0.77,4.06,0.04,-0.02,-0.02,
12:38:19:717,0.14,-0.77,4.06,0.04,-0.06,-0.01,
12:38:19:717,-0.08,-1.51,3.42,0.04,-0.06,-0.01,
12:38:19:719,-0.08,-1.51,3.42,0.05,-0.12,0.01,
12:38:19:720,-0.08,-1.51,3.42,0.05,-0.12,0.01,
12:38:19:722,-0.08,-1.51,3.42,0.07,-0.19,0.04,
12:38:19:723,0.57,-1.07,2.29,0.07,-0.19,0.04,
12:38:19:724,0.57,-1.07,2.29,0.08,-0.21,0.04,
12:38:19:725,0.57,-1.07,2.30,0.08,-0.21,0.04,
12:38:19:727,0.57,-1.07,2.30,0.08,-0.13,0.04,
12:38:19:728,1.42,-0.77,1.88,0.08,-0.13,0.04,
12:38:19:729,1.42,-0.77,1.88,0.08,-0.02,0.03,
12:38:19:730,1.42,-0.77,1.88,0.08,-0.02,0.03,
12:38:19:732,1.42,-0.77,1.88,0.08,0.04,-0.00,
12:38:19:732,1.41,-1.38,1.05,0.08,0.04,-0.00,
12:38:19:734,1.41,-1.38,1.05,0.08,0.01,-0.03,
12:38:19:735,1.41,-1.38,1.05,0.08,0.01,-0.03,
12:38:19:737,1.41,-1.38,1.05,0.08,-0.04,-0.04,
12:38:19:737,1.75,-1.15,1.37,0.08,-0.04,-0.04,
12:38:19:739,1.75,-1.15,1.37,0.07,-0.06,-0.04,
12:38:19:740,1.75,-1.15,1.37,0.07,-0.06,-0.04,
12:38:19:741,1.75,-1.15,1.37,0.06,-0.02,-0.04,
12:38:19:742,1.02,-1.06,1.25,0.06,-0.02,-0.04,
12:38:19:744,1.02,-1.06,1.25,0.04,0.05,-0.04,
12:38:19:745,1.02,-1.06,1.25,0.04,0.05,-0.04,
12:38:19:747,1.02,-1.06,1.25,0.03,0.04,-0.03,
12:38:19:748,0.83,-1.40,1.02,0.03,0.04,-0.03,
12:38:19:749,0.83,-1.40,1.02,0.03,-0.04,-0.02,
12:38:19:750,0.83,-1.40,1.02,0.03,-0.04,-0.02,
12:38:19:752,0.83,-1.40,1.02,0.02,-0.10,-0.01,
12:38:19:753,1.36,-2.00,1.45,0.02,-0.10,-0.01,
12:38:19:754,1.36,-2.00,1.45,-0.00,-0.08,-0.02,
12:38:19:755,1.36,-2.00,1.45,-0.00,-0.08,-0.02,
12:38:19:757,1.36,-2.00,1.45,-0.01,0.00,-0.02,
12:38:19:757,0.53,-1.11,1.48,-0.01,0.00,-0.02,
12:38:19:759,0.53,-1.11,1.48,-0.02,0.09,-0.03,
12:38:19:760,0.53,-1.11,1.48,-0.02,0.09,-0.03,
12:38:19:762,0.53,-1.11,1.48,-0.01,0.15,-0.04,
12:38:19:762,0.52,1.03,2.77,-0.01,0.15,-0.04,
12:38:19:765,0.52,1.03,2.77,-0.01,0.16,-0.04,
12:38:19:767,0.52,1.03,2.77,-0.01,0.16,-0.04,
12:38:19:768,0.52,1.03,2.77,-0.03,0.09,-0.04,
12:38:19:769,0.36,-1.23,3.58,-0.03,0.09,-0.04,
12:38:19:769,0.36,-1.23,3.58,-0.03,-0.03,-0.03,
12:38:19:770,0.36,-1.23,3.58,-0.03,-0.03,-0.03,
12:38:19:772,0.36,-1.23,3.58,-0.02,-0.15,-0.02,
12:38:19:773,-0.27,-2.55,2.06,-0.02,-0.15,-0.02,
12:38:19:774,-0.27,-2.55,2.06,-0.00,-0.24,-0.00,
12:38:19:775,-0.27,-2.55,2.06,-0.00,-0.24,-0.00,
12:38:19:776,-0.27,-2.55,2.06,0.01,-0.24,0.01,
12:38:19:777,0.83,-1.14,2.32,0.01,-0.24,0.01,
12:38:19:779,0.83,-1.14,2.32,0.03,-0.11,0.02,
12:38:19:780,0.83,-1.14,2.32,0.03,-0.11,0.02,
12:38:19:782,0.83,-1.14,2.32,0.05,0.07,0.01,
12:38:19:783,0.23,0.16,1.78,0.05,0.07,0.01,
12:38:19:784,0.23,0.16,1.78,0.06,0.19,-0.01,
12:38:19:785,0.24,0.16,1.78,0.06,0.19,-0.01,
12:38:19:787,0.24,0.16,1.78,0.06,0.23,-0.03,
12:38:19:788,0.39,-1.07,3.32,0.06,0.23,-0.03,
12:38:19:789,0.39,-1.07,3.32,0.05,0.13,-0.04,
12:38:19:789,0.39,-1.07,3.32,0.05,0.13,-0.04,
12:38:19:792,0.39,-1.07,3.32,0.04,-0.06,-0.04,
12:38:19:792,0.46,-2.34,2.42,0.04,-0.06,-0.04,
12:38:19:794,0.46,-2.34,2.42,0.05,-0.23,-0.02,
12:38:19:801,0.46,-2.34,2.43,0.05,-0.23,-0.02,
12:38:19:802,0.46,-2.34,2.43,0.06,-0.30,-0.01,
12:38:19:802,0.22,-2.90,0.72,0.06,-0.30,-0.01,
12:38:19:803,0.22,-2.90,0.72,0.06,-0.27,0.01,
12:38:19:804,0.22,-2.90,0.73,0.06,-0.27,0.01,
12:38:19:804,0.22,-2.90,0.73,0.05,-0.13,0.02,
12:38:19:804,1.42,-0.40,1.15,0.05,-0.13,0.02,
12:38:19:806,1.42,-0.40,1.15,0.04,0.03,0.02,
12:38:19:806,1.42,-0.40,1.15,0.04,0.03,0.02,
12:38:19:811,1.42,-0.40,1.15,0.04,0.13,0.00,
12:38:19:812,1.22,-0.57,1.19,0.04,0.13,0.00,
12:38:19:812,1.22,-0.57,1.19,0.02,0.21,-0.03,
12:38:19:813,1.22,-0.57,1.19,0.02,0.21,-0.03,
12:38:19:813,1.22,-0.57,1.19,-0.00,0.22,-0.04,
12:38:19:813,0.02,-1.74,2.30,-0.00,0.22,-0.04,
12:38:19:814,0.02,-1.74,2.30,-0.01,0.15,-0.05,
12:38:19:815,0.02,-1.74,2.30,-0.01,0.15,-0.05,
12:38:19:829,0.02,-1.74,2.30,-0.01,-0.01,-0.04,
12:38:19:830,0.64,-0.62,2.60,-0.01,-0.01,-0.04,
12:38:19:830,0.64,-0.62,2.60,-0.01,-0.19,-0.02,
12:38:19:831,0.64,-0.62,2.59,-0.01,-0.19,-0.02,
12:38:19:831,0.64,-0.62,2.59,-0.01,-0.29,-0.00,
12:38:19:832,1.62,-0.88,1.68,-0.01,-0.29,-0.00,
12:38:19:832,1.62,-0.88,1.68,0.00,-0.31,0.01,
12:38:19:833,1.61,-0.88,1.68,0.00,-0.31,0.01,
12:38:19:834,1.61,-0.88,1.68,0.02,-0.22,0.01,
12:38:19:834,1.33,0.15,0.47,0.02,-0.22,0.01,
12:38:19:835,1.33,0.15,0.47,0.03,-0.03,0.00,
12:38:19:835,1.33,0.15,0.47,0.03,-0.03,0.00,
12:38:19:836,1.33,0.15,0.47,0.03,0.14,-0.01,
12:38:19:837,0.16,-1.21,0.27,0.03,0.14,-0.01,
12:38:19:838,0.16,-1.21,0.27,0.02,0.23,-0.02,
12:38:19:839,0.16,-1.21,0.27,0.02,0.23,-0.02,
12:38:19:839,0.16,-1.21,0.27,0.01,0.26,-0.03,
12:38:19:840,-0.09,-1.45,2.27,0.01,0.26,-0.03,
12:38:19:840,-0.09,-1.45,2.27,-0.02,0.20,-0.03,
12:38:19:841,-0.08,-1.45,2.27,-0.02,0.20,-0.03,
12:38:19:842,-0.08,-1.45,2.27,-0.03,0.03,-0.02,
12:38:19:843,0.91,-1.10,3.07,-0.03,0.03,-0.02,
12:38:19:844,0.91,-1.10,3.07,-0.03,-0.16,-0.01,
12:38:19:844,0.91,-1.10,3.07,-0.03,-0.16,-0.01,
12:38:19:847,0.91,-1.10,3.07,-0.04,-0.28,0.01,
12:38:19:848,0.98,-2.37,2.04,-0.04,-0.28,0.01,
12:38:19:849,0.98,-2.37,2.04,-0.04,-0.30,0.02,
12:38:19:850,0.98,-2.37,2.04,-0.04,-0.30,0.02,
12:38:19:852,0.98,-2.37,2.04,-0.04,-0.21,0.03,
12:38:19:853,0.52,-2.76,1.03,-0.04,-0.21,0.03,
12:38:19:854,0.52,-2.76,1.03,-0.05,0.01,0.02,
12:38:19:855,0.52,-2.76,1.03,-0.05,0.01,0.02,
12:38:19:857,0.52,-2.76,1.03,-0.05,0.23,-0.00,
12:38:19:857,0.09,-1.19,2.48,-0.05,0.23,-0.00,
12:38:19:859,0.09,-1.19,2.48,-0.04,0.34,-0.01,
12:38:19:860,0.09,-1.19,2.48,-0.04,0.34,-0.01,
12:38:19:862,0.09,-1.19,2.48,-0.02,0.33,-0.02,
12:38:19:862,0.47,1.94,4.93,-0.02,0.33,-0.02,
12:38:19:864,0.47,1.94,4.93,-0.00,0.20,-0.02,
12:38:19:865,0.48,1.94,4.93,-0.00,0.20,-0.02,
12:38:19:868,0.48,1.94,4.93,0.01,-0.02,-0.02,
12:38:19:869,1.06,0.66,5.39,0.01,-0.02,-0.02,
12:38:19:870,1.06,0.66,5.39,0.02,-0.23,-0.01,
12:38:19:871,1.06,0.66,5.40,0.02,-0.23,-0.01,
12:38:19:872,1.06,0.66,5.40,0.04,-0.38,-0.01,
12:38:19:873,0.46,-1.90,2.54,0.04,-0.38,-0.01,
12:38:19:874,0.46,-1.90,2.54,0.07,-0.43,0.00,
12:38:19:874,0.46,-1.90,2.54,0.07,-0.43,0.00,
12:38:19:877,0.46,-1.90,2.54,0.09,-0.38,0.01,
12:38:19:877,1.21,-2.12,0.02,0.09,-0.38,0.01,
12:38:19:879,1.21,-2.12,0.02,0.10,-0.19,0.00,
12:38:19:880,1.20,-2.12,0.02,0.10,-0.19,0.00,
12:38:19:882,1.20,-2.12,0.02,0.09,0.09,-0.02,
12:38:19:882,1.87,0.78,0.71,0.09,0.09,-0.02,
12:38:19:885,1.87,0.78,0.71,0.09,0.29,-0.04,
12:38:19:886,1.87,0.78,0.71,0.09,0.29,-0.04,
12:38:19:887,1.87,0.78,0.71,0.07,0.34,-0.07,
12:38:19:888,2.00,-0.07,2.29,0.07,0.34,-0.07,
12:38:19:889,2.00,-0.07,2.29,0.05,0.24,-0.08,
12:38:19:890,2.00,-0.07,2.29,0.05,0.24,-0.08,
12:38:19:892,2.00,-0.07,2.29,0.02,0.09,-0.08,
12:38:19:892,1.13,-1.37,2.09,0.02,0.09,-0.08,
12:38:19:894,1.13,-1.37,2.09,0.01,-0.08,-0.07,
12:38:19:895,1.14,-1.37,2.09,0.01,-0.08,-0.07,
12:38:19:897,1.14,-1.37,2.09,-0.00,-0.22,-0.05,
12:38:19:897,0.85,-2.21,0.82,-0.00,-0.22,-0.05,
12:38:19:899,0.85,-2.21,0.82,0.00,-0.29,-0.03,
12:38:19:900,0.85,-2.21,0.82,0.00,-0.29,-0.03,
12:38:19:908,0.85,-2.21,0.82,-0.01,-0.24,-0.01,
12:38:19:909,1.99,-0.78,1.15,-0.01,-0.24,-0.01,
12:38:19:909,1.99,-0.78,1.15,-0.03,-0.04,-0.02,
12:38:19:910,1.99,-0.78,1.15,-0.03,-0.04,-0.02,
12:38:19:910,1.99,-0.78,1.15,-0.06,0.21,-0.03,
12:38:19:911,0.73,-0.95,1.65,-0.06,0.21,-0.03,
12:38:19:911,0.73,-0.95,1.65,-0.07,0.35,-0.05,
12:38:19:911,0.73,-0.95,1.65,-0.07,0.35,-0.05,
12:38:19:912,0.73,-0.95,1.65,-0.08,0.34,-0.06,
12:38:19:912,0.46,0.27,3.72,-0.08,0.34,-0.06,
12:38:19:914,0.46,0.27,3.72,-0.07,0.24,-0.07,
12:38:19:915,0.46,0.27,3.71,-0.07,0.24,-0.07,
12:38:19:919,0.46,0.27,3.71,-0.05,0.08,-0.07,
12:38:19:919,-0.46,-0.56,3.13,-0.05,0.08,-0.07,
12:38:19:920,-0.46,-0.56,3.13,-0.03,-0.12,-0.05,
12:38:19:926,-0.46,-0.56,3.13,-0.03,-0.12,-0.05,
12:38:19:927,-0.46,-0.56,3.13,-0.00,-0.27,-0.02,
12:38:19:928,0.53,-0.31,2.88,-0.00,-0.27,-0.02,
12:38:19:929,0.53,-0.31,2.88,0.02,-0.31,0.01,
12:38:19:930,0.53,-0.31,2.88,0.02,-0.31,0.01,
12:38:19:931,0.53,-0.31,2.88,0.03,-0.19,0.03,
12:38:19:931,0.12,-0.46,1.96,0.03,-0.19,0.03,
12:38:19:932,0.12,-0.46,1.96,0.04,-0.01,0.02,
12:38:19:932,0.12,-0.46,1.96,0.04,-0.01,0.02,
12:38:19:933,0.12,-0.46,1.96,0.04,0.12,0.00,
12:38:19:934,0.12,-0.95,1.94,0.04,0.12,0.00,
12:38:19:935,0.12,-0.95,1.94,0.04,0.20,-0.02,
12:38:19:937,0.12,-0.95,1.95,0.04,0.20,-0.02,
12:38:19:938,0.12,-0.95,1.95,0.03,0.20,-0.03,
12:38:19:939,-0.71,-1.65,2.82,0.03,0.20,-0.03,
12:38:19:940,-0.71,-1.65,2.82,0.03,0.13,-0.03,
12:38:19:940,-0.70,-1.65,2.82,0.03,0.13,-0.03,
12:38:19:941,-0.70,-1.65,2.82,0.04,-0.03,-0.02,
12:38:19:942,0.07,-0.63,3.30,0.04,-0.03,-0.02,
12:38:19:944,0.07,-0.63,3.30,0.05,-0.20,0.01,
12:38:19:945,0.07,-0.63,3.30,0.05,-0.20,0.01,
12:38:19:947,0.07,-0.63,3.30,0.05,-0.29,0.03,
12:38:19:948,0.87,-0.58,2.05,0.05,-0.29,0.03,
12:38:19:949,0.87,-0.58,2.05,0.04,-0.26,0.04,
12:38:19:950,0.87,-0.58,2.05,0.04,-0.26,0.04,
12:38:19:952,0.87,-0.58,2.05,0.02,-0.10,0.04,
12:38:19:954,0.26,-1.50,1.38,0.02,-0.10,0.04,
12:38:19:954,0.26,-1.50,1.38,0.01,0.06,0.02,
12:38:19:955,0.26,-1.50,1.38,0.01,0.06,0.02,
12:38:19:957,0.26,-1.50,1.38,0.01,0.14,-0.00,
12:38:19:957,0.12,-1.61,1.72,0.01,0.14,-0.00,
12:38:19:959,0.12,-1.61,1.72,-0.00,0.16,-0.02,
12:38:19:960,0.12,-1.61,1.72,-0.00,0.16,-0.02,
12:38:19:962,0.12,-1.61,1.72,-0.01,0.14,-0.03,
12:38:19:962,0.94,1.16,3.83,-0.01,0.14,-0.03,
12:38:19:964,0.94,1.16,3.83,-0.01,0.09,-0.03,
12:38:19:966,0.94,1.16,3.83,-0.01,0.09,-0.03,
12:38:19:968,0.94,1.16,3.83,-0.00,0.02,-0.03,
12:38:19:970,0.58,1.50,3.93,-0.00,0.02,-0.03,
12:38:19:971,0.58,1.50,3.93,0.00,-0.09,-0.00,
12:38:19:972,0.58,1.50,3.93,0.00,-0.09,-0.00,
12:38:19:974,0.58,1.50,3.93,0.02,-0.22,0.02,
12:38:19:974,0.64,-0.72,1.99,0.02,-0.22,0.02,
12:38:19:977,0.64,-0.72,1.99,0.04,-0.31,0.02,
12:38:19:978,0.64,-0.72,1.99,0.04,-0.31,0.02,
12:38:19:978,0.64,-0.72,1.99,0.05,-0.30,0.02,
12:38:19:979,1.29,-0.64,0.82,0.05,-0.30,0.02,
12:38:19:979,1.29,-0.64,0.82,0.06,-0.15,0.01,
12:38:19:980,1.29,-0.64,0.83,0.06,-0.15,0.01,
12:38:19:982,1.29,-0.64,0.83,0.07,0.09,-0.00,
12:38:19:982,1.11,2.55,1.15,0.07,0.09,-0.00,
12:38:19:984,1.11,2.55,1.15,0.06,0.29,-0.03,
12:38:19:985,1.12,2.55,1.16,0.06,0.29,-0.03,
12:38:19:988,1.12,2.55,1.16,0.03,0.36,-0.05,
12:38:19:988,1.64,0.82,3.84,0.03,0.36,-0.05,
12:38:19:989,1.64,0.82,3.84,-0.01,0.23,-0.06,
12:38:19:990,1.64,0.82,3.84,-0.01,0.23,-0.06,
12:38:19:992,1.64,0.82,3.84,-0.04,-0.01,-0.06,
12:38:19:992,0.74,-2.86,2.82,-0.04,-0.01,-0.06,
12:38:19:994,0.74,-2.86,2.82,-0.05,-0.24,-0.05,
12:38:19:995,0.74,-2.86,2.82,-0.05,-0.24,-0.05,
12:38:19:997,0.74,-2.86,2.82,-0.05,-0.37,-0.03,
12:38:19:998,0.43,-4.11,1.38,-0.05,-0.37,-0.03,
12:38:19:999,0.43,-4.11,1.38,-0.06,-0.35,-0.00,
12:38:20:000,0.43,-4.11,1.38,-0.06,-0.35,-0.00,
12:38:20:008,0.43,-4.11,1.38,-0.05,-0.15,0.01,
12:38:20:009,1.69,1.68,2.73,-0.05,-0.15,0.01,
12:38:20:009,1.69,1.68,2.73,-0.02,0.12,0.01,
12:38:20:010,1.69,1.68,2.73,-0.02,0.12,0.01,
12:38:20:010,1.69,1.68,2.73,0.00,0.30,-0.00,
12:38:20:010,0.62,0.72,2.84,0.00,0.30,-0.00,
12:38:20:011,0.62,0.72,2.84,0.01,0.32,-0.01,
12:38:20:011,0.62,0.72,2.84,0.01,0.32,-0.01,
12:38:20:012,0.62,0.72,2.84,0.01,0.24,-0.03,
12:38:20:012,0.29,-0.79,4.90,0.01,0.24,-0.03,
12:38:20:014,0.29,-0.79,4.90,0.01,0.09,-0.03,
12:38:20:015,0.30,-0.79,4.90,0.01,0.09,-0.03,
12:38:20:019,0.30,-0.79,4.90,0.03,-0.09,-0.03,
12:38:20:021,0.32,0.38,4.42,0.03,-0.09,-0.03,
12:38:20:022,0.32,0.38,4.42,0.05,-0.26,-0.01,
12:38:20:022,0.32,0.38,4.42,0.05,-0.26,-0.01,
12:38:20:023,0.32,0.38,4.42,0.07,-0.35,0.02,
12:38:20:024,1.16,-0.10,2.72,0.07,-0.35,0.02,
12:38:20:024,1.16,-0.10,2.72,0.08,-0.29,0.03,
12:38:20:024,1.16,-0.10,2.72,0.08,-0.29,0.03,
12:38:20:027,1.16,-0.10,2.72,0.08,-0.11,0.03,
12:38:20:028,1.31,0.72,1.58,0.08,-0.11,0.03,
12:38:20:029,1.31,0.72,1.58,0.08,0.10,0.01,
12:38:20:030,1.31,0.72,1.58,0.08,0.10,0.01,
12:38:20:032,1.31,0.72,1.58,0.08,0.26,-0.03,
12:38:20:033,0.81,1.26,2.32,0.08,0.26,-0.03,
12:38:20:035,0.81,1.26,2.32,0.07,0.32,-0.06,
12:38:20:037,0.81,1.26,2.32,0.07,0.32,-0.06,
12:38:20:038,0.81,1.26,2.32,0.06,0.26,-0.08,
12:38:20:040,0.18,0.41,3.62,0.06,0.26,-0.08,
12:38:20:040,0.18,0.41,3.62,0.05,0.10,-0.08,
12:38:20:041,0.18,0.40,3.62,0.05,0.10,-0.08,
12:38:20:042,0.18,0.40,3.62,0.05,-0.08,-0.06,
12:38:20:043,0.44,1.71,3.75,0.05,-0.08,-0.06,
12:38:20:044,0.44,1.71,3.75,0.05,-0.21,-0.03,
12:38:20:054,0.44,1.71,3.76,0.05,-0.21,-0.03,
12:38:20:054,0.44,1.71,3.76,0.04,-0.24,0.01,
12:38:20:055,0.85,0.53,2.83,0.04,-0.24,0.01,
12:38:20:055,0.85,0.53,2.83,0.02,-0.20,0.03,
12:38:20:055,0.85,0.53,2.83,0.00,-0.13,0.03,
12:38:20:056,1.33,-1.00,1.89,0.00,-0.13,0.03,
12:38:20:056,1.33,-1.00,1.89,0.00,-0.13,0.03,
12:38:20:056,1.33,-1.00,1.89,-0.00,-0.04,0.01,
12:38:20:056,1.33,-1.00,1.89,-0.00,-0.04,0.01,
12:38:20:057,1.33,-1.00,1.89,-0.00,0.07,-0.03,
12:38:20:057,1.01,-1.33,2.35,-0.00,0.07,-0.03,
12:38:20:059,1.01,-1.33,2.35,-0.00,0.16,-0.07,
12:38:20:059,1.01,-1.33,2.35,-0.00,0.16,-0.07,
12:38:20:062,1.01,-1.33,2.35,0.01,0.14,-0.09,
12:38:20:062,1.84,0.68,3.91,0.01,0.14,-0.09,
12:38:20:064,1.84,0.68,3.91,0.03,0.06,-0.10,
12:38:20:065,1.84,0.68,3.91,0.03,0.06,-0.10,
12:38:20:068,1.84,0.68,3.91,0.05,-0.02,-0.09,
12:38:20:069,0.88,0.40,3.46,0.05,-0.02,-0.09,
12:38:20:070,0.88,0.40,3.46,0.06,-0.07,-0.07,
12:38:20:071,0.88,0.40,3.46,0.06,-0.07,-0.07,
12:38:20:072,0.88,0.40,3.46,0.08,-0.11,-0.05,
12:38:20:072,0.41,-0.92,2.07,0.08,-0.11,-0.05,
12:38:20:074,0.41,-0.92,2.07,0.08,-0.13,-0.03,
12:38:20:074,0.41,-0.92,2.08,0.08,-0.13,-0.03,
12:38:20:077,0.41,-0.92,2.08,0.09,-0.12,-0.02,
12:38:20:077,0.70,-1.19,1.46,0.09,-0.12,-0.02,
12:38:20:079,0.70,-1.19,1.46,0.08,-0.01,-0.02,
12:38:20:080,0.71,-1.19,1.47,0.08,-0.01,-0.02,
12:38:20:082,0.71,-1.19,1.47,0.07,0.16,-0.03,
12:38:20:082,0.91,1.68,2.76,0.07,0.16,-0.03,
12:38:20:085,0.91,1.68,2.76,0.06,0.27,-0.05,
12:38:20:086,0.91,1.68,2.76,0.06,0.27,-0.05,
12:38:20:087,0.91,1.68,2.76,0.06,0.27,-0.07,
12:38:20:088,0.85,2.05,3.99,0.06,0.27,-0.07,
12:38:20:089,0.85,2.05,3.99,0.04,0.13,-0.08,
12:38:20:090,0.85,2.05,3.99,0.04,0.13,-0.08,
12:38:20:092,0.85,2.05,3.99,0.03,-0.05,-0.08,
12:38:20:092,0.57,-0.62,3.82,0.03,-0.05,-0.08,
12:38:20:094,0.57,-0.62,3.82,0.02,-0.21,-0.06,
12:38:20:095,0.57,-0.62,3.82,0.02,-0.21,-0.06,
12:38:20:097,0.57,-0.62,3.82,0.01,-0.27,-0.03,
12:38:20:098,0.61,-0.53,2.94,0.01,-0.27,-0.03,
12:38:20:100,0.61,-0.53,2.94,0.01,-0.19,-0.02,
12:38:20:100,0.61,-0.53,2.95,0.01,-0.19,-0.02,
12:38:20:108,0.61,-0.53,2.95,0.02,-0.02,-0.01,
12:38:20:108,0.93,1.43,2.56,0.02,-0.02,-0.01,
12:38:20:109,0.93,1.43,2.56,0.04,0.11,-0.02,
12:38:20:109,0.94,1.43,2.57,0.04,0.11,-0.02,
12:38:20:109,0.94,1.43,2.57,0.05,0.17,-0.05,
12:38:20:110,1.35,0.09,3.53,0.05,0.17,-0.05,
12:38:20:110,1.35,0.09,3.53,0.05,0.13,-0.07,
12:38:20:110,1.35,0.09,3.53,0.05,0.13,-0.07,
12:38:20:112,1.35,0.09,3.53,0.06,0.03,-0.08,
12:38:20:113,1.36,0.48,3.26,0.06,0.03,-0.08,
12:38:20:114,1.36,0.48,3.26,0.08,-0.08,-0.09,
12:38:20:115,1.37,0.48,3.27,0.08,-0.08,-0.09,
12:38:20:118,1.37,0.48,3.27,0.10,-0.14,-0.08,
12:38:20:119,1.19,0.63,2.33,0.10,-0.14,-0.08,
12:38:20:120,1.19,0.63,2.33,0.11,-0.16,-0.06,
12:38:20:121,1.19,0.63,2.33,0.11,-0.16,-0.06,
12:38:20:122,1.19,0.63,2.33,0.12,-0.14,-0.05,
12:38:20:122,1.99,0.67,1.27,0.12,-0.14,-0.05,
12:38:20:124,1.99,0.67,1.27,0.11,-0.08,-0.05,
12:38:20:124,2.00,0.67,1.27,0.11,-0.08,-0.05,
12:38:20:127,2.00,0.67,1.27,0.09,0.04,-0.06,
12:38:20:128,1.43,-0.84,0.94,0.09,0.04,-0.06,
12:38:20:129,1.43,-0.84,0.94,0.06,0.16,-0.08,
12:38:20:130,1.43,-0.85,0.94,0.06,0.16,-0.08,
12:38:20:132,1.43,-0.85,0.94,0.03,0.23,-0.11,
12:38:20:133,1.08,0.04,2.07,0.03,0.23,-0.11,
12:38:20:135,1.08,0.04,2.07,0.01,0.20,-0.13,
12:38:20:136,1.08,0.04,2.07,0.01,0.20,-0.13,
12:38:20:138,1.08,0.04,2.07,0.00,0.09,-0.12,
12:38:20:139,1.03,0.12,2.65,0.00,0.09,-0.12,
12:38:20:139,1.03,0.12,2.65,-0.00,-0.04,-0.10,
12:38:20:140,1.03,0.12,2.65,-0.00,-0.04,-0.10,
12:38:20:142,1.03,0.12,2.65,-0.01,-0.14,-0.07,
12:38:20:142,1.22,-0.15,2.42,-0.01,-0.14,-0.07,
12:38:20:144,1.22,-0.15,2.42,-0.01,-0.14,-0.04,
12:38:20:145,1.23,-0.15,2.42,-0.01,-0.14,-0.04,
12:38:20:147,1.23,-0.15,2.42,-0.02,-0.07,-0.04,
12:38:20:148,0.48,-0.70,1.56,-0.02,-0.07,-0.04,
12:38:20:149,0.48,-0.70,1.56,-0.01,0.04,-0.04,
12:38:20:151,0.48,-0.70,1.56,-0.01,0.04,-0.04,
12:38:20:152,0.48,-0.70,1.56,-0.00,0.14,-0.06,
12:38:20:153,-0.17,-0.89,1.88,-0.00,0.14,-0.06,
12:38:20:155,-0.17,-0.89,1.88,0.00,0.20,-0.07,
12:38:20:156,-0.17,-0.89,1.88,0.00,0.20,-0.07,
12:38:20:157,-0.17,-0.89,1.88,0.01,0.20,-0.08,
12:38:20:159,-0.10,0.83,3.58,0.01,0.20,-0.08,
12:38:20:160,-0.10,0.83,3.58,0.02,0.15,-0.08,
12:38:20:161,-0.10,0.83,3.58,0.02,0.15,-0.08,
12:38:20:164,-0.10,0.83,3.58,0.03,0.04,-0.07,
12:38:20:166,0.48,1.12,3.95,0.03,0.04,-0.07,
12:38:20:167,0.48,1.12,3.95,0.03,-0.10,-0.05,
12:38:20:168,0.48,1.11,3.95,0.03,-0.10,-0.05,
12:38:20:169,0.48,1.11,3.95,0.02,-0.21,-0.03,
12:38:20:169,1.12,-0.37,3.38,0.02,-0.21,-0.03,
12:38:20:170,1.12,-0.37,3.38,0.01,-0.20,-0.02,
12:38:20:176,1.12,-0.37,3.38,0.01,-0.20,-0.02,
12:38:20:177,1.12,-0.37,3.38,0.02,-0.12,-0.02,
12:38:20:177,0.29,-1.68,1.17,0.02,-0.12,-0.02,
12:38:20:178,0.29,-1.68,1.17,0.02,-0.03,-0.04,
12:38:20:178,0.29,-1.68,1.17,0.02,-0.03,-0.04,
12:38:20:179,0.29,-1.68,1.17,0.03,0.07,-0.05,
12:38:20:180,0.62,-0.74,1.79,0.03,0.07,-0.05,
12:38:20:181,0.62,-0.74,1.79,0.04,0.15,-0.07,
12:38:20:181,0.62,-0.74,1.79,0.04,0.15,-0.07,
12:38:20:182,0.62,-0.74,1.79,0.04,0.19,-0.08,
12:38:20:183,0.98,1.14,2.90,0.04,0.19,-0.08,
12:38:20:185,0.98,1.14,2.90,0.04,0.19,-0.09,
12:38:20:185,0.98,1.14,2.91,0.04,0.19,-0.09,
12:38:20:187,0.98,1.14,2.91,0.04,0.10,-0.08,
12:38:20:188,0.91,0.46,3.33,0.04,0.10,-0.08,
12:38:20:189,0.91,0.46,3.33,0.03,-0.05,-0.07,
12:38:20:190,0.91,0.46,3.33,0.03,-0.05,-0.07,
12:38:20:192,0.91,0.46,3.33,0.04,-0.21,-0.05,
12:38:20:193,0.67,-1.58,0.93,0.04,-0.21,-0.05,
12:38:20:195,0.67,-1.58,0.93,0.05,-0.28,-0.04,
12:38:20:196,0.67,-1.58,0.93,0.05,-0.28,-0.04,
12:38:20:198,0.67,-1.58,0.93,0.05,-0.24,-0.04,
12:38:20:198,1.06,-1.52,0.35,0.05,-0.24,-0.04,
12:38:20:199,1.06,-1.52,0.35,0.03,-0.07,-0.03,
12:38:20:200,1.06,-1.52,0.35,0.03,-0.07,-0.03,
12:38:20:209,1.06,-1.52,0.35,0.02,0.14,-0.04,
12:38:20:210,1.04,0.83,0.94,0.02,0.14,-0.04,
12:38:20:211,1.04,0.83,0.94,0.01,0.29,-0.07,
12:38:20:211,1.04,0.83,0.94,0.01,0.29,-0.07,
12:38:20:211,1.04,0.83,0.94,-0.02,0.32,-0.08,
12:38:20:212,0.53,-1.34,2.23,-0.02,0.32,-0.08,
12:38:20:212,0.53,-1.34,2.23,-0.04,0.21,-0.09,
12:38:20:213,0.53,-1.34,2.23,-0.04,0.21,-0.09,
12:38:20:214,0.53,-1.34,2.23,-0.04,0.03,-0.08,
12:38:20:214,0.18,-1.65,1.77,-0.04,0.03,-0.08,
12:38:20:215,0.18,-1.65,1.77,-0.04,-0.14,-0.06,
12:38:20:215,0.18,-1.65,1.76,-0.04,-0.14,-0.06,
12:38:20:222,0.18,-1.65,1.76,-0.02,-0.25,-0.03,
12:38:20:223,0.75,-0.94,1.41,-0.02,-0.25,-0.03,
12:38:20:223,0.75,-0.94,1.41,-0.02,-0.24,-0.01,
12:38:20:224,0.75,-0.94,1.41,-0.02,-0.24,-0.01,
12:38:20:224,0.75,-0.94,1.41,-0.02,-0.10,-0.01,
12:38:20:225,0.19,-0.86,1.08,-0.02,-0.10,-0.01,
12:38:20:225,0.19,-0.86,1.08,-0.03,0.07,-0.02,
12:38:20:226,0.19,-0.86,1.08,-0.03,0.07,-0.02,
12:38:20:227,0.19,-0.86,1.08,-0.04,0.16,-0.03,
12:38:20:227,0.34,-1.65,1.71,-0.04,0.16,-0.03,
12:38:20:229,0.34,-1.65,1.71,-0.06,0.21,-0.05,
12:38:20:230,0.35,-1.65,1.71,-0.06,0.21,-0.05,
12:38:20:232,0.35,-1.65,1.71,-0.07,0.20,-0.06,
12:38:20:233,-0.26,-2.17,2.79,-0.07,0.20,-0.06,
12:38:20:234,-0.26,-2.17,2.79,-0.08,0.11,-0.06,
12:38:20:235,-0.26,-2.17,2.79,-0.08,0.11,-0.06,
12:38:20:237,-0.26,-2.17,2.79,-0.06,-0.02,-0.05,
12:38:20:238,0.09,-1.12,2.90,-0.06,-0.02,-0.05,
12:38:20:239,0.09,-1.12,2.90,-0.05,-0.15,-0.03,
12:38:20:240,0.09,-1.12,2.90,-0.05,-0.15,-0.03,
12:38:20:242,0.09,-1.12,2.90,-0.03,-0.20,-0.00,
12:38:20:242,1.14,0.05,2.91,-0.03,-0.20,-0.00,
12:38:20:244,1.14,0.05,2.91,-0.02,-0.15,0.01,
12:38:20:245,1.14,0.05,2.91,-0.02,-0.15,0.01,
12:38:20:247,1.14,0.05,2.91,-0.02,-0.06,0.01,
12:38:20:248,0.40,-1.79,1.43,-0.02,-0.06,0.01,
12:38:20:249,0.40,-1.79,1.43,-0.01,0.02,-0.01,
12:38:20:250,0.40,-1.79,1.42,-0.01,0.02,-0.01,
12:38:20:254,0.40,-1.79,1.42,0.00,0.08,-0.03,
12:38:20:256,0.04,-1.50,1.28,0.00,0.08,-0.03,
12:38:20:257,0.04,-1.50,1.28,0.01,0.14,-0.05,
12:38:20:258,0.04,-1.50,1.28,0.01,0.14,-0.05,
12:38:20:259,0.04,-1.50,1.28,0.01,0.19,-0.07,
12:38:20:259,0.04,0.56,2.56,0.01,0.19,-0.07,
12:38:20:260,0.04,0.56,2.56,0.02,0.15,-0.07,
12:38:20:260,0.05,0.56,2.56,0.02,0.15,-0.07,
12:38:20:262,0.05,0.56,2.56,0.02,0.03,-0.06,
12:38:20:262,0.56,0.73,2.43,0.02,0.03,-0.06,
12:38:20:264,0.56,0.73,2.43,0.03,-0.12,-0.03,
12:38:20:265,0.56,0.73,2.43,0.03,-0.12,-0.03,
12:38:20:268,0.56,0.73,2.43,0.01,-0.21,-0.02,
12:38:20:269,1.07,-1.43,1.39,0.01,-0.21,-0.02,
12:38:20:270,1.07,-1.43,1.39,-0.01,-0.22,-0.01,
12:38:20:271,1.07,-1.43,1.39,-0.01,-0.22,-0.01,
12:38:20:272,1.07,-1.43,1.39,-0.04,-0.13,-0.02,
12:38:20:273,-0.06,-2.71,0.15,-0.04,-0.13,-0.02,
12:38:20:274,-0.06,-2.71,0.15,-0.05,0.02,-0.03,
12:38:20:275,-0.06,-2.71,0.14,-0.05,0.02,-0.03,
12:38:20:277,-0.06,-2.71,0.14,-0.06,0.13,-0.03,
12:38:20:278,0.14,-0.51,1.16,-0.06,0.13,-0.03,
12:38:20:279,0.14,-0.51,1.16,-0.07,0.20,-0.04,
12:38:20:280,0.15,-0.51,1.16,-0.07,0.20,-0.04,
12:38:20:282,0.15,-0.51,1.16,-0.09,0.20,-0.05,
12:38:20:283,0.71,-0.75,2.94,-0.09,0.20,-0.05,
12:38:20:284,0.71,-0.75,2.94,-0.10,0.10,-0.04,
12:38:20:285,0.71,-0.75,2.94,-0.10,0.10,-0.04,
12:38:20:287,0.71,-0.75,2.94,-0.10,-0.08,-0.04,
12:38:20:288,0.86,-1.96,2.08,-0.10,-0.08,-0.04,
12:38:20:289,0.86,-1.96,2.08,-0.09,-0.24,-0.02,
12:38:20:290,0.86,-1.96,2.08,-0.09,-0.24,-0.02,
12:38:20:293,0.86,-1.96,2.08,-0.07,-0.31,-0.01,
12:38:20:293,0.97,-2.53,0.87,-0.07,-0.31,-0.01,
12:38:20:294,0.97,-2.53,0.87,-0.06,-0.24,-0.01,
12:38:20:301,0.96,-2.53,0.86,-0.06,-0.24,-0.01,
12:38:20:302,0.96,-2.53,0.86,-0.06,-0.02,-0.01,
12:38:20:303,-0.13,-1.24,0.86,-0.06,-0.02,-0.01,
12:38:20:303,-0.13,-1.24,0.86,-0.04,0.19,-0.02,
12:38:20:304,-0.12,-1.24,0.86,-0.04,0.19,-0.02,
12:38:20:304,-0.12,-1.24,0.86,-0.03,0.29,-0.02,
12:38:20:305,-0.11,0.33,2.17,-0.03,0.29,-0.02,
12:38:20:306,-0.11,0.33,2.17,-0.03,0.31,-0.03,
12:38:20:307,-0.11,0.33,2.17,-0.03,0.31,-0.03,
12:38:20:307,-0.11,0.33,2.17,-0.05,0.21,-0.04,
12:38:20:308,-0.21,-1.70,3.76,-0.05,0.21,-0.04,
12:38:20:315,-0.21,-1.70,3.76,-0.07,0.05,-0.04,
12:38:20:315,-0.21,-1.70,3.76,-0.07,0.05,-0.04,
12:38:20:319,-0.21,-1.70,3.76,-0.06,-0.11,-0.02,
12:38:20:321,-0.99,-2.34,2.52,-0.06,-0.11,-0.02,
12:38:20:322,-0.99,-2.34,2.52,-0.05,-0.24,0.01,
12:38:20:323,-0.99,-2.34,2.52,-0.05,-0.24,0.01,
12:38:20:323,-0.99,-2.34,2.52,-0.04,-0.29,0.03,
12:38:20:324,0.00,-1.39,1.90,-0.04,-0.29,0.03,
12:38:20:324,0.00,-1.39,1.90,-0.03,-0.22,0.05,
12:38:20:324,0.00,-1.39,1.90,-0.03,-0.22,0.05,
12:38:20:325,0.00,-1.39,1.90,-0.03,-0.06,0.05,
12:38:20:325,0.41,-0.80,1.96,-0.03,-0.06,0.05,
12:38:20:326,0.41,-0.80,1.96,-0.04,0.12,0.02,
12:38:20:326,0.41,-0.80,1.96,-0.04,0.12,0.02,
12:38:20:327,0.41,-0.80,1.96,-0.04,0.22,-0.01,
12:38:20:328,0.23,-1.02,2.92,-0.04,0.22,-0.01,
12:38:20:329,0.23,-1.02,2.92,-0.04,0.21,-0.03,
12:38:20:330,0.23,-1.02,2.92,-0.04,0.21,-0.03,
12:38:20:332,0.23,-1.02,2.92,-0.04,0.09,-0.05,
12:38:20:332,0.41,-0.87,3.38,-0.04,0.09,-0.05,
12:38:20:334,0.41,-0.87,3.38,-0.02,-0.10,-0.04,
12:38:20:335,0.41,-0.87,3.38,-0.02,-0.10,-0.04,
12:38:20:337,0.41,-0.87,3.38,-0.00,-0.24,-0.02,
12:38:20:337,1.08,-0.02,2.43,-0.00,-0.24,-0.02,
12:38:20:339,1.08,-0.02,2.43,0.01,-0.28,-0.01,
12:38:20:340,1.08,-0.02,2.43,0.01,-0.28,-0.01,
12:38:20:342,1.08,-0.02,2.43,0.01,-0.21,0.00,
12:38:20:342,1.55,-0.17,1.83,0.01,-0.21,0.00,
12:38:20:344,1.55,-0.17,1.83,0.01,-0.07,0.00,
12:38:20:345,1.55,-0.17,1.83,0.01,-0.07,0.00,
12:38:20:347,1.55,-0.17,1.83,0.00,0.07,-0.01,
12:38:20:348,0.46,-1.74,0.92,0.00,0.07,-0.01,
12:38:20:351,0.46,-1.74,0.92,0.00,0.16,-0.02,
12:38:20:352,0.47,-1.74,0.92,0.00,0.16,-0.02,
12:38:20:353,0.47,-1.74,0.92,-0.01,0.21,-0.04,
12:38:20:354,-0.49,-1.81,1.91,-0.01,0.21,-0.04,
12:38:20:355,-0.49,-1.81,1.91,-0.02,0.19,-0.05,
12:38:20:355,-0.48,-1.81,1.91,-0.02,0.19,-0.05,
12:38:20:357,-0.48,-1.81,1.91,-0.02,0.06,-0.04,
12:38:20:357,0.89,-0.40,3.23,-0.02,0.06,-0.04,
12:38:20:359,0.89,-0.40,3.23,-0.02,-0.13,-0.02,
12:38:20:360,0.89,-0.40,3.23,-0.02,-0.13,-0.02,
12:38:20:362,0.89,-0.40,3.23,-0.00,-0.27,-0.01,
12:38:20:362,1.30,-0.79,1.76,-0.00,-0.27,-0.01,
12:38:20:364,1.30,-0.79,1.76,0.00,-0.31,0.00,
12:38:20:365,1.30,-0.79,1.76,0.00,-0.31,0.00,
12:38:20:368,1.30,-0.79,1.76,-0.00,-0.23,0.01,
12:38:20:371,0.37,-2.52,0.43,-0.00,-0.23,0.01,
12:38:20:372,0.37,-2.52,0.43,-0.02,-0.06,0.00,
12:38:20:373,0.37,-2.52,0.42,-0.02,-0.06,0.00,
12:38:20:373,0.37,-2.52,0.42,-0.03,0.13,-0.00,
12:38:20:374,-0.54,-2.49,0.85,-0.03,0.13,-0.00,
12:38:20:374,-0.54,-2.49,0.85,-0.04,0.28,-0.01,
12:38:20:375,-0.54,-2.49,0.85,-0.04,0.28,-0.01,
12:38:20:377,-0.54,-2.49,0.85,-0.06,0.34,-0.01,
12:38:20:378,-0.28,-0.43,3.68,-0.06,0.34,-0.01,
12:38:20:379,-0.28,-0.43,3.68,-0.06,0.26,-0.01,
12:38:20:380,-0.28,-0.43,3.68,-0.06,0.26,-0.01,
12:38:20:382,-0.28,-0.43,3.68,-0.06,0.06,-0.01,
12:38:20:382,0.13,-0.12,4.25,-0.06,0.06,-0.01,
12:38:20:384,0.13,-0.12,4.25,-0.05,-0.16,0.00,
12:38:20:385,0.13,-0.12,4.24,-0.05,-0.16,0.00,
12:38:20:387,0.13,-0.12,4.24,-0.04,-0.31,0.02,
12:38:20:388,-0.22,-1.76,2.69,-0.04,-0.31,0.02,
12:38:20:389,-0.22,-1.76,2.69,-0.02,-0.31,0.04,
12:38:20:390,-0.23,-1.76,2.69,-0.02,-0.31,0.04,
12:38:20:392,-0.23,-1.76,2.69,-0.02,-0.20,0.04,
12:38:20:392,-0.21,-1.51,1.75,-0.02,-0.20,0.04,
12:38:20:394,-0.21,-1.51,1.75,-0.00,-0.06,0.04,
12:38:20:395,-0.22,-1.51,1.75,-0.00,-0.06,0.04,
12:38:20:397,-0.22,-1.51,1.75,0.01,0.07,0.03,
12:38:20:398,0.59,-0.01,2.28,0.01,0.07,0.03,
12:38:20:399,0.59,-0.01,2.28,0.01,0.18,0.00,
12:38:20:400,0.59,-0.01,2.28,0.01,0.18,0.00,
12:38:20:408,0.59,-0.01,2.28,0.02,0.24,-0.02,
12:38:20:409,0.29,0.55,3.63,0.02,0.24,-0.02,
12:38:20:409,0.29,0.55,3.63,0.02,0.18,-0.04,
12:38:20:409,0.29,0.55,3.63,0.02,0.18,-0.04,
12:38:20:410,0.29,0.55,3.63,0.02,0.02,-0.04,
12:38:20:410,0.48,-0.05,3.92,0.02,0.02,-0.04,
12:38:20:410,0.48,-0.05,3.92,0.02,-0.18,-0.02,
12:38:20:411,0.48,-0.05,3.92,0.02,-0.18,-0.02,
12:38:20:412,0.48,-0.05,3.92,0.03,-0.32,-0.00,
12:38:20:412,0.85,-1.90,1.96,0.03,-0.32,-0.00,
12:38:20:414,0.85,-1.90,1.96,0.03,-0.38,0.01,
12:38:20:415,0.85,-1.90,1.96,0.03,-0.38,0.01,
12:38:20:418,0.85,-1.90,1.96,0.03,-0.31,0.01,
12:38:20:419,1.43,-0.83,1.03,0.03,-0.31,0.01,
12:38:20:419,1.43,-0.83,1.03,0.02,-0.08,0.01,
12:38:20:424,1.43,-0.83,1.03,0.02,-0.08,0.01,
12:38:20:424,1.43,-0.83,1.03,0.01,0.19,-0.01,
12:38:20:424,0.71,-0.14,1.50,0.01,0.19,-0.01,
12:38:20:425,0.71,-0.14,1.50,-0.00,0.32,-0.03,
12:38:20:425,0.71,-0.14,1.50,-0.00,0.32,-0.03,
12:38:20:427,0.71,-0.14,1.50,-0.02,0.26,-0.04,
12:38:20:428,0.70,-2.30,3.01,-0.02,0.26,-0.04,
12:38:20:429,0.70,-2.30,3.01,-0.02,0.07,-0.04,
12:38:20:430,0.70,-2.30,3.01,-0.02,0.07,-0.04,
12:38:20:432,0.70,-2.30,3.01,-0.01,-0.14,-0.03,
12:38:20:433,0.47,-1.59,1.97,-0.01,-0.14,-0.03,
12:38:20:435,0.47,-1.59,1.97,0.01,-0.25,-0.00,
12:38:20:437,0.47,-1.59,1.97,0.01,-0.25,-0.00,
12:38:20:438,0.47,-1.59,1.97,0.02,-0.22,0.02,
12:38:20:439,0.48,0.44,2.19,0.02,-0.22,0.02,
12:38:20:439,0.48,0.44,2.19,0.02,-0.08,0.03,
12:38:20:440,0.48,0.44,2.19,0.02,-0.08,0.03,
12:38:20:442,0.48,0.44,2.19,0.02,0.03,0.02,
12:38:20:442,0.34,-0.80,1.38,0.02,0.03,0.02,
12:38:20:444,0.34,-0.80,1.38,0.02,0.05,0.02,
12:38:20:445,0.34,-0.80,1.38,0.02,0.05,0.02,
12:38:20:447,0.34,-0.80,1.38,-0.00,0.03,0.01,
12:38:20:448,0.36,-2.43,2.29,-0.00,0.03,0.01,
12:38:20:449,0.36,-2.43,2.29,-0.02,0.03,-0.01,
12:38:20:450,0.36,-2.43,2.29,-0.02,0.03,-0.01,
12:38:20:452,0.36,-2.43,2.29,-0.03,0.04,-0.01,
12:38:20:454,-1.07,-1.90,1.96,-0.03,0.04,-0.01,
12:38:20:455,-1.07,-1.90,1.96,-0.02,0.05,0.00,
12:38:20:456,-1.07,-1.90,1.96,-0.02,0.05,0.00,
12:38:20:457,-1.07,-1.90,1.96,-0.01,0.02,0.02,
12:38:20:457,0.03,0.88,3.28,-0.01,0.02,0.02,
12:38:20:459,0.03,0.88,3.28,-0.01,-0.06,0.03,
12:38:20:460,0.03,0.88,3.28,-0.01,-0.06,0.03,
12:38:20:462,0.03,0.88,3.28,-0.01,-0.14,0.05,
12:38:20:463,0.85,-0.92,2.97,-0.01,-0.14,0.05,
12:38:20:464,0.85,-0.92,2.97,-0.01,-0.17,0.04,
12:38:20:465,0.84,-0.92,2.97,-0.01,-0.17,0.04,
12:38:20:467,0.84,-0.92,2.97,-0.01,-0.13,0.03,
12:38:20:468,-0.15,-2.87,1.77,-0.01,-0.13,0.03,
12:38:20:470,-0.15,-2.87,1.77,-0.01,-0.03,0.02,
12:38:20:472,-0.15,-2.87,1.77,-0.01,-0.03,0.02,
12:38:20:474,-0.15,-2.87,1.77,-0.01,0.06,0.01,
12:38:20:476,-0.15,-2.87,1.77,0.01,0.12,-0.00,
12:38:20:477,-0.11,-1.06,2.38,0.01,0.12,-0.00,
12:38:20:479,-0.11,-1.06,2.38,0.01,0.12,-0.00,
12:38:20:481,-0.11,-1.06,2.38,0.02,0.12,-0.01,
12:38:20:483,0.93,1.57,3.96,0.02,0.12,-0.01,
12:38:20:484,0.93,1.57,3.96,0.03,0.06,-0.01,
12:38:20:484,0.93,1.57,3.96,0.03,0.06,-0.01,
12:38:20:485,0.93,1.57,3.96,0.04,-0.05,-0.00,
12:38:20:486,0.71,0.16,3.32,0.04,-0.05,-0.00,
12:38:20:487,0.71,0.16,3.32,0.04,-0.15,0.01,
12:38:20:488,0.71,0.16,3.32,0.04,-0.15,0.01,
12:38:20:489,0.71,0.16,3.32,0.03,-0.19,0.01,
12:38:20:489,0.51,-2.32,2.28,0.03,-0.19,0.01,
12:38:20:490,0.51,-2.32,2.28,0.02,-0.21,0.01,
12:38:20:490,0.51,-2.32,2.28,0.02,-0.21,0.01,
12:38:20:494,0.51,-2.32,2.28,0.02,-0.18,0.01,
12:38:20:495,0.50,-2.38,0.93,0.02,-0.18,0.01,
12:38:20:495,0.50,-2.38,0.93,0.03,-0.09,0.01,
12:38:20:495,0.50,-2.38,0.93,0.03,-0.09,0.01,
12:38:20:497,0.50,-2.38,0.93,0.04,0.04,0.00,
12:38:20:498,1.29,0.97,1.69,0.04,0.04,0.00,
12:38:20:499,1.29,0.97,1.69,0.04,0.14,-0.01,
12:38:20:500,1.29,0.97,1.69,0.04,0.14,-0.01,
12:38:20:505,1.29,0.97,1.69,0.04,0.15,-0.02,
12:38:20:506,0.69,-0.96,2.12,0.04,0.15,-0.02,
12:38:20:506,0.69,-0.96,2.12,0.03,0.07,-0.02,
12:38:20:506,0.69,-0.96,2.12,0.03,0.07,-0.02,
12:38:20:507,0.69,-0.96,2.12,0.02,-0.05,-0.02,
12:38:20:507,0.43,-2.33,1.48,0.02,-0.05,-0.02,
12:38:20:509,0.43,-2.33,1.48,0.02,-0.17,-0.00,
12:38:20:510,0.43,-2.33,1.48,0.02,-0.17,-0.00,
12:38:20:512,0.43,-2.33,1.48,0.01,-0.21,0.01,
12:38:20:512,0.12,-2.50,1.07,0.01,-0.21,0.01,
12:38:20:514,0.12,-2.50,1.07,0.00,-0.13,0.02,
12:38:20:515,0.12,-2.50,1.07,0.00,-0.13,0.02,
12:38:20:517,0.12,-2.50,1.07,0.00,0.01,0.03,
12:38:20:518,-0.50,-0.62,1.00,0.00,0.01,0.03,
12:38:20:519,-0.50,-0.62,1.00,-0.01,0.13,0.03,
12:38:20:520,-0.50,-0.62,1.00,-0.01,0.13,0.03,
12:38:20:522,-0.50,-0.62,1.00,-0.02,0.22,0.03,
12:38:20:523,-0.06,-0.23,3.02,-0.02,0.22,0.03,
12:38:20:525,-0.06,-0.23,3.02,-0.04,0.20,0.02,
12:38:20:525,-0.06,-0.23,3.02,-0.04,0.20,0.02,
12:38:20:528,-0.06,-0.23,3.02,-0.06,0.06,0.01,
12:38:20:529,-0.51,-2.49,2.86,-0.06,0.06,0.01,
12:38:20:530,-0.51,-2.49,2.86,-0.05,-0.11,0.02,
12:38:20:531,-0.51,-2.49,2.86,-0.05,-0.11,0.02,
12:38:20:532,-0.51,-2.49,2.86,-0.04,-0.25,0.03,
12:38:20:533,-0.05,-2.01,2.22,-0.04,-0.25,0.03,
12:38:20:535,-0.05,-2.01,2.22,-0.04,-0.26,0.05,
12:38:20:537,-0.05,-2.01,2.22,-0.04,-0.26,0.05,
12:38:20:539,-0.05,-2.01,2.22,-0.03,-0.13,0.06,
12:38:20:540,0.44,0.36,2.93,-0.03,-0.13,0.06,
12:38:20:542,0.44,0.36,2.93,-0.01,0.02,0.05,
12:38:20:543,0.44,0.36,2.93,-0.01,0.02,0.05,
12:38:20:543,0.44,0.36,2.93,0.00,0.10,0.03,
12:38:20:544,-0.10,-0.98,2.34,0.00,0.10,0.03,
12:38:20:544,-0.10,-0.98,2.34,0.01,0.13,0.02,
12:38:20:551,-0.10,-0.98,2.34,0.01,0.13,0.02,
12:38:20:552,-0.10,-0.98,2.34,0.01,0.13,-0.00,
12:38:20:553,-0.22,-0.38,3.71,0.01,0.13,-0.00,
12:38:20:554,-0.22,-0.38,3.71,0.01,0.09,-0.01,
12:38:20:555,-0.22,-0.38,3.71,0.01,0.09,-0.01,
12:38:20:555,-0.22,-0.38,3.71,0.01,-0.00,-0.00,
12:38:20:556,0.14,0.60,4.28,0.01,-0.00,-0.00,
12:38:20:556,0.14,0.60,4.28,0.03,-0.13,0.02,
12:38:20:556,0.14,0.60,4.28,0.03,-0.13,0.02,
12:38:20:557,0.14,0.60,4.28,0.04,-0.24,0.05,
12:38:20:557,0.53,-0.23,2.70,0.04,-0.24,0.05,
12:38:20:559,0.53,-0.23,2.70,0.05,-0.28,0.07,
12:38:20:559,0.53,-0.23,2.70,0.05,-0.28,0.07,
12:38:20:562,0.53,-0.23,2.70,0.05,-0.21,0.08,
12:38:20:562,0.56,-1.48,1.16,0.05,-0.21,0.08,
12:38:20:564,0.56,-1.48,1.16,0.04,-0.06,0.06,
12:38:20:565,0.56,-1.48,1.16,0.04,-0.06,0.06,
12:38:20:567,0.56,-1.48,1.16,0.03,0.08,0.04,
12:38:20:568,0.47,-1.36,1.44,0.03,0.08,0.04,
12:38:20:569,0.47,-1.36,1.44,0.03,0.13,0.01,
12:38:20:570,0.47,-1.36,1.44,0.03,0.13,0.01,
12:38:20:572,0.47,-1.36,1.44,0.02,0.10,-0.01,
12:38:20:574,0.69,-1.75,2.34,0.02,0.10,-0.01,
12:38:20:574,0.69,-1.75,2.34,0.01,0.03,-0.01,
12:38:20:575,0.69,-1.75,2.34,0.01,0.03,-0.01,
12:38:20:577,0.69,-1.75,2.34,0.00,-0.03,0.00,
12:38:20:577,0.66,-0.20,2.80,0.00,-0.03,0.00,
12:38:20:580,0.66,-0.20,2.80,-0.01,-0.08,0.02,
12:38:20:581,0.66,-0.20,2.80,-0.01,-0.08,0.02,
12:38:20:582,0.66,-0.20,2.80,-0.01,-0.12,0.04,
12:38:20:582,0.76,-0.95,2.30,-0.01,-0.12,0.04,
12:38:20:584,0.76,-0.95,2.30,-0.00,-0.17,0.06,
12:38:20:585,0.76,-0.95,2.30,-0.00,-0.17,0.06,
12:38:20:588,0.76,-0.95,2.30,0.01,-0.17,0.06,
12:38:20:588,0.62,-1.17,1.07,0.01,-0.17,0.06,
12:38:20:589,0.62,-1.17,1.07,0.01,-0.05,0.04,
12:38:20:590,0.62,-1.17,1.07,0.01,-0.05,0.04,
12:38:20:592,0.62,-1.17,1.07,-0.00,0.16,0.02,
12:38:20:593,-0.32,-0.73,2.17,-0.00,0.16,0.02,
12:38:20:595,-0.32,-0.73,2.17,-0.02,0.30,0.00,
12:38:20:595,-0.32,-0.73,2.17,-0.02,0.30,0.00,
12:38:20:597,-0.32,-0.73,2.17,-0.02,0.27,-0.01,
12:38:20:598,0.23,0.90,4.31,-0.02,0.27,-0.01,
12:38:20:599,0.23,0.90,4.31,-0.02,0.10,-0.01,
12:38:20:600,0.23,0.90,4.31,-0.02,0.10,-0.01,
12:38:20:611,0.23,0.90,4.31,-0.03,-0.11,0.01,
12:38:20:612,0.15,-1.02,3.89,-0.03,-0.11,0.01,
12:38:20:613,0.15,-1.02,3.89,-0.03,-0.24,0.03,
12:38:20:614,0.15,-1.02,3.89,-0.03,-0.24,0.03,
12:38:20:614,0.15,-1.02,3.89,-0.03,-0.25,0.04,
12:38:20:615,-0.30,-1.71,2.89,-0.03,-0.25,0.04,
12:38:20:615,-0.30,-1.71,2.89,-0.02,-0.19,0.06,
12:38:20:616,-0.31,-1.71,2.89,-0.02,-0.19,0.06,
12:38:20:616,-0.31,-1.71,2.89,-0.01,-0.06,0.06,
12:38:20:617,-0.01,-0.85,2.44,-0.01,-0.06,0.06,
12:38:20:618,-0.01,-0.85,2.44,0.01,0.06,0.05,
12:38:20:618,-0.01,-0.85,2.44,0.01,0.06,0.05,
12:38:20:619,-0.01,-0.85,2.44,0.02,0.14,0.03,
12:38:20:619,0.59,-0.14,3.52,0.02,0.14,0.03,
12:38:20:620,0.59,-0.14,3.52,0.03,0.14,0.01,
12:38:20:620,0.59,-0.14,3.52,0.03,0.14,0.01,
12:38:20:625,0.59,-0.14,3.52,0.03,0.11,-0.01,
12:38:20:626,0.11,-0.58,4.27,0.03,0.11,-0.01,
12:38:20:626,0.11,-0.58,4.27,0.04,0.02,-0.01,
12:38:20:626,0.11,-0.58,4.27,0.04,0.02,-0.01,
12:38:20:627,0.11,-0.58,4.27,0.05,-0.12,-0.00,
12:38:20:628,0.52,-0.61,3.32,0.05,-0.12,-0.00,
12:38:20:629,0.52,-0.61,3.32,0.07,-0.26,0.02,
12:38:20:630,0.52,-0.61,3.32,0.07,-0.26,0.02,
12:38:20:632,0.52,-0.61,3.32,0.08,-0.31,0.04,
12:38:20:633,1.01,-0.81,1.51,0.08,-0.31,0.04,
12:38:20:635,1.01,-0.81,1.51,0.08,-0.24,0.05,
12:38:20:635,1.01,-0.81,1.51,0.08,-0.24,0.05,
12:38:20:637,1.01,-0.81,1.51,0.07,-0.05,0.04,
12:38:20:638,1.24,-0.36,1.47,0.07,-0.05,0.04,
12:38:20:639,1.24,-0.36,1.47,0.05,0.14,0.02,
12:38:20:640,1.24,-0.37,1.47,0.05,0.14,0.02,
12:38:20:642,1.24,-0.37,1.47,0.02,0.25,-0.01,
12:38:20:642,0.71,-1.31,2.40,0.02,0.25,-0.01,
12:38:20:644,0.71,-1.31,2.40,-0.00,0.23,-0.03,
12:38:20:645,0.71,-1.31,2.40,-0.00,0.23,-0.03,
12:38:20:647,0.71,-1.31,2.40,-0.02,0.13,-0.04,
12:38:20:648,-0.16,-2.26,2.97,-0.02,0.13,-0.04,
12:38:20:649,-0.16,-2.26,2.97,-0.03,-0.03,-0.03,
12:38:20:650,-0.16,-2.26,2.97,-0.03,-0.03,-0.03,
12:38:20:655,-0.16,-2.26,2.97,-0.02,-0.18,0.00,
12:38:20:656,0.34,-0.36,2.77,-0.02,-0.18,0.00,
12:38:20:656,0.34,-0.36,2.77,-0.01,-0.25,0.03,
12:38:20:657,0.34,-0.36,2.77,-0.01,-0.25,0.03,
12:38:20:657,0.34,-0.36,2.77,0.00,-0.19,0.05,
12:38:20:657,0.82,0.60,2.74,0.00,-0.19,0.05,
12:38:20:659,0.82,0.60,2.74,0.00,-0.05,0.06,
12:38:20:660,0.81,0.60,2.74,0.00,-0.05,0.06,
12:38:20:662,0.81,0.60,2.74,0.00,0.03,0.05,
12:38:20:662,0.38,-1.97,1.88,0.00,0.03,0.05,
12:38:20:664,0.38,-1.97,1.88,0.01,0.04,0.03,
12:38:20:665,0.38,-1.97,1.88,0.01,0.04,0.03,
12:38:20:668,0.38,-1.97,1.88,0.01,0.05,0.02,
12:38:20:670,-0.21,-1.97,2.37,0.01,0.05,0.02,
12:38:20:672,-0.21,-1.97,2.37,0.00,0.10,0.00,
12:38:20:680,-0.21,-1.97,2.37,0.00,0.10,0.00,
12:38:20:682,-0.21,-1.97,2.37,-0.00,0.13,-0.01,
12:38:20:684,0.01,-0.07,3.94,-0.00,0.13,-0.01,
12:38:20:687,0.01,-0.07,3.94,0.00,0.07,-0.00,
12:38:20:688,0.01,-0.07,3.94,0.00,0.07,-0.00,
12:38:20:688,0.01,-0.07,3.94,0.01,-0.08,0.01,
12:38:20:689,0.72,-0.42,3.73,0.01,-0.08,0.01,
12:38:20:690,0.72,-0.42,3.73,0.03,-0.21,0.03,
12:38:20:690,0.72,-0.42,3.73,0.03,-0.21,0.03,
12:38:20:691,0.72,-0.42,3.73,0.03,-0.23,0.05,
12:38:20:691,0.44,-0.76,2.40,0.03,-0.23,0.05,
12:38:20:692,0.44,-0.76,2.40,0.03,-0.10,0.04,
12:38:20:692,0.44,-0.76,2.40,0.03,-0.10,0.04,
12:38:20:693,0.44,-0.76,2.40,0.02,0.09,0.02,
12:38:20:693,-0.28,-0.73,2.14,0.02,0.09,0.02,
12:38:20:694,-0.28,-0.73,2.14,0.01,0.18,0.00,
12:38:20:694,-0.28,-0.73,2.14,0.01,0.18,0.00,
12:38:20:695,-0.28,-0.73,2.14,-0.01,0.15,-0.01,
12:38:20:696,0.55,-1.58,3.71,-0.01,0.15,-0.01,
12:38:20:697,0.55,-1.58,3.71,-0.02,0.02,-0.01,
12:38:20:698,0.55,-1.58,3.71,-0.02,0.02,-0.01,
12:38:20:698,0.55,-1.58,3.71,-0.01,-0.14,-0.00,
12:38:20:699,1.10,-0.53,3.40,-0.01,-0.14,-0.00,
12:38:20:700,1.10,-0.53,3.40,-0.00,-0.21,0.01,
12:38:20:701,1.09,-0.53,3.40,-0.00,-0.21,0.01,
12:38:20:702,1.09,-0.53,3.40,0.01,-0.16,0.03,
12:38:20:703,0.43,-0.75,2.39,0.01,-0.16,0.03,
12:38:20:704,0.43,-0.75,2.39,0.02,-0.09,0.04,
12:38:20:705,0.42,-0.75,2.39,0.02,-0.09,0.04,
12:38:20:710,0.42,-0.75,2.39,0.04,-0.08,0.04,
12:38:20:711,0.82,-1.86,0.91,0.04,-0.08,0.04,
12:38:20:712,0.82,-1.86,0.91,0.04,-0.08,0.03,
12:38:20:712,0.82,-1.86,0.91,0.04,-0.08,0.03,
12:38:20:713,0.82,-1.86,0.91,0.03,-0.02,0.01,
12:38:20:713,0.86,-2.00,1.37,0.03,-0.02,0.01,
12:38:20:714,0.86,-2.00,1.37,0.02,0.10,-0.01,
12:38:20:715,0.86,-2.00,1.37,0.02,0.10,-0.01,
12:38:20:722,0.86,-2.00,1.37,0.00,0.17,-0.03,
12:38:20:723,0.41,-1.17,1.98,0.00,0.17,-0.03,
12:38:20:724,0.41,-1.17,1.98,-0.00,0.12,-0.03,
12:38:20:726,0.41,-1.17,1.98,-0.00,0.12,-0.03,
12:38:20:727,0.41,-1.17,1.98,-0.01,0.00,-0.02,
12:38:20:728,0.63,-1.70,2.35,-0.01,0.00,-0.02,
12:38:20:729,0.63,-1.70,2.35,-0.02,-0.11,-0.00,
12:38:20:730,0.63,-1.70,2.35,-0.02,-0.11,-0.00,
12:38:20:730,0.63,-1.70,2.35,-0.02,-0.17,0.02,
12:38:20:731,0.55,-1.56,1.85,-0.02,-0.17,0.02,
12:38:20:731,0.55,-1.56,1.85,-0.03,-0.13,0.03,
12:38:20:732,0.54,-1.56,1.85,-0.03,-0.13,0.03,
12:38:20:732,0.54,-1.56,1.85,-0.03,-0.03,0.03,
12:38:20:733,0.30,-1.62,1.57,-0.03,-0.03,0.03,
12:38:20:734,0.30,-1.62,1.57,-0.04,0.04,0.02,
12:38:20:735,0.30,-1.62,1.57,-0.04,0.04,0.02,
12:38:20:737,0.30,-1.62,1.57,-0.06,0.11,0.01,
12:38:20:737,0.14,-2.22,2.29,-0.06,0.11,0.01,
12:38:20:739,0.14,-2.22,2.29,-0.07,0.13,-0.01,
12:38:20:740,0.14,-2.22,2.29,-0.07,0.13,-0.01,
12:38:20:742,0.14,-2.22,2.29,-0.07,0.08,-0.02,
12:38:20:742,0.07,-1.69,3.12,-0.07,0.08,-0.02,
12:38:20:744,0.07,-1.69,3.12,-0.06,-0.01,-0.02,
12:38:20:745,0.07,-1.68,3.12,-0.06,-0.01,-0.02,
12:38:20:747,0.07,-1.68,3.12,-0.04,-0.12,0.00,
12:38:20:748,0.06,-1.96,2.24,-0.04,-0.12,0.00,
12:38:20:749,0.06,-1.96,2.24,-0.02,-0.20,0.03,
12:38:20:750,0.05,-1.96,2.24,-0.02,-0.20,0.03,
12:38:20:752,0.05,-1.96,2.24,-0.01,-0.19,0.05,
12:38:20:753,0.86,-1.21,2.45,-0.01,-0.19,0.05,
12:38:20:754,0.86,-1.21,2.45,-0.01,-0.07,0.05,
12:38:20:755,0.85,-1.21,2.45,-0.01,-0.07,0.05,
12:38:20:757,0.85,-1.21,2.45,-0.01,0.05,0.04,
12:38:20:757,0.25,-2.61,1.49,-0.01,0.05,0.04,
12:38:20:759,0.25,-2.61,1.49,-0.02,0.11,0.02,
12:38:20:760,0.25,-2.61,1.49,-0.02,0.11,0.02,
12:38:20:762,0.25,-2.61,1.49,-0.03,0.11,-0.00,
12:38:20:762,0.01,-2.98,2.28,-0.03,0.11,-0.00,
12:38:20:764,0.01,-2.98,2.28,-0.04,0.08,-0.01,
12:38:20:765,0.01,-2.98,2.28,-0.04,0.08,-0.01,
12:38:20:768,0.01,-2.98,2.28,-0.03,0.05,-0.02,
12:38:20:769,-0.75,-1.28,2.23,-0.03,0.05,-0.02,
12:38:20:771,-0.75,-1.28,2.23,-0.03,0.03,-0.00,
12:38:20:772,-0.75,-1.27,2.23,-0.03,0.03,-0.00,
12:38:20:773,-0.75,-1.27,2.23,-0.03,-0.02,0.02,
12:38:20:774,0.35,0.01,3.26,-0.03,-0.02,0.02,
12:38:20:774,0.35,0.01,3.26,-0.03,-0.11,0.04,
12:38:20:775,0.35,0.01,3.26,-0.03,-0.11,0.04,
12:38:20:777,0.35,0.01,3.26,-0.03,-0.22,0.05,
12:38:20:778,0.86,-2.72,1.11,-0.03,-0.22,0.05,
12:38:20:779,0.86,-2.72,1.11,-0.03,-0.28,0.05,
12:38:20:780,0.86,-2.72,1.11,-0.03,-0.28,0.05,
12:38:20:782,0.86,-2.72,1.11,-0.06,-0.24,0.04,
12:38:20:783,1.11,-4.20,0.89,-0.06,-0.24,0.04,
12:38:20:786,1.11,-4.20,0.89,-0.08,-0.07,0.02,
12:38:20:787,1.10,-4.20,0.89,-0.08,-0.07,0.02,
12:38:20:789,1.10,-4.20,0.89,-0.09,0.10,0.01,
12:38:20:789,0.49,-1.97,0.68,-0.09,0.10,0.01,
12:38:20:790,0.49,-1.97,0.68,-0.08,0.20,-0.01,
12:38:20:790,0.49,-1.97,0.68,-0.08,0.20,-0.01,
12:38:20:792,0.49,-1.97,0.68,-0.07,0.21,-0.02,
12:38:20:793,0.51,-1.46,2.12,-0.07,0.21,-0.02,
12:38:20:794,0.51,-1.46,2.12,-0.07,0.12,-0.01,
12:38:20:801,0.51,-1.46,2.12,-0.07,0.12,-0.01,
12:38:20:802,0.51,-1.46,2.12,-0.07,-0.01,-0.00,
12:38:20:803,0.66,-2.02,2.51,-0.07,-0.01,-0.00,
12:38:20:804,0.66,-2.02,2.51,-0.07,-0.10,0.01,
12:38:20:804,0.66,-2.02,2.51,-0.07,-0.10,0.01,
12:38:20:805,0.66,-2.02,2.51,-0.08,-0.13,0.02,
12:38:20:806,-0.02,-3.15,1.50,-0.08,-0.13,0.02,
12:38:20:807,-0.02,-3.15,1.50,-0.08,-0.14,0.03,
12:38:20:807,-0.03,-3.15,1.50,-0.08,-0.14,0.03,
12:38:20:808,-0.03,-3.15,1.50,-0.09,-0.12,0.04,
12:38:20:808,0.16,-4.06,1.14,-0.09,-0.12,0.04,
12:38:20:813,0.16,-4.06,1.14,-0.10,-0.06,0.04,
12:38:20:814,0.16,-4.06,1.14,-0.10,-0.06,0.04,
12:38:20:814,0.16,-4.06,1.14,-0.10,0.03,0.03,
12:38:20:815,0.04,-2.70,1.33,-0.10,0.03,0.03,
12:38:20:815,0.04,-2.70,1.33,-0.10,0.13,0.02,
12:38:20:815,0.04,-2.70,1.32,-0.10,0.13,0.02,
12:38:20:823,0.04,-2.70,1.32,-0.10,0.19,0.01,
12:38:20:824,0.35,-1.64,3.28,-0.10,0.19,0.01,
12:38:20:824,0.35,-1.64,3.28,-0.10,0.15,0.00,
12:38:20:825,0.35,-1.63,3.28,-0.10,0.15,0.00,
12:38:20:825,0.35,-1.63,3.28,-0.09,0.03,0.00,
12:38:20:826,-0.05,-2.21,2.79,-0.09,0.03,0.00,
12:38:20:826,-0.05,-2.21,2.79,-0.08,-0.11,0.01,
12:38:20:827,-0.06,-2.21,2.79,-0.08,-0.11,0.01,
12:38:20:827,-0.06,-2.21,2.79,-0.08,-0.17,0.03,
12:38:20:828,-0.10,-2.71,2.42,-0.08,-0.17,0.03,
12:38:20:829,-0.10,-2.71,2.42,-0.08,-0.11,0.04,
12:38:20:830,-0.10,-2.71,2.42,-0.08,-0.11,0.04,
12:38:20:832,-0.10,-2.71,2.42,-0.08,-0.03,0.03,
12:38:20:833,0.15,-1.50,2.21,-0.08,-0.03,0.03,
12:38:20:835,0.15,-1.50,2.21,-0.07,0.01,0.03,
12:38:20:836,0.14,-1.50,2.21,-0.07,0.01,0.03,
12:38:20:837,0.14,-1.50,2.21,-0.07,0.02,0.03,
12:38:20:837,0.51,-1.85,2.31,-0.07,0.02,0.03,
12:38:20:839,0.51,-1.85,2.31,-0.07,0.03,0.01,
12:38:20:840,0.51,-1.85,2.31,-0.07,0.03,0.01,
12:38:20:842,0.51,-1.85,2.31,-0.07,0.03,-0.00,
12:38:20:843,0.05,-2.41,1.92,-0.07,0.03,-0.00,
12:38:20:844,0.05,-2.41,1.92,-0.07,0.00,-0.01,
12:38:20:845,0.05,-2.41,1.91,-0.07,0.00,-0.01,
12:38:20:847,0.05,-2.41,1.91,-0.07,-0.05,-0.00,
12:38:20:848,0.50,-2.61,2.04,-0.07,-0.05,-0.00,
12:38:20:849,0.50,-2.61,2.04,-0.08,-0.12,0.01,
12:38:20:850,0.50,-2.61,2.03,-0.08,-0.12,0.01,
12:38:20:852,0.50,-2.61,2.03,-0.08,-0.14,0.02,
12:38:20:853,0.81,-3.24,1.24,-0.08,-0.14,0.02,
12:38:20:854,0.81,-3.24,1.24,-0.09,-0.11,0.03,
12:38:20:855,0.81,-3.24,1.24,-0.09,-0.11,0.03,
12:38:20:857,0.81,-3.24,1.24,-0.10,-0.02,0.03,
12:38:20:857,0.26,-3.04,0.88,-0.10,-0.02,0.03,
12:38:20:859,0.26,-3.04,0.88,-0.11,0.07,0.02,
12:38:20:860,0.26,-3.04,0.88,-0.11,0.07,0.02,
12:38:20:862,0.26,-3.04,0.88,-0.11,0.13,0.00,
12:38:20:863,0.03,-3.06,1.59,-0.11,0.13,0.00,
12:38:20:864,0.03,-3.06,1.59,-0.11,0.12,-0.01,
12:38:20:865,0.03,-3.06,1.58,-0.11,0.12,-0.01,
12:38:20:868,0.03,-3.06,1.58,-0.10,0.06,-0.01,
12:38:20:868,0.09,-2.54,2.17,-0.10,0.06,-0.01,
12:38:20:872,0.09,-2.54,2.17,-0.10,-0.03,0.00,
12:38:20:873,0.09,-2.54,2.17,-0.11,-0.10,0.02,
12:38:20:874,0.58,-2.73,2.67,-0.11,-0.10,0.02,
12:38:20:875,0.58,-2.73,2.67,-0.11,-0.10,0.02,
12:38:20:875,0.58,-2.73,2.67,-0.12,-0.11,0.04,
12:38:20:876,0.58,-2.73,2.66,-0.12,-0.11,0.04,
12:38:20:877,0.58,-2.73,2.66,-0.12,-0.07,0.04,
12:38:20:878,-0.07,-3.63,1.61,-0.12,-0.07,0.04,
12:38:20:879,-0.07,-3.63,1.61,-0.12,-0.02,0.04,
12:38:20:880,-0.07,-3.63,1.61,-0.12,-0.02,0.04,
12:38:20:883,-0.07,-3.63,1.61,-0.12,0.03,0.02,
12:38:20:884,-0.09,-3.57,1.82,-0.12,0.03,0.02,
12:38:20:886,-0.09,-3.57,1.82,-0.11,0.04,0.01,
12:38:20:888,-0.09,-3.57,1.82,-0.11,0.04,0.01,
12:38:20:890,-0.09,-3.57,1.82,-0.11,0.06,0.00,
12:38:20:892,0.08,-3.13,2.74,-0.11,0.06,0.00,
12:38:20:893,0.08,-3.13,2.74,-0.10,0.04,0.00,
12:38:20:894,0.08,-3.13,2.74,-0.10,0.04,0.00,
12:38:20:895,0.08,-3.13,2.74,-0.09,-0.03,0.01,
12:38:20:897,0.48,-2.59,2.79,-0.09,-0.03,0.01,
12:38:20:897,0.48,-2.59,2.79,-0.08,-0.10,0.03,
12:38:20:898,0.48,-2.59,2.79,-0.08,-0.10,0.03,
12:38:20:899,0.48,-2.59,2.79,-0.07,-0.12,0.04,
12:38:20:899,0.28,-2.98,2.16,-0.07,-0.12,0.04,
12:38:20:900,0.28,-2.98,2.16,-0.07,-0.06,0.04,
12:38:20:901,0.28,-2.98,2.16,-0.07,-0.06,0.04,
12:38:20:907,0.28,-2.98,2.16,-0.07,0.04,0.03,
12:38:20:908,-0.18,-2.84,1.85,-0.07,0.04,0.03,
12:38:20:908,-0.18,-2.84,1.85,-0.07,0.11,0.02,
12:38:20:908,-0.18,-2.84,1.85,-0.07,0.11,0.02,
12:38:20:909,-0.18,-2.84,1.85,-0.07,0.11,0.01,
12:38:20:909,0.42,-1.84,2.96,-0.07,0.11,0.01,
12:38:20:910,0.42,-1.84,2.96,-0.08,0.07,0.00,
12:38:20:910,0.42,-1.84,2.96,-0.08,0.07,0.00,
12:38:20:912,0.42,-1.84,2.96,-0.09,0.04,0.00,
12:38:20:913,-0.10,-2.35,3.49,-0.09,0.04,0.00,
12:38:20:914,-0.10,-2.35,3.49,-0.10,0.00,0.00,
12:38:20:915,-0.10,-2.35,3.49,-0.10,0.00,0.00,
12:38:20:917,-0.10,-2.35,3.49,-0.10,-0.07,0.02,
12:38:20:918,0.28,-1.51,2.91,-0.10,-0.07,0.02,
12:38:20:919,0.28,-1.51,2.91,-0.09,-0.16,0.04,
12:38:20:924,0.28,-1.51,2.91,-0.09,-0.16,0.04,
12:38:20:925,0.28,-1.51,2.91,-0.08,-0.18,0.05,
12:38:20:925,0.69,-1.74,2.21,-0.08,-0.18,0.05,
12:38:20:926,0.69,-1.74,2.21,-0.07,-0.11,0.05,
12:38:20:926,0.69,-1.74,2.21,-0.07,-0.11,0.05,
12:38:20:927,0.69,-1.74,2.21,-0.07,-0.00,0.04,
12:38:20:928,0.22,-2.81,1.56,-0.07,-0.00,0.04,
12:38:20:930,0.22,-2.81,1.56,-0.07,0.06,0.03,
12:38:20:930,0.22,-2.81,1.55,-0.07,0.06,0.03,
12:38:20:932,0.22,-2.81,1.55,-0.07,0.08,0.01,
12:38:20:932,0.32,-2.88,2.06,-0.07,0.08,0.01,
12:38:20:934,0.32,-2.88,2.06,-0.07,0.05,-0.01,
12:38:20:935,0.32,-2.88,2.05,-0.07,0.05,-0.01,
12:38:20:938,0.32,-2.88,2.05,-0.07,-0.01,-0.01,
12:38:20:939,0.29,-2.82,2.23,-0.07,-0.01,-0.01,
12:38:20:939,0.29,-2.82,2.23,-0.08,-0.06,-0.00,
12:38:20:940,0.29,-2.82,2.23,-0.08,-0.06,-0.00,
12:38:20:942,0.29,-2.82,2.23,-0.08,-0.10,0.01,
12:38:20:943,0.17,-3.56,1.78,-0.08,-0.10,0.01,
12:38:20:944,0.17,-3.56,1.78,-0.08,-0.10,0.03,
12:38:20:945,0.17,-3.56,1.77,-0.08,-0.10,0.03,
12:38:20:948,0.17,-3.56,1.77,-0.09,-0.05,0.04,
12:38:20:948,0.52,-2.40,2.10,-0.09,-0.05,0.04,
12:38:20:950,0.52,-2.40,2.10,-0.09,0.03,0.05,
12:38:20:951,0.52,-2.40,2.10,-0.09,0.03,0.05,
12:38:20:952,0.52,-2.40,2.10,-0.10,0.09,0.04,
12:38:20:953,0.45,-2.88,2.63,-0.10,0.09,0.04,
12:38:20:954,0.45,-2.88,2.63,-0.10,0.11,0.02,
12:38:20:955,0.45,-2.88,2.62,-0.10,0.11,0.02,
12:38:20:957,0.45,-2.88,2.62,-0.10,0.10,0.00,
12:38:20:958,-0.26,-2.60,3.48,-0.10,0.10,0.00,
12:38:20:959,-0.26,-2.60,3.48,-0.09,0.05,-0.00,
12:38:20:960,-0.26,-2.60,3.48,-0.09,0.05,-0.00,
12:38:20:962,-0.26,-2.60,3.48,-0.09,-0.01,0.00,
12:38:20:963,-0.57,-3.15,3.73,-0.09,-0.01,0.00,
12:38:20:965,-0.57,-3.15,3.73,-0.08,-0.08,0.02,
12:38:20:966,-0.57,-3.15,3.73,-0.08,-0.08,0.02,
12:38:20:968,-0.57,-3.15,3.73,-0.06,-0.13,0.04,
12:38:20:968,-0.45,-3.40,2.49,-0.06,-0.13,0.04,
12:38:20:970,-0.45,-3.40,2.49,-0.03,-0.19,0.06,
12:38:20:972,-0.45,-3.40,2.49,-0.03,-0.19,0.06,
12:38:20:973,-0.45,-3.40,2.49,-0.01,-0.18,0.07,
12:38:20:974,0.69,-2.11,2.12,-0.01,-0.18,0.07,
12:38:20:974,0.69,-2.11,2.12,-0.00,-0.08,0.07,
12:38:20:975,0.69,-2.11,2.12,-0.00,-0.08,0.07,
12:38:20:977,0.69,-2.11,2.12,-0.00,0.05,0.05,
12:38:20:978,0.17,-3.29,1.37,-0.00,0.05,0.05,
12:38:20:979,0.17,-3.29,1.37,-0.01,0.12,0.03,
12:38:20:980,0.17,-3.29,1.37,-0.01,0.12,0.03,
12:38:20:982,0.17,-3.29,1.37,-0.01,0.11,0.01,
12:38:20:984,0.51,-2.44,2.30,-0.01,0.11,0.01,
12:38:20:985,0.51,-2.44,2.30,-0.02,0.06,-0.00,
12:38:20:986,0.51,-2.44,2.30,-0.02,0.06,-0.00,
12:38:20:988,0.51,-2.44,2.30,-0.04,0.04,-0.01,
12:38:20:989,0.15,-1.73,3.06,-0.04,0.04,-0.01,
12:38:20:995,0.15,-1.73,3.06,-0.06,0.04,-0.00,
12:38:20:995,0.15,-1.73,3.06,-0.06,0.04,-0.00,
12:38:20:996,0.15,-1.73,3.06,-0.07,-0.02,0.01,
12:38:20:997,0.32,-1.74,2.99,-0.07,-0.02,0.01,
12:38:20:998,0.32,-1.74,2.99,-0.08,-0.13,0.03,
12:38:20:998,0.32,-1.74,2.99,-0.08,-0.13,0.03,
12:38:20:999,0.32,-1.74,2.99,-0.09,-0.18,0.05,
12:38:20:999,1.20,-2.53,2.84,-0.09,-0.18,0.05,
12:38:21:000,1.20,-2.53,2.84,-0.10,-0.14,0.05,
12:38:21:000,1.20,-2.53,2.83,-0.10,-0.14,0.05,
12:38:21:010,1.20,-2.53,2.83,-0.11,0.01,0.04,
12:38:21:011,-0.18,-2.41,2.40,-0.11,0.01,0.04,
12:38:21:012,-0.18,-2.41,2.40,-0.10,0.18,0.03,
12:38:21:012,-0.18,-2.41,2.39,-0.10,0.18,0.03,
12:38:21:013,-0.18,-2.41,2.39,-0.10,0.28,0.02,
12:38:21:013,-0.00,-0.88,5.15,-0.10,0.28,0.02,
12:38:21:014,-0.00,-0.88,5.15,-0.09,0.19,0.01,
12:38:21:014,-0.00,-0.88,5.15,-0.09,0.19,0.01,
12:38:21:015,-0.00,-0.88,5.15,-0.06,-0.08,0.01,
12:38:21:015,1.52,-1.15,5.22,-0.06,-0.08,0.01,
12:38:21:016,1.52,-1.15,5.22,0.00,-0.33,0.02,
12:38:21:017,1.52,-1.15,5.22,0.00,-0.33,0.02,
12:38:21:017,1.52,-1.15,5.22,0.05,-0.45,0.02,
12:38:21:017,0.69,-1.89,1.09,0.05,-0.45,0.02,
12:38:21:022,0.69,-1.89,1.09,0.08,-0.35,0.02,
12:38:21:023,0.69,-1.89,1.10,0.08,-0.35,0.02,
12:38:21:023,0.69,-1.89,1.10,0.08,-0.07,0.02,
12:38:21:024,0.26,-1.78,1.18,0.08,-0.07,0.02,
12:38:21:024,0.26,-1.78,1.18,0.07,0.15,0.02,
12:38:21:024,0.26,-1.78,1.18,0.07,0.15,0.02,
12:38:21:027,0.26,-1.78,1.18,0.07,0.23,0.01,
12:38:21:027,0.86,-0.93,1.66,0.07,0.23,0.01,
12:38:21:029,0.86,-0.93,1.66,0.04,0.25,-0.00,
12:38:21:030,0.86,-0.94,1.66,0.04,0.25,-0.00,
12:38:21:032,0.86,-0.94,1.66,-0.01,0.20,-0.01,
12:38:21:032,0.36,-3.80,3.58,-0.01,0.20,-0.01,
12:38:21:034,0.36,-3.80,3.58,-0.07,0.08,-0.01,
12:38:21:035,0.36,-3.79,3.58,-0.07,0.08,-0.01,
12:38:21:037,0.36,-3.79,3.58,-0.10,-0.07,-0.00,
12:38:21:038,-0.21,-3.63,3.17,-0.10,-0.07,-0.00,
12:38:21:039,-0.21,-3.63,3.17,-0.09,-0.22,0.02,
12:38:21:040,-0.21,-3.63,3.17,-0.09,-0.22,0.02,
12:38:21:042,-0.21,-3.63,3.17,-0.07,-0.29,0.03,
12:38:21:043,1.45,-0.91,2.10,-0.07,-0.29,0.03,
12:38:21:044,1.45,-0.91,2.10,-0.06,-0.26,0.04,
12:38:21:051,1.45,-0.91,2.10,-0.06,-0.26,0.04,
12:38:21:052,1.45,-0.91,2.10,-0.07,-0.12,0.03,
12:38:21:053,1.81,-2.09,2.85,-0.07,-0.12,0.03,
12:38:21:053,1.81,-2.09,2.85,-0.07,0.08,0.01,
12:38:21:054,1.81,-2.09,2.85,-0.07,0.08,0.01,
12:38:21:055,1.81,-2.09,2.85,-0.05,0.25,-0.01,
12:38:21:055,0.33,-1.83,2.85,-0.05,0.25,-0.01,
12:38:21:055,0.33,-1.83,2.85,-0.04,0.35,-0.03,
12:38:21:056,0.33,-1.83,2.84,-0.04,0.35,-0.03,
12:38:21:057,0.33,-1.83,2.84,-0.03,0.34,-0.05,
12:38:21:058,-0.26,-0.93,5.40,-0.03,0.34,-0.05,
12:38:21:059,-0.26,-0.93,5.40,-0.00,0.17,-0.05,
12:38:21:060,-0.26,-0.93,5.40,-0.00,0.17,-0.05,
12:38:21:062,-0.26,-0.93,5.40,0.03,-0.10,-0.04,
12:38:21:063,0.13,-0.58,4.55,0.03,-0.10,-0.04,
12:38:21:065,0.13,-0.58,4.55,0.07,-0.29,-0.01,
12:38:21:065,0.13,-0.58,4.55,0.07,-0.29,-0.01,
12:38:21:067,0.13,-0.58,4.55,0.09,-0.34,0.01,
12:38:21:068,1.27,0.62,3.41,0.09,-0.34,0.01,
12:38:21:070,1.27,0.62,3.41,0.09,-0.25,0.03,
12:38:21:071,1.27,0.62,3.41,0.09,-0.25,0.03,
12:38:21:072,1.27,0.62,3.41,0.08,-0.11,0.03,
12:38:21:073,1.16,-1.16,1.24,0.08,-0.11,0.03,
12:38:21:074,1.16,-1.16,1.24,0.06,0.03,0.01,
12:38:21:075,1.16,-1.17,1.25,0.06,0.03,0.01,
12:38:21:077,1.16,-1.17,1.25,0.03,0.16,-0.02,
12:38:21:077,0.89,-3.17,2.42,0.03,0.16,-0.02,
12:38:21:079,0.89,-3.17,2.42,-0.02,0.27,-0.05,
12:38:21:080,0.89,-3.17,2.42,-0.02,0.27,-0.05,
12:38:21:082,0.89,-3.17,2.42,-0.05,0.27,-0.08,
12:38:21:083,0.42,-1.91,3.98,-0.05,0.27,-0.08,
12:38:21:097,0.42,-1.91,3.98,-0.06,0.13,-0.08,
12:38:21:098,0.42,-1.91,3.98,-0.06,0.13,-0.08,
12:38:21:099,0.42,-1.91,3.98,-0.04,-0.08,-0.07,
12:38:21:099,0.85,-1.46,4.25,-0.04,-0.08,-0.07,
12:38:21:100,0.85,-1.46,4.25,-0.02,-0.25,-0.05,
12:38:21:100,0.85,-1.46,4.25,-0.02,-0.25,-0.05,
12:38:21:100,0.85,-1.46,4.25,-0.01,-0.29,-0.02,
12:38:21:101,1.32,-1.67,3.56,-0.01,-0.29,-0.02,
12:38:21:101,1.32,-1.67,3.56,-0.00,-0.18,0.00,
12:38:21:102,1.32,-1.67,3.56,-0.00,-0.18,0.00,
12:38:21:102,1.32,-1.67,3.56,0.01,0.01,0.01,
12:38:21:102,0.26,-2.10,2.25,0.01,0.01,0.01,
12:38:21:103,0.26,-2.10,2.25,0.02,0.15,-0.01,
12:38:21:104,0.26,-2.10,2.25,0.02,0.15,-0.01,
12:38:21:105,0.26,-2.10,2.25,0.03,0.19,-0.03,
12:38:21:106,0.82,-1.86,3.82,0.03,0.19,-0.03,
12:38:21:106,0.82,-1.86,3.82,0.04,0.18,-0.05,
12:38:21:107,0.82,-1.86,3.82,0.04,0.18,-0.05,
12:38:21:108,0.82,-1.86,3.82,0.05,0.16,-0.06,
12:38:21:108,0.02,-0.48,4.79,0.05,0.16,-0.06,
12:38:21:109,0.02,-0.48,4.79,0.07,0.11,-0.06,
12:38:21:110,0.02,-0.48,4.79,0.07,0.11,-0.06,
12:38:21:112,0.02,-0.48,4.79,0.09,0.02,-0.04,
12:38:21:112,0.02,1.45,4.94,0.09,0.02,-0.04,
12:38:21:114,0.02,1.45,4.94,0.12,-0.12,-0.01,
12:38:21:115,0.02,1.45,4.94,0.12,-0.12,-0.01,
12:38:21:117,0.02,1.45,4.94,0.14,-0.22,0.02,
12:38:21:118,0.13,0.34,2.47,0.14,-0.22,0.02,
12:38:21:119,0.13,0.34,2.47,0.13,-0.20,0.03,
12:38:21:120,0.13,0.34,2.47,0.13,-0.20,0.03,
12:38:21:122,0.13,0.34,2.47,0.09,-0.06,0.02,
12:38:21:123,0.92,-0.86,2.76,0.09,-0.06,0.02,
12:38:21:124,0.92,-0.86,2.76,0.04,0.11,0.01,
12:38:21:125,0.92,-0.86,2.76,0.04,0.11,0.01,
12:38:21:127,0.92,-0.86,2.76,-0.01,0.19,-0.02,
12:38:21:128,1.67,-0.95,4.04,-0.01,0.19,-0.02,
12:38:21:129,1.67,-0.95,4.04,-0.04,0.14,-0.06,
12:38:21:130,1.67,-0.95,4.04,-0.04,0.14,-0.06,
12:38:21:132,1.67,-0.95,4.04,-0.04,0.03,-0.08,
12:38:21:133,0.87,-1.48,4.19,-0.04,0.03,-0.08,
12:38:21:135,0.87,-1.48,4.19,-0.03,-0.09,-0.08,
12:38:21:135,0.87,-1.48,4.19,-0.03,-0.09,-0.08,
12:38:21:137,0.87,-1.48,4.19,-0.00,-0.12,-0.06,
12:38:21:138,1.35,1.34,4.66,-0.00,-0.12,-0.06,
12:38:21:139,1.35,1.34,4.66,0.02,-0.05,-0.04,
12:38:21:140,1.35,1.34,4.66,0.02,-0.05,-0.04,
12:38:21:142,1.35,1.34,4.66,0.03,0.05,-0.03,
12:38:21:142,1.38,0.17,4.65,0.03,0.05,-0.03,
12:38:21:145,1.38,0.17,4.65,0.05,0.10,-0.03,
12:38:21:146,1.38,0.17,4.65,0.05,0.10,-0.03,
12:38:21:148,1.38,0.17,4.65,0.06,0.06,-0.03,
12:38:21:148,0.55,-2.90,4.33,0.06,0.06,-0.03,
12:38:21:151,0.55,-2.90,4.33,0.06,0.00,-0.04,
12:38:21:151,0.55,-2.90,4.33,0.06,0.00,-0.04,
12:38:21:152,0.55,-2.90,4.33,0.08,-0.00,-0.05,
12:38:21:153,1.40,1.02,4.97,0.08,-0.00,-0.05,
12:38:21:155,1.40,1.02,4.97,0.10,0.06,-0.06,
12:38:21:157,1.40,1.02,4.97,0.10,0.06,-0.06,
12:38:21:158,1.40,1.02,4.97,0.13,0.12,-0.07,
12:38:21:160,0.32,0.88,4.01,0.13,0.12,-0.07,
12:38:21:161,0.32,0.88,4.01,0.14,0.06,-0.07,
12:38:21:162,0.33,0.88,4.01,0.14,0.06,-0.07,
12:38:21:163,0.33,0.88,4.01,0.15,-0.11,-0.06,
12:38:21:165,1.78,0.54,3.69,0.15,-0.11,-0.06,
12:38:21:166,1.78,0.54,3.69,0.15,-0.22,-0.05,
12:38:21:167,1.78,0.54,3.69,0.15,-0.22,-0.05,
12:38:21:169,1.78,0.54,3.69,0.13,-0.17,-0.04,
12:38:21:170,1.85,0.08,2.89,0.13,-0.17,-0.04,
12:38:21:171,1.85,0.08,2.89,0.10,0.04,-0.05,
12:38:21:176,1.85,0.08,2.89,0.10,0.04,-0.05,
12:38:21:177,1.85,0.08,2.89,0.06,0.20,-0.07,
12:38:21:177,0.66,-1.52,2.84,0.06,0.20,-0.07,
12:38:21:178,0.66,-1.52,2.84,0.03,0.24,-0.08,
12:38:21:178,0.66,-1.52,2.84,0.03,0.24,-0.08,
12:38:21:179,0.66,-1.52,2.84,0.01,0.20,-0.10,
12:38:21:179,0.56,-1.03,4.59,0.01,0.20,-0.10,
12:38:21:179,0.56,-1.03,4.59,0.01,0.14,-0.11,
12:38:21:179,0.56,-1.03,4.59,0.01,0.14,-0.11,
12:38:21:182,0.56,-1.03,4.59,0.02,0.07,-0.11,
12:38:21:184,0.48,1.03,5.78,0.02,0.07,-0.11,
12:38:21:184,0.48,1.03,5.78,0.03,-0.03,-0.09,
12:38:21:185,0.48,1.03,5.78,0.03,-0.03,-0.09,
12:38:21:191,0.48,1.03,5.78,0.05,-0.14,-0.06,
12:38:21:192,1.04,-0.31,5.09,0.05,-0.14,-0.06,
12:38:21:193,1.04,-0.31,5.09,0.06,-0.17,-0.03,
12:38:21:193,1.04,-0.31,5.09,0.06,-0.17,-0.03,
12:38:21:194,1.04,-0.31,5.09,0.06,-0.08,-0.03,
12:38:21:194,0.88,-1.19,4.24,0.06,-0.08,-0.03,
12:38:21:195,0.88,-1.19,4.24,0.08,0.09,-0.04,
12:38:21:195,0.88,-1.19,4.24,0.08,0.09,-0.04,
12:38:21:197,0.88,-1.19,4.24,0.11,0.20,-0.07,
12:38:21:198,1.14,1.10,4.66,0.11,0.20,-0.07,
12:38:21:199,1.14,1.10,4.66,0.14,0.20,-0.09,
12:38:21:200,1.14,1.09,4.67,0.14,0.20,-0.09,
12:38:21:207,1.14,1.09,4.67,0.16,0.15,-0.11,
12:38:21:208,1.24,1.94,5.55,0.16,0.15,-0.11,
12:38:21:208,1.24,1.94,5.55,0.16,0.09,-0.12,
12:38:21:209,1.25,1.94,5.56,0.16,0.09,-0.12,
12:38:21:209,1.25,1.94,5.56,0.16,0.04,-0.12,
12:38:21:210,0.46,1.88,4.92,0.16,0.04,-0.12,
12:38:21:210,0.46,1.88,4.92,0.15,0.02,-0.11,
12:38:21:210,0.46,1.88,4.93,0.15,0.02,-0.11,
12:38:21:212,0.46,1.88,4.93,0.13,0.01,-0.09,
12:38:21:212,0.56,1.32,4.67,0.13,0.01,-0.09,
12:38:21:214,0.56,1.32,4.67,0.11,-0.02,-0.07,
12:38:21:215,0.56,1.32,4.67,0.11,-0.02,-0.07,
12:38:21:217,0.56,1.32,4.67,0.10,-0.07,-0.06,
12:38:21:218,1.14,0.57,3.67,0.10,-0.07,-0.06,
12:38:21:220,1.14,0.57,3.67,0.08,-0.06,-0.06,
12:38:21:221,1.14,0.57,3.67,0.08,-0.06,-0.06,
12:38:21:223,1.14,0.57,3.67,0.07,0.04,-0.07,
12:38:21:223,1.08,0.50,3.93,0.07,0.04,-0.07,
12:38:21:224,1.08,0.50,3.93,0.06,0.13,-0.09,
12:38:21:225,1.09,0.50,3.93,0.06,0.13,-0.09,
12:38:21:227,1.09,0.50,3.93,0.06,0.16,-0.11,
12:38:21:228,1.23,1.02,4.79,0.06,0.16,-0.11,
12:38:21:229,1.23,1.02,4.79,0.06,0.12,-0.12,
12:38:21:230,1.23,1.02,4.79,0.06,0.12,-0.12,
12:38:21:232,1.23,1.02,4.79,0.07,0.02,-0.12,
12:38:21:233,1.29,0.77,5.26,0.07,0.02,-0.12,
12:38:21:237,1.29,0.77,5.26,0.08,-0.05,-0.10,
12:38:21:239,1.29,0.77,5.26,0.08,-0.05,-0.10,
12:38:21:240,1.29,0.77,5.26,0.09,-0.04,-0.09,
12:38:21:241,0.22,-0.60,3.93,0.09,-0.04,-0.09,
12:38:21:242,0.22,-0.60,3.93,0.10,-0.01,-0.08,
12:38:21:243,0.22,-0.60,3.93,0.10,-0.01,-0.08,
12:38:21:243,0.22,-0.60,3.93,0.10,0.01,-0.07,
12:38:21:244,0.97,0.06,3.92,0.10,0.01,-0.07,
12:38:21:244,0.97,0.06,3.92,0.12,0.04,-0.07,
12:38:21:245,0.97,0.06,3.92,0.12,0.04,-0.07,
12:38:21:247,0.97,0.06,3.92,0.13,0.08,-0.08,
12:38:21:248,0.67,-0.58,3.47,0.13,0.08,-0.08,
12:38:21:249,0.67,-0.58,3.47,0.12,0.08,-0.09,
12:38:21:250,0.68,-0.58,3.48,0.12,0.08,-0.09,
12:38:21:252,0.68,-0.58,3.48,0.11,0.06,-0.09,
12:38:21:254,0.80,-0.80,3.70,0.11,0.06,-0.09,
12:38:21:255,0.80,-0.80,3.70,0.09,0.06,-0.10,
12:38:21:256,0.80,-0.80,3.70,0.09,0.06,-0.10,
12:38:21:258,0.80,-0.80,3.70,0.08,0.09,-0.10,
12:38:21:260,0.43,0.02,4.07,0.08,0.09,-0.10,
12:38:21:261,0.43,0.02,4.07,0.06,0.13,-0.11,
12:38:21:262,0.43,0.02,4.07,0.06,0.13,-0.11,
12:38:21:262,0.43,0.02,4.07,0.05,0.16,-0.10,
12:38:21:263,0.13,0.73,4.72,0.05,0.16,-0.10,
12:38:21:264,0.13,0.73,4.72,0.05,0.13,-0.10,
12:38:21:265,0.13,0.73,4.73,0.05,0.13,-0.10,
12:38:21:268,0.13,0.73,4.73,0.05,0.09,-0.09,
12:38:21:271,0.13,0.73,4.73,0.04,0.07,-0.08,
12:38:21:272,0.27,1.35,5.91,0.04,0.07,-0.08,
12:38:21:272,0.28,1.35,5.91,0.04,0.07,-0.08,
12:38:21:273,0.28,1.35,5.91,0.04,0.02,-0.07,
12:38:21:273,0.66,1.57,5.93,0.04,0.02,-0.07,
12:38:21:274,0.66,1.57,5.93,0.05,-0.03,-0.07,
12:38:21:275,0.66,1.57,5.93,0.05,-0.03,-0.07,
12:38:21:277,0.66,1.57,5.93,0.06,-0.07,-0.06,
12:38:21:278,0.66,1.57,5.93,0.06,-0.07,-0.06,
12:38:21:280,0.66,1.57,5.93,0.07,-0.06,-0.06,
12:38:21:280,0.79,1.45,4.26,0.07,-0.06,-0.06,
12:38:21:291,0.79,1.45,4.26,0.10,0.03,-0.07,
12:38:21:292,0.79,1.44,4.26,0.10,0.03,-0.07,
12:38:21:293,0.79,1.44,4.26,0.11,0.15,-0.08,
12:38:21:293,1.19,2.25,5.20,0.11,0.15,-0.08,
12:38:21:294,1.19,2.25,5.20,0.10,0.20,-0.10,
12:38:21:295,1.19,2.25,5.20,0.10,0.20,-0.10,
12:38:21:295,1.19,2.25,5.20,0.10,0.15,-0.11,
12:38:21:296,0.55,0.53,4.72,0.10,0.15,-0.11,
12:38:21:296,0.55,0.53,4.72,0.11,0.03,-0.11,
12:38:21:297,0.56,0.53,4.72,0.11,0.03,-0.11,
12:38:21:297,0.56,0.53,4.72,0.11,-0.10,-0.10,
12:38:21:303,0.90,0.30,4.04,0.11,-0.10,-0.10,
12:38:21:304,0.90,0.30,4.04,0.10,-0.17,-0.06,
12:38:21:305,0.90,0.30,4.04,0.10,-0.17,-0.06,
12:38:21:306,0.90,0.30,4.04,0.09,-0.08,-0.04,
12:38:21:306,0.41,0.60,2.94,0.09,-0.08,-0.04,
12:38:21:307,0.41,0.60,2.94,0.08,0.06,-0.04,
12:38:21:307,0.41,0.60,2.94,0.08,0.06,-0.04,
12:38:21:308,0.41,0.60,2.94,0.06,0.13,-0.04,
12:38:21:308,0.55,-0.79,2.73,0.06,0.13,-0.04,
12:38:21:309,0.55,-0.79,2.73,0.05,0.11,-0.05,
12:38:21:310,0.55,-0.79,2.73,0.05,0.11,-0.05,
12:38:21:311,0.55,-0.79,2.73,0.03,0.07,-0.06,
12:38:21:311,0.62,-0.17,3.61,0.03,0.07,-0.06,
12:38:21:312,0.62,-0.17,3.61,0.03,0.07,-0.07,
12:38:21:313,0.62,-0.17,3.61,0.03,0.07,-0.07,
12:38:21:315,0.62,-0.17,3.61,0.03,0.12,-0.08,
12:38:21:316,-1.12,0.53,3.34,0.03,0.12,-0.08,
12:38:21:317,-1.12,0.53,3.34,0.04,0.14,-0.07,
12:38:21:318,-1.12,0.53,3.34,0.04,0.14,-0.07,
12:38:21:319,-1.12,0.53,3.34,0.04,0.09,-0.06,
12:38:21:320,-1.02,-0.32,4.02,0.04,0.09,-0.06,
12:38:21:322,-1.02,-0.32,4.02,0.03,-0.02,-0.03,
12:38:21:323,-1.02,-0.32,4.03,0.03,-0.02,-0.03,
12:38:21:324,-1.02,-0.32,4.03,0.02,-0.08,-0.01,
12:38:21:325,-0.57,-0.71,3.96,0.02,-0.08,-0.01,
12:38:21:327,-0.57,-0.71,3.96,0.02,-0.07,-0.00,
12:38:21:328,-0.57,-0.71,3.96,0.02,-0.07,-0.00,
12:38:21:331,-0.57,-0.71,3.96,0.01,-0.05,-0.00,
12:38:21:332,-0.31,-0.67,3.35,0.01,-0.05,-0.00,
12:38:21:333,-0.31,-0.67,3.35,0.01,0.01,-0.01,
12:38:21:333,-0.31,-0.67,3.35,0.01,0.01,-0.01,
12:38:21:335,-0.31,-0.67,3.35,0.00,0.07,-0.02,
12:38:21:336,-0.02,-0.69,3.89,0.00,0.07,-0.02,
12:38:21:337,-0.02,-0.69,3.89,-0.01,0.13,-0.04,
12:38:21:338,-0.02,-0.69,3.89,-0.01,0.13,-0.04,
12:38:21:340,-0.02,-0.69,3.89,-0.01,0.13,-0.05,
12:38:21:340,-0.14,-0.88,4.79,-0.01,0.13,-0.05,
12:38:21:342,-0.14,-0.88,4.79,-0.01,0.08,-0.05,
12:38:21:342,-0.14,-0.88,4.79,-0.01,0.08,-0.05,
12:38:21:344,-0.14,-0.88,4.79,0.01,-0.02,-0.04,
12:38:21:345,-0.41,-0.81,4.52,0.01,-0.02,-0.04,
12:38:21:347,-0.41,-0.81,4.52,0.02,-0.08,-0.02,
12:38:21:348,-0.41,-0.81,4.52,0.02,-0.08,-0.02,
12:38:21:350,-0.41,-0.81,4.52,0.03,-0.08,-0.00,
12:38:21:351,-0.45,-0.52,3.74,0.03,-0.08,-0.00,
12:38:21:355,-0.45,-0.52,3.74,0.04,-0.02,0.01,
12:38:21:356,-0.45,-0.52,3.74,0.06,-0.00,0.01,
12:38:21:356,0.40,-0.66,3.09,0.06,-0.00,0.01,
12:38:21:357,0.40,-0.66,3.09,0.06,-0.00,0.01,
12:38:21:358,0.40,-0.66,3.09,0.05,-0.03,0.02,
12:38:21:358,0.40,-0.66,3.09,0.05,-0.03,0.02,
12:38:21:359,0.40,-0.66,3.09,0.04,-0.04,0.01,
12:38:21:360,0.97,-1.50,2.92,0.04,-0.04,0.01,
12:38:21:362,0.97,-1.50,2.92,0.02,-0.01,-0.00,
12:38:21:363,0.97,-1.51,2.92,0.02,-0.01,-0.00,
12:38:21:365,0.97,-1.51,2.92,0.01,0.07,-0.03,
12:38:21:366,-0.26,-1.38,2.29,0.01,0.07,-0.03,
12:38:21:368,-0.26,-1.38,2.29,-0.00,0.13,-0.04,
12:38:21:369,-0.26,-1.38,2.29,-0.00,0.13,-0.04,
12:38:21:370,-0.26,-1.38,2.29,-0.01,0.12,-0.04,
12:38:21:372,0.08,-0.63,3.27,-0.01,0.12,-0.04,
12:38:21:374,0.08,-0.63,3.27,-0.01,0.03,-0.03,
12:38:21:375,0.08,-0.63,3.27,-0.01,0.03,-0.03,
12:38:21:376,0.08,-0.63,3.27,-0.01,-0.07,-0.01,
12:38:21:376,-0.00,-0.85,2.73,-0.01,-0.07,-0.01,
12:38:21:377,-0.00,-0.85,2.73,-0.01,-0.12,0.01,
12:38:21:378,-0.00,-0.85,2.72,-0.01,-0.12,0.01,
12:38:21:379,-0.00,-0.85,2.72,-0.01,-0.11,0.03,
12:38:21:380,0.27,-0.92,2.10,-0.01,-0.11,0.03,
12:38:21:382,0.27,-0.92,2.10,-0.02,-0.07,0.03,
12:38:21:383,0.27,-0.92,2.10,-0.02,-0.07,0.03,
12:38:21:385,0.27,-0.92,2.10,-0.03,0.02,0.02,
12:38:21:386,0.16,-1.52,2.10,-0.03,0.02,0.02,
12:38:21:388,0.16,-1.52,2.10,-0.05,0.11,0.00,
12:38:21:389,0.16,-1.52,2.10,-0.05,0.11,0.00,
12:38:21:390,0.16,-1.52,2.10,-0.07,0.14,-0.02,
12:38:21:391,-0.22,-2.31,2.61,-0.07,0.14,-0.02,
12:38:21:393,-0.22,-2.31,2.61,-0.08,0.10,-0.03,
12:38:21:393,-0.22,-2.31,2.61,-0.08,0.10,-0.03,
12:38:21:394,-0.22,-2.31,2.61,-0.08,0.03,-0.03,
12:38:21:395,-0.34,-1.67,3.47,-0.08,0.03,-0.03,
12:38:21:397,-0.34,-1.67,3.47,-0.08,-0.02,-0.02,
12:38:21:398,-0.34,-1.67,3.46,-0.08,-0.02,-0.02,
12:38:21:409,-0.34,-1.67,3.46,-0.08,-0.04,0.00,
12:38:21:410,-0.98,-1.92,2.84,-0.08,-0.04,0.00,
12:38:21:411,-0.98,-1.92,2.84,-0.07,-0.04,0.02,
12:38:21:411,-0.98,-1.92,2.83,-0.07,-0.04,0.02,
12:38:21:412,-0.98,-1.92,2.83,-0.07,-0.05,0.04,
12:38:21:413,-0.11,-1.54,3.45,-0.07,-0.05,0.04,
12:38:21:414,-0.11,-1.54,3.45,-0.07,-0.03,0.05,
12:38:21:414,-0.11,-1.54,3.44,-0.07,-0.03,0.05,
12:38:21:415,-0.11,-1.54,3.44,-0.08,-0.01,0.04,
12:38:21:416,-0.14,-2.62,2.80,-0.08,-0.01,0.04,
12:38:21:417,-0.14,-2.62,2.80,-0.07,0.02,0.02,
12:38:21:418,-0.14,-2.62,2.80,-0.07,0.02,0.02,
12:38:21:419,-0.14,-2.62,2.80,-0.07,0.03,0.01,
12:38:21:420,-0.14,-2.43,3.23,-0.07,0.03,0.01,
12:38:21:421,-0.14,-2.43,3.23,-0.07,0.01,-0.01,
12:38:21:422,-0.14,-2.43,3.23,-0.07,0.01,-0.01,
12:38:21:422,-0.14,-2.43,3.23,-0.06,-0.01,-0.01,
12:38:21:427,-0.43,-1.42,2.79,-0.06,-0.01,-0.01,
12:38:21:427,-0.43,-1.42,2.79,-0.05,0.02,-0.01,
12:38:21:428,-0.43,-1.42,2.79,-0.05,0.02,-0.01,
12:38:21:428,-0.43,-1.42,2.79,-0.06,0.05,0.00,
12:38:21:429,-0.28,-1.42,3.21,-0.06,0.05,0.00,
12:38:21:429,-0.28,-1.42,3.21,-0.06,0.00,0.02,
12:38:21:430,-0.28,-1.42,3.21,-0.06,0.00,0.02,
12:38:21:430,-0.28,-1.42,3.21,-0.06,-0.06,0.03,
12:38:21:431,-0.26,-1.97,2.71,-0.06,-0.06,0.03,
12:38:21:433,-0.26,-1.97,2.71,-0.06,-0.07,0.03,
12:38:21:434,-0.27,-1.97,2.71,-0.06,-0.07,0.03,
12:38:21:434,-0.27,-1.97,2.71,-0.08,-0.04,0.03,
12:38:21:435,-0.46,-2.87,2.06,-0.08,-0.04,0.03,
12:38:21:437,-0.46,-2.87,2.06,-0.10,0.01,0.02,
12:38:21:439,-0.46,-2.87,2.06,-0.10,0.01,0.02,
12:38:21:440,-0.46,-2.87,2.06,-0.11,0.05,0.01,
12:38:21:441,-0.02,-2.00,3.08,-0.11,0.05,0.01,
12:38:21:442,-0.02,-2.00,3.08,-0.11,0.04,0.00,
12:38:21:442,-0.02,-2.00,3.08,-0.11,0.04,0.00,
12:38:21:444,-0.02,-2.00,3.08,-0.11,0.00,0.00,
12:38:21:445,-0.39,-2.90,2.93,-0.11,0.00,0.00,
12:38:21:447,-0.39,-2.90,2.93,-0.10,-0.05,0.01,
12:38:21:448,-0.39,-2.90,2.92,-0.10,-0.05,0.01,
12:38:21:450,-0.39,-2.90,2.92,-0.10,-0.08,0.02,
12:38:21:451,-0.35,-2.80,2.44,-0.10,-0.08,0.02,
12:38:21:452,-0.35,-2.80,2.44,-0.10,-0.08,0.04,
12:38:21:452,-0.35,-2.80,2.44,-0.10,-0.08,0.04,
12:38:21:455,-0.35,-2.80,2.44,-0.10,-0.02,0.04,
12:38:21:455,-0.19,-2.54,2.74,-0.10,-0.02,0.04,
12:38:21:457,-0.19,-2.54,2.74,-0.09,0.02,0.04,
12:38:21:458,-0.19,-2.54,2.74,-0.09,0.02,0.04,
12:38:21:459,-0.19,-2.54,2.74,-0.08,0.02,0.02,
12:38:21:460,-0.23,-2.76,2.56,-0.08,0.02,0.02,
12:38:21:462,-0.23,-2.76,2.56,-0.07,0.01,0.02,
12:38:21:463,-0.23,-2.76,2.56,-0.07,0.01,0.02,
12:38:21:464,-0.23,-2.76,2.56,-0.08,0.01,0.01,
12:38:21:465,-0.26,-2.54,3.09,-0.08,0.01,0.01,
12:38:21:467,-0.26,-2.54,3.09,-0.09,0.04,0.01,
12:38:21:468,-0.26,-2.54,3.08,-0.09,0.04,0.01,
12:38:21:471,-0.26,-2.54,3.08,-0.10,0.04,0.02,
12:38:21:472,-0.09,-2.76,3.78,-0.10,0.04,0.02,
12:38:21:473,-0.09,-2.76,3.78,-0.10,-0.01,0.02,
12:38:21:474,-0.10,-2.76,3.77,-0.10,-0.01,0.02,
12:38:21:475,-0.10,-2.76,3.77,-0.10,-0.09,0.03,
12:38:21:476,-0.21,-3.25,3.01,-0.10,-0.09,0.03,
12:38:21:477,-0.21,-3.25,3.01,-0.09,-0.14,0.04,
12:38:21:478,-0.21,-3.25,3.01,-0.09,-0.14,0.04,
12:38:21:479,-0.21,-3.25,3.01,-0.09,-0.12,0.05,
12:38:21:480,0.23,-2.35,3.00,-0.09,-0.12,0.05,
12:38:21:482,0.23,-2.35,3.00,-0.09,0.01,0.04,
12:38:21:483,0.23,-2.35,3.00,-0.09,0.01,0.04,
12:38:21:485,0.23,-2.35,3.00,-0.10,0.16,0.02,
12:38:21:485,-0.24,-2.11,3.65,-0.10,0.16,0.02,
12:38:21:488,-0.24,-2.11,3.65,-0.10,0.20,0.00,
12:38:21:490,-0.24,-2.11,3.65,-0.10,0.20,0.00,
12:38:21:491,-0.24,-2.11,3.65,-0.08,0.07,-0.00,
12:38:21:492,0.43,-1.99,4.52,-0.08,0.07,-0.00,
12:38:21:493,0.43,-1.99,4.52,-0.07,-0.11,0.01,
12:38:21:494,0.43,-1.99,4.52,-0.07,-0.11,0.01,
12:38:21:494,0.43,-1.99,4.52,-0.06,-0.20,0.02,
12:38:21:495,-0.11,-2.08,3.59,-0.06,-0.20,0.02,
12:38:21:497,-0.11,-2.08,3.59,-0.05,-0.13,0.03,
12:38:21:498,-0.12,-2.08,3.59,-0.05,-0.13,0.03,
12:38:21:508,-0.12,-2.08,3.59,-0.04,-0.00,0.03,
12:38:21:508,-0.36,-0.98,2.84,-0.04,-0.00,0.03,
12:38:21:509,-0.36,-0.98,2.84,-0.04,0.05,0.04,
12:38:21:510,-0.36,-0.98,2.84,-0.04,0.05,0.04,
12:38:21:511,-0.36,-0.98,2.84,-0.04,0.02,0.04,
12:38:21:511,1.11,-1.87,3.86,-0.04,0.02,0.04,
12:38:21:512,1.11,-1.87,3.86,-0.05,-0.03,0.03,
12:38:21:512,1.11,-1.87,3.86,-0.05,-0.03,0.03,
12:38:21:513,1.11,-1.87,3.86,-0.06,-0.04,0.02,
12:38:21:514,0.17,-2.72,2.97,-0.06,-0.04,0.02,
12:38:21:514,0.17,-2.72,2.97,-0.07,-0.02,0.00,
12:38:21:515,0.17,-2.72,2.97,-0.07,-0.02,0.00,
12:38:21:516,0.17,-2.72,2.97,-0.07,-0.02,-0.01,
12:38:21:516,0.14,-2.33,3.08,-0.07,-0.02,-0.01,
12:38:21:522,0.14,-2.33,3.08,-0.07,-0.04,0.00,
12:38:21:522,0.14,-2.33,3.07,-0.07,-0.04,0.00,
12:38:21:522,0.14,-2.33,3.07,-0.06,-0.05,0.01,
12:38:21:523,0.22,-2.23,2.88,-0.06,-0.05,0.01,
12:38:21:523,0.22,-2.23,2.88,-0.06,-0.01,0.01,
12:38:21:524,0.22,-2.23,2.88,-0.06,-0.01,0.01,
12:38:21:524,0.22,-2.23,2.88,-0.05,0.00,0.01,
12:38:21:525,0.61,-2.00,3.21,-0.05,0.00,0.01,
12:38:21:527,0.61,-2.00,3.21,-0.05,-0.00,0.01,
12:38:21:528,0.61,-2.00,3.21,-0.05,-0.00,0.01,
12:38:21:530,0.61,-2.00,3.21,-0.05,0.02,0.01,
12:38:21:530,0.46,-2.60,3.72,-0.05,0.02,0.01,
12:38:21:532,0.46,-2.60,3.72,-0.07,0.04,0.00,
12:38:21:532,0.46,-2.60,3.72,-0.07,0.04,0.00,
12:38:21:535,0.46,-2.60,3.72,-0.07,0.01,-0.01,
12:38:21:535,0.89,-2.00,4.13,-0.07,0.01,-0.01,
12:38:21:537,0.89,-2.00,4.13,-0.05,-0.04,-0.01,
12:38:21:538,0.89,-2.00,4.13,-0.05,-0.04,-0.01,
12:38:21:540,0.89,-2.00,4.13,-0.04,-0.05,-0.02,
12:38:21:541,0.07,-2.79,3.47,-0.04,-0.05,-0.02,
12:38:21:542,0.07,-2.79,3.47,-0.03,-0.03,-0.02,
12:38:21:543,0.07,-2.79,3.47,-0.03,-0.03,-0.02,
12:38:21:545,0.07,-2.79,3.47,-0.03,-0.01,-0.01,
12:38:21:552,0.49,-1.67,3.65,-0.03,-0.01,-0.01,
12:38:21:553,0.49,-1.67,3.65,-0.02,0.03,-0.02,
12:38:21:553,0.49,-1.67,3.65,-0.02,0.03,-0.02,
12:38:21:554,0.49,-1.67,3.65,-0.02,0.06,-0.02,
12:38:21:555,0.67,-1.82,4.23,-0.02,0.06,-0.02,
12:38:21:555,0.67,-1.82,4.23,-0.03,0.08,-0.02,
12:38:21:556,0.67,-1.82,4.23,-0.03,0.08,-0.02,
12:38:21:556,0.67,-1.82,4.23,-0.04,0.07,-0.03,
12:38:21:556,0.62,-2.20,4.80,-0.04,0.07,-0.03,
12:38:21:557,0.62,-2.20,4.80,-0.04,0.00,-0.03,
12:38:21:557,0.62,-2.20,4.80,-0.04,0.00,-0.03,
12:38:21:559,0.62,-2.20,4.80,-0.02,-0.09,-0.02,
12:38:21:560,0.76,-2.24,4.04,-0.02,-0.09,-0.02,
12:38:21:562,0.76,-2.24,4.04,-0.01,-0.12,-0.03,
12:38:21:562,0.76,-2.24,4.04,-0.01,-0.12,-0.03,
12:38:21:564,0.76,-2.24,4.04,0.00,-0.02,-0.03,
12:38:21:565,0.33,-1.52,3.77,0.00,-0.02,-0.03,
12:38:21:567,0.33,-1.52,3.77,0.01,0.10,-0.03,
12:38:21:568,0.33,-1.52,3.77,0.01,0.10,-0.03,
12:38:21:569,0.33,-1.52,3.77,0.01,0.14,-0.03,
12:38:21:570,1.47,0.31,4.87,0.01,0.14,-0.03,
12:38:21:572,1.47,0.31,4.87,0.03,0.08,-0.04,
12:38:21:573,1.47,0.31,4.87,0.03,0.08,-0.04,
12:38:21:574,1.47,0.31,4.87,0.04,-0.02,-0.05,
12:38:21:575,1.25,-1.32,4.07,0.04,-0.02,-0.05,
12:38:21:577,1.25,-1.32,4.07,0.03,-0.09,-0.06,
12:38:21:578,1.25,-1.32,4.07,0.03,-0.09,-0.06,
12:38:21:579,1.25,-1.32,4.07,0.02,-0.08,-0.06,
12:38:21:580,1.02,-1.64,3.32,0.02,-0.08,-0.06,
12:38:21:582,1.02,-1.64,3.32,0.01,-0.03,-0.05,
12:38:21:582,1.02,-1.64,3.32,0.01,-0.03,-0.05,
12:38:21:584,1.02,-1.64,3.32,0.00,0.02,-0.05,
12:38:21:585,0.97,-1.87,2.65,0.00,0.02,-0.05,
12:38:21:588,0.97,-1.87,2.65,-0.00,0.04,-0.06,
12:38:21:588,0.97,-1.87,2.65,-0.00,0.04,-0.06,
12:38:21:589,0.97,-1.87,2.65,0.00,0.04,-0.06,
12:38:21:591,1.55,-1.53,3.29,0.00,0.04,-0.06,
12:38:21:592,1.55,-1.53,3.29,0.00,0.03,-0.07,
12:38:21:593,1.55,-1.53,3.29,0.00,0.03,-0.07,
12:38:21:594,1.55,-1.53,3.29,0.01,0.02,-0.08,
12:38:21:595,0.81,-2.28,2.84,0.01,0.02,-0.08,
12:38:21:597,0.81,-2.28,2.84,0.01,0.03,-0.08,
12:38:21:598,0.82,-2.28,2.84,0.01,0.03,-0.08,
12:38:21:608,0.82,-2.28,2.84,0.01,0.06,-0.08,
12:38:21:609,0.30,-2.37,3.09,0.01,0.06,-0.08,
12:38:21:610,0.30,-2.37,3.09,0.01,0.10,-0.09,
12:38:21:610,0.30,-2.37,3.09,0.01,0.10,-0.09,
12:38:21:611,0.30,-2.37,3.09,0.00,0.10,-0.08,
12:38:21:611,0.62,-1.25,4.06,0.00,0.10,-0.08,
12:38:21:612,0.62,-1.25,4.06,0.01,0.08,-0.08,
12:38:21:613,0.62,-1.25,4.06,0.01,0.08,-0.08,
12:38:21:613,0.62,-1.25,4.06,0.01,0.07,-0.08,
12:38:21:614,-0.15,-1.58,4.25,0.01,0.07,-0.08,
12:38:21:614,-0.15,-1.58,4.25,0.02,0.03,-0.07,
12:38:21:615,-0.15,-1.58,4.25,0.02,0.03,-0.07,
12:38:21:615,-0.15,-1.58,4.25,0.03,-0.07,-0.05,
12:38:21:616,0.64,-1.19,3.73,0.03,-0.07,-0.05,
12:38:21:623,0.64,-1.19,3.73,0.03,-0.11,-0.04,
12:38:21:624,0.64,-1.19,3.73,0.03,-0.11,-0.04,
12:38:21:624,0.64,-1.19,3.73,0.02,-0.05,-0.04,
12:38:21:625,0.82,-1.93,3.80,0.02,-0.05,-0.04,
12:38:21:626,0.82,-1.93,3.80,0.00,0.09,-0.06,
12:38:21:626,0.82,-1.93,3.80,0.00,0.09,-0.06,
12:38:21:627,0.82,-1.93,3.80,0.01,0.19,-0.08,
12:38:21:627,0.51,-1.29,4.20,0.01,0.19,-0.08,
12:38:21:628,0.51,-1.29,4.20,0.02,0.18,-0.11,
12:38:21:628,0.51,-1.29,4.20,0.02,0.18,-0.11,
12:38:21:630,0.51,-1.29,4.20,0.03,0.09,-0.12,
12:38:21:631,0.39,-1.84,4.92,0.03,0.09,-0.12,
12:38:21:632,0.39,-1.84,4.92,0.03,0.01,-0.11,
12:38:21:633,0.40,-1.84,4.92,0.03,0.01,-0.11,
12:38:21:635,0.40,-1.84,4.92,0.03,0.00,-0.09,
12:38:21:636,0.09,-1.10,4.82,0.03,0.00,-0.09,
12:38:21:637,0.09,-1.10,4.82,0.04,-0.02,-0.07,
12:38:21:638,0.09,-1.10,4.83,0.04,-0.02,-0.07,
12:38:21:639,0.09,-1.10,4.83,0.06,-0.07,-0.05,
12:38:21:641,0.99,0.06,4.31,0.06,-0.07,-0.05,
12:38:21:642,0.99,0.06,4.31,0.08,-0.08,-0.04,
12:38:21:642,0.99,0.06,4.31,0.08,-0.08,-0.04,
12:38:21:644,0.99,0.06,4.31,0.08,-0.02,-0.04,
12:38:21:645,1.10,-1.25,2.88,0.08,-0.02,-0.04,
12:38:21:647,1.10,-1.25,2.88,0.08,0.04,-0.06,
12:38:21:648,1.10,-1.25,2.88,0.08,0.04,-0.06,
12:38:21:650,1.10,-1.25,2.88,0.07,0.06,-0.08,
12:38:21:651,1.66,-1.14,3.09,0.07,0.06,-0.08,
12:38:21:652,1.66,-1.14,3.09,0.05,0.08,-0.10,
12:38:21:653,1.66,-1.14,3.09,0.05,0.08,-0.10,
12:38:21:655,1.66,-1.14,3.09,0.04,0.08,-0.11,
12:38:21:656,1.37,-1.84,2.87,0.04,0.08,-0.11,
12:38:21:657,1.37,-1.84,2.87,0.03,0.07,-0.12,
12:38:21:657,1.37,-1.84,2.88,0.03,0.07,-0.12,
12:38:21:660,1.37,-1.84,2.88,0.02,0.03,-0.12,
12:38:21:660,0.95,-2.11,3.12,0.02,0.03,-0.12,
12:38:21:662,0.95,-2.11,3.12,0.02,-0.01,-0.11,
12:38:21:662,0.95,-2.11,3.12,0.02,-0.01,-0.11,
12:38:21:668,0.95,-2.11,3.12,0.03,-0.01,-0.10,
12:38:21:668,1.11,-0.63,2.89,0.03,-0.01,-0.10,
12:38:21:669,1.11,-0.63,2.89,0.03,0.05,-0.09,
12:38:21:670,1.11,-0.63,2.89,0.03,0.05,-0.09,
12:38:21:671,1.11,-0.63,2.89,0.01,0.13,-0.08,
12:38:21:679,1.59,-1.77,3.74,0.01,0.13,-0.08,
12:38:21:680,1.59,-1.77,3.74,-0.00,0.09,-0.08,
12:38:21:682,1.59,-1.77,3.74,-0.00,0.09,-0.08,
12:38:21:683,1.59,-1.77,3.74,0.00,0.04,-0.10,
12:38:21:684,0.94,-1.74,3.40,0.00,0.04,-0.10,
12:38:21:685,0.94,-1.74,3.40,0.01,0.07,-0.11,
12:38:21:686,0.94,-1.74,3.40,0.01,0.07,-0.11,
12:38:21:688,0.94,-1.74,3.40,0.02,0.14,-0.13,
12:38:21:688,0.10,-0.74,3.79,0.02,0.14,-0.13,
12:38:21:689,0.10,-0.74,3.79,0.03,0.20,-0.13,
12:38:21:690,0.11,-0.74,3.79,0.03,0.20,-0.13,
12:38:21:691,0.11,-0.74,3.79,0.03,0.22,-0.13,
12:38:21:692,-0.44,-0.76,5.21,0.03,0.22,-0.13,
12:38:21:692,-0.44,-0.76,5.21,0.05,0.14,-0.12,
12:38:21:693,-0.43,-0.76,5.21,0.05,0.14,-0.12,
12:38:21:693,-0.43,-0.76,5.21,0.06,-0.03,-0.10,
12:38:21:694,0.16,-0.70,4.42,0.06,-0.03,-0.10,
12:38:21:694,0.16,-0.70,4.42,0.07,-0.17,-0.06,
12:38:21:695,0.16,-0.70,4.42,0.07,-0.17,-0.06,
12:38:21:696,0.16,-0.70,4.42,0.06,-0.18,-0.04,
12:38:21:696,1.57,-1.04,4.85,0.06,-0.18,-0.04,
12:38:21:697,1.57,-1.04,4.85,0.05,-0.06,-0.04,
12:38:21:698,1.57,-1.04,4.85,0.05,-0.06,-0.04,
12:38:21:701,1.57,-1.04,4.85,0.05,0.10,-0.06,
12:38:21:702,-0.00,-2.01,2.55,0.05,0.10,-0.06,
12:38:21:703,-0.00,-2.01,2.55,0.06,0.21,-0.08,
12:38:21:704,-0.00,-2.01,2.55,0.06,0.21,-0.08,
12:38:21:705,-0.00,-2.01,2.55,0.05,0.28,-0.11,
12:38:21:706,0.17,-1.88,4.88,0.05,0.28,-0.11,
12:38:21:707,0.17,-1.88,4.88,0.05,0.23,-0.13,
12:38:21:707,0.17,-1.88,4.88,0.05,0.23,-0.13,
12:38:21:710,0.17,-1.88,4.88,0.06,0.11,-0.13,
12:38:21:710,-0.02,-0.07,5.00,0.06,0.11,-0.13,
12:38:21:712,-0.02,-0.07,5.00,0.08,0.01,-0.12,
12:38:21:712,-0.01,-0.07,5.01,0.08,0.01,-0.12,
12:38:21:714,-0.01,-0.07,5.01,0.08,-0.05,-0.09,
12:38:21:715,0.51,-0.20,5.01,0.08,-0.05,-0.09,
12:38:21:722,0.51,-0.20,5.01,0.07,-0.14,-0.07,
12:38:21:723,0.51,-0.20,5.01,0.07,-0.14,-0.07,
12:38:21:724,0.51,-0.20,5.01,0.07,-0.24,-0.05,
12:38:21:725,1.86,-1.71,2.93,0.07,-0.24,-0.05,
12:38:21:726,1.86,-1.71,2.93,0.07,-0.23,-0.05,
12:38:21:726,1.86,-1.71,2.93,0.07,-0.23,-0.05,
12:38:21:727,1.86,-1.71,2.93,0.07,-0.05,-0.06,
12:38:21:727,0.33,-2.01,0.85,0.07,-0.05,-0.06,
12:38:21:728,0.33,-2.01,0.85,0.06,0.22,-0.09,
12:38:21:728,0.34,-2.01,0.85,0.06,0.22,-0.09,
12:38:21:729,0.34,-2.01,0.85,0.05,0.38,-0.11,
12:38:21:730,1.51,0.05,3.82,0.05,0.38,-0.11,
12:38:21:732,1.51,0.05,3.82,0.04,0.37,-0.13,
12:38:21:732,1.52,0.05,3.82,0.04,0.37,-0.13,
12:38:21:734,1.52,0.05,3.82,0.04,0.25,-0.14,
12:38:21:735,0.36,-1.26,4.37,0.04,0.25,-0.14,
12:38:21:737,0.36,-1.26,4.37,0.03,0.08,-0.14,
12:38:21:738,0.37,-1.26,4.37,0.03,0.08,-0.14,
12:38:21:740,0.37,-1.26,4.37,0.03,-0.11,-0.11,
12:38:21:741,0.83,-0.66,4.33,0.03,-0.11,-0.11,
12:38:21:742,0.83,-0.66,4.33,0.04,-0.22,-0.07,
12:38:21:743,0.83,-0.66,4.33,0.04,-0.22,-0.07,
12:38:21:744,0.83,-0.66,4.33,0.06,-0.19,-0.04,
12:38:21:745,0.00,-0.76,2.39,0.06,-0.19,-0.04,
12:38:21:747,0.00,-0.76,2.39,0.07,-0.07,-0.03,
12:38:21:748,0.00,-0.76,2.40,0.07,-0.07,-0.03,
12:38:21:750,0.00,-0.76,2.40,0.06,0.08,-0.03,
12:38:21:751,0.64,-1.29,2.25,0.06,0.08,-0.03,
12:38:21:752,0.64,-1.29,2.25,0.04,0.25,-0.06,
12:38:21:753,0.65,-1.29,2.25,0.04,0.25,-0.06,
12:38:21:755,0.65,-1.29,2.25,0.01,0.33,-0.09,
12:38:21:756,0.13,-2.19,4.13,0.01,0.33,-0.09,
12:38:21:757,0.13,-2.19,4.13,0.01,0.29,-0.11,
12:38:21:758,0.14,-2.19,4.13,0.01,0.29,-0.11,
12:38:21:760,0.14,-2.19,4.13,0.01,0.14,-0.12,
12:38:21:760,0.02,-1.63,4.82,0.01,0.14,-0.12,
12:38:21:762,0.02,-1.63,4.82,0.01,-0.06,-0.10,
12:38:21:763,0.02,-1.63,4.82,0.01,-0.06,-0.10,
12:38:21:765,0.02,-1.63,4.82,0.01,-0.19,-0.08,
12:38:21:765,0.66,-1.74,4.82,0.01,-0.19,-0.08,
12:38:21:768,0.66,-1.74,4.82,0.03,-0.16,-0.06,
12:38:21:768,0.66,-1.74,4.83,0.03,-0.16,-0.06,
12:38:21:770,0.66,-1.74,4.83,0.04,-0.04,-0.05,
12:38:21:771,-0.04,-1.29,3.19,0.04,-0.04,-0.05,
12:38:21:773,-0.04,-1.29,3.19,0.04,0.08,-0.04,
12:38:21:774,-0.04,-1.29,3.19,0.04,0.08,-0.04,
12:38:21:775,-0.04,-1.29,3.19,0.03,0.17,-0.05,
12:38:21:776,1.05,-1.85,4.49,0.03,0.17,-0.05,
12:38:21:777,1.05,-1.85,4.49,0.04,0.22,-0.08,
12:38:21:778,1.05,-1.85,4.49,0.04,0.22,-0.08,
12:38:21:779,1.05,-1.85,4.49,0.04,0.20,-0.11,
12:38:21:780,0.09,-1.55,4.68,0.04,0.20,-0.11,
12:38:21:782,0.09,-1.55,4.68,0.06,0.11,-0.12,
12:38:21:783,0.09,-1.55,4.68,0.06,0.11,-0.12,
12:38:21:787,0.09,-1.55,4.68,0.06,0.02,-0.12,
12:38:21:788,0.23,0.51,5.47,0.06,0.02,-0.12,
12:38:21:789,0.23,0.51,5.47,0.08,0.00,-0.10,
12:38:21:791,0.23,0.51,5.47,0.08,0.00,-0.10,
12:38:21:792,0.23,0.51,5.47,0.09,0.04,-0.08,
12:38:21:792,-1.22,-0.78,3.43,0.09,0.04,-0.08,
12:38:21:793,-1.22,-0.78,3.43,0.09,0.01,-0.05,
12:38:21:793,-1.22,-0.78,3.44,0.09,0.01,-0.05,
12:38:21:795,-1.22,-0.78,3.44,0.08,-0.10,-0.03,
12:38:21:802,1.41,-0.72,3.60,0.08,-0.10,-0.03,
12:38:21:803,1.41,-0.72,3.60,0.07,-0.20,-0.02,
12:38:21:803,1.41,-0.72,3.60,0.07,-0.20,-0.02,
12:38:21:804,1.41,-0.72,3.60,0.05,-0.14,-0.03,
12:38:21:806,1.08,-2.11,2.17,0.05,-0.14,-0.03,
12:38:21:807,1.08,-2.11,2.17,0.02,0.08,-0.06,
12:38:21:808,1.08,-2.11,2.17,0.02,0.08,-0.06,
12:38:21:809,1.08,-2.11,2.17,0.01,0.25,-0.09,
12:38:21:810,0.08,-1.49,2.23,0.01,0.25,-0.09,
12:38:21:811,0.08,-1.49,2.23,0.01,0.26,-0.10,
12:38:21:811,0.08,-1.49,2.23,0.01,0.26,-0.10,
12:38:21:812,0.08,-1.49,2.23,0.02,0.17,-0.11,
12:38:21:813,0.25,-0.30,3.67,0.02,0.17,-0.11,
12:38:21:813,0.25,-0.30,3.67,0.01,0.10,-0.10,
12:38:21:814,0.25,-0.30,3.67,0.01,0.10,-0.10,
12:38:21:815,0.25,-0.30,3.67,-0.01,0.11,-0.09,
12:38:21:815,-0.90,-1.88,4.65,-0.01,0.11,-0.09,
12:38:21:817,-0.90,-1.88,4.65,-0.04,0.11,-0.08,
12:38:21:818,-0.90,-1.88,4.65,-0.04,0.11,-0.08,
12:38:21:820,-0.90,-1.88,4.65,-0.03,0.02,-0.05,
12:38:21:820,-0.53,-1.10,5.08,-0.03,0.02,-0.05,
12:38:21:823,-0.53,-1.10,5.08,-0.01,-0.12,-0.03,
12:38:21:823,-0.53,-1.10,5.07,-0.01,-0.12,-0.03,
12:38:21:824,-0.53,-1.10,5.07,0.03,-0.23,-0.01,
12:38:21:825,-0.35,-2.14,2.11,0.03,-0.23,-0.01,
12:38:21:827,-0.35,-2.14,2.11,0.05,-0.27,0.01,
12:38:21:828,-0.36,-2.14,2.11,0.05,-0.27,0.01,
12:38:21:829,-0.36,-2.14,2.11,0.05,-0.20,0.00,
12:38:21:830,1.07,-3.26,1.78,0.05,-0.20,0.00,
12:38:21:832,1.07,-3.26,1.78,0.03,-0.00,-0.02,
12:38:21:833,1.07,-3.26,1.78,0.03,-0.00,-0.02,
12:38:21:840,1.07,-3.26,1.78,0.03,0.24,-0.05,
12:38:21:840,-0.22,-2.26,2.16,0.03,0.24,-0.05,
12:38:21:841,-0.22,-2.26,2.16,0.02,0.42,-0.06,
12:38:21:841,-0.21,-2.26,2.16,0.02,0.42,-0.06,
12:38:21:842,-0.21,-2.26,2.16,0.00,0.47,-0.08,
12:38:21:842,-1.01,-1.66,4.34,0.00,0.47,-0.08,
12:38:21:843,-1.01,-1.66,4.34,-0.03,0.33,-0.08,
12:38:21:843,-1.01,-1.66,4.34,-0.03,0.33,-0.08,
12:38:21:845,-1.01,-1.66,4.34,-0.04,0.03,-0.06,
12:38:21:845,0.18,-1.79,6.00,-0.04,0.03,-0.06,
12:38:21:848,0.18,-1.79,6.00,-0.04,-0.21,-0.04,
12:38:21:848,0.18,-1.78,6.00,-0.04,-0.21,-0.04,
12:38:21:852,0.18,-1.78,6.00,-0.03,-0.29,-0.01,
12:38:21:853,-1.35,-2.86,3.65,-0.03,-0.29,-0.01,
12:38:21:854,-1.35,-2.86,3.65,-0.04,-0.20,0.02,
12:38:21:855,-1.35,-2.86,3.65,-0.04,-0.20,0.02,
12:38:21:855,-1.35,-2.86,3.65,-0.04,-0.08,0.03,
12:38:21:855,0.08,-2.62,3.43,-0.04,-0.08,0.03,
12:38:21:857,0.08,-2.62,3.43,-0.02,-0.01,0.02,
12:38:21:857,0.08,-2.61,3.43,-0.02,-0.01,0.02,
12:38:21:859,0.08,-2.61,3.43,0.02,0.04,0.00,
12:38:21:860,1.06,1.25,3.07,0.02,0.04,0.00,
12:38:21:862,1.06,1.25,3.07,0.03,0.16,-0.03,
12:38:21:862,1.06,1.25,3.07,0.03,0.16,-0.03,
12:38:21:864,1.06,1.25,3.07,0.01,0.26,-0.05,
12:38:21:865,-0.04,-2.56,4.69,0.01,0.26,-0.05,
12:38:21:867,-0.04,-2.56,4.69,-0.01,0.28,-0.06,
12:38:21:868,-0.04,-2.56,4.69,-0.01,0.28,-0.06,
12:38:21:870,-0.04,-2.56,4.69,-0.01,0.15,-0.06,
12:38:21:871,-1.66,-2.45,3.96,-0.01,0.15,-0.06,
12:38:21:872,-1.66,-2.45,3.96,0.01,-0.04,-0.04,
12:38:21:873,-1.66,-2.45,3.96,0.01,-0.04,-0.04,
12:38:21:875,-1.66,-2.45,3.96,0.03,-0.22,-0.02,
12:38:21:875,0.75,-0.19,4.27,0.03,-0.22,-0.02,
12:38:21:877,0.75,-0.19,4.27,0.02,-0.29,0.00,
12:38:21:878,0.75,-0.19,4.27,0.02,-0.29,0.00,
12:38:21:880,0.75,-0.19,4.27,0.01,-0.24,0.01,
12:38:21:880,-0.39,-2.92,1.67,0.01,-0.24,0.01,
12:38:21:882,-0.39,-2.92,1.67,0.00,-0.09,0.01,
12:38:21:883,-0.39,-2.92,1.67,0.00,-0.09,0.01,
12:38:21:885,-0.39,-2.92,1.67,-0.01,0.14,0.01,
12:38:21:887,-0.68,-1.83,1.85,-0.01,0.14,0.01,
12:38:21:888,-0.68,-1.83,1.85,-0.04,0.30,0.00,
12:38:21:888,-0.68,-1.83,1.85,-0.04,0.30,0.00,
12:38:21:890,-0.68,-1.83,1.85,-0.07,0.26,-0.01,
12:38:21:890,0.47,-2.64,4.45,-0.07,0.26,-0.01,
12:38:21:892,0.47,-2.64,4.45,-0.08,0.07,-0.01,
12:38:21:892,0.47,-2.64,4.45,-0.08,0.07,-0.01,
12:38:21:895,0.47,-2.64,4.45,-0.06,-0.08,-0.01,
12:38:21:895,-1.59,-2.59,1.56,-0.06,-0.08,-0.01,
12:38:21:897,-1.59,-2.59,1.56,-0.05,-0.13,0.01,
12:38:21:898,-1.59,-2.59,1.56,-0.05,-0.13,0.01,
12:38:21:900,-1.59,-2.59,1.56,-0.09,-0.07,0.03,
12:38:21:901,0.33,-2.04,5.60,-0.09,-0.07,0.03,
12:38:21:902,0.33,-2.04,5.60,-0.11,-0.00,0.04,
12:38:21:903,0.33,-2.04,5.60,-0.11,-0.00,0.04,
12:38:21:905,0.33,-2.04,5.60,-0.10,-0.06,0.05,
12:38:21:906,-0.23,-3.92,2.42,-0.10,-0.06,0.05,
12:38:21:908,-0.23,-3.92,2.42,-0.07,-0.16,0.05,
12:38:21:909,-0.23,-3.92,2.42,-0.07,-0.16,0.05,
12:38:21:910,-0.23,-3.92,2.42,-0.04,-0.14,0.04,
12:38:21:910,-0.64,-3.42,2.06,-0.04,-0.14,0.04,
12:38:21:912,-0.64,-3.42,2.06,-0.04,0.03,0.03,
12:38:21:913,-0.64,-3.42,2.06,-0.04,0.03,0.03,
12:38:21:915,-0.64,-3.42,2.06,-0.04,0.21,0.02,
12:38:21:915,-1.26,-3.96,2.91,-0.04,0.21,0.02,
12:38:21:923,-1.26,-3.96,2.91,-0.03,0.26,0.01,
12:38:21:924,-1.25,-3.96,2.91,-0.03,0.26,0.01,
12:38:21:924,-1.25,-3.96,2.91,-0.02,0.18,0.02,
12:38:21:929,-0.93,-1.71,4.01,-0.02,0.18,0.02,
12:38:21:929,-0.93,-1.71,4.01,-0.01,0.00,0.02,
12:38:21:930,-0.93,-1.71,4.01,-0.01,0.00,0.02,
12:38:21:930,-0.93,-1.71,4.01,-0.01,-0.16,0.04,
12:38:21:931,0.35,-0.62,4.29,-0.01,-0.16,0.04,
12:38:21:931,0.35,-0.62,4.29,-0.02,-0.18,0.05,
12:38:21:931,0.35,-0.62,4.29,-0.02,-0.18,0.05,
12:38:21:931,0.35,-0.62,4.29,-0.04,-0.11,0.06,
12:38:21:932,-2.53,-4.80,1.20,-0.04,-0.11,0.06,
12:38:21:932,-2.53,-4.80,1.20,-0.05,-0.05,0.07,
12:38:21:933,-2.53,-4.80,1.20,-0.05,-0.05,0.07,
12:38:21:934,-2.53,-4.80,1.20,-0.07,-0.08,0.08,
12:38:21:935,-0.08,-4.64,1.93,-0.07,-0.08,0.08,
12:38:21:937,-0.08,-4.64,1.93,-0.11,-0.10,0.07,
12:38:21:938,-0.08,-4.64,1.93,-0.11,-0.10,0.07,
12:38:21:939,-0.08,-4.64,1.93,-0.15,-0.01,0.05,
12:38:21:940,1.35,-3.15,4.00,-0.15,-0.01,0.05,
12:38:21:942,1.35,-3.15,4.00,-0.17,0.11,0.02,
12:38:21:942,1.35,-3.15,3.99,-0.17,0.11,0.02,
12:38:21:945,1.35,-3.15,3.99,-0.14,0.13,0.00,
12:38:21:945,-0.89,-2.05,2.90,-0.14,0.13,0.00,
12:38:21:947,-0.89,-2.05,2.90,-0.11,0.11,0.01,
12:38:21:948,-0.89,-2.05,2.90,-0.11,0.11,0.01,
12:38:21:950,-0.89,-2.05,2.90,-0.10,0.08,0.02,
12:38:21:951,-0.64,-3.37,4.90,-0.10,0.08,0.02,
12:38:21:952,-0.64,-3.37,4.90,-0.10,-0.00,0.03,
12:38:21:953,-0.64,-3.37,4.89,-0.10,-0.00,0.03,
12:38:21:954,-0.64,-3.37,4.89,-0.07,-0.12,0.05,
12:38:21:955,-1.62,-4.04,2.50,-0.07,-0.12,0.05,
12:38:21:957,-1.62,-4.04,2.50,-0.04,-0.19,0.08,
12:38:21:958,-1.63,-4.04,2.49,-0.04,-0.19,0.08,
12:38:21:960,-1.63,-4.04,2.49,-0.02,-0.13,0.10,
12:38:21:960,-0.34,-0.93,3.67,-0.02,-0.13,0.10,
12:38:21:962,-0.34,-0.93,3.67,-0.02,0.05,0.09,
12:38:21:963,-0.34,-0.93,3.67,-0.02,0.05,0.09,
12:38:21:965,-0.34,-0.93,3.67,-0.04,0.21,0.08,
12:38:21:966,-0.99,-1.62,3.94,-0.04,0.21,0.08,
12:38:21:968,-0.99,-1.62,3.94,-0.07,0.23,0.07,
12:38:21:968,-0.99,-1.62,3.94,-0.07,0.23,0.07,
12:38:21:970,-0.99,-1.62,3.94,-0.09,0.05,0.06,
12:38:21:970,-0.35,-4.39,4.40,-0.09,0.05,0.06,
12:38:21:972,-0.35,-4.39,4.40,-0.08,-0.23,0.06,
12:38:21:973,-0.36,-4.39,4.39,-0.08,-0.23,0.06,
12:38:21:975,-0.36,-4.39,4.39,-0.05,-0.41,0.07,
12:38:21:976,-0.43,-3.31,1.08,-0.05,-0.41,0.07,
12:38:21:977,-0.43,-3.31,1.08,-0.03,-0.40,0.08,
12:38:21:978,-0.43,-3.31,1.08,-0.03,-0.40,0.08,
12:38:21:980,-0.43,-3.31,1.08,-0.04,-0.20,0.09,
12:38:21:981,-1.40,-4.37,0.41,-0.04,-0.20,0.09,
12:38:21:982,-1.40,-4.37,0.41,-0.05,0.03,0.10,
12:38:21:983,-1.40,-4.37,0.41,-0.05,0.03,0.10,
12:38:21:985,-1.40,-4.37,0.41,-0.06,0.16,0.09,
12:38:21:987,-0.40,-4.00,1.57,-0.06,0.16,0.09,
12:38:21:988,-0.40,-4.00,1.57,-0.10,0.21,0.09,
12:38:21:989,-0.40,-4.00,1.57,-0.10,0.21,0.09,
12:38:21:990,-0.40,-4.00,1.57,-0.15,0.17,0.08,
12:38:21:991,0.80,-4.03,4.34,-0.15,0.17,0.08,
12:38:21:992,0.80,-4.03,4.34,-0.18,0.05,0.07,
12:38:21:994,0.80,-4.03,4.34,-0.18,0.05,0.07,
12:38:21:995,0.80,-4.03,4.34,-0.19,-0.07,0.06,
12:38:21:996,-1.04,-4.89,3.41,-0.19,-0.07,0.06,
12:38:21:998,-1.04,-4.89,3.41,-0.18,-0.15,0.07,
12:38:21:999,-1.05,-4.89,3.40,-0.18,-0.15,0.07,
12:38:22:000,-1.05,-4.89,3.40,-0.16,-0.17,0.08,
12:38:22:001,-1.77,-5.13,2.95,-0.16,-0.17,0.08,
12:38:22:006,-1.77,-5.13,2.95,-0.15,-0.08,0.10,
12:38:22:007,-1.77,-5.13,2.95,-0.15,-0.08,0.10,
12:38:22:007,-1.77,-5.13,2.95,-0.14,0.04,0.12,
12:38:22:008,-0.73,-3.39,4.75,-0.14,0.04,0.12,
12:38:22:008,-0.73,-3.39,4.75,-0.11,0.08,0.12,
12:38:22:009,-0.73,-3.38,4.75,-0.11,0.08,0.12,
12:38:22:009,-0.73,-3.38,4.75,-0.06,0.03,0.12,
12:38:22:010,-0.46,0.08,3.67,-0.06,0.03,0.12,
12:38:22:012,-0.46,0.08,3.67,-0.00,-0.05,0.12,
12:38:22:012,-0.46,0.08,3.67,-0.00,-0.05,0.12,
12:38:22:014,-0.46,0.08,3.67,0.02,-0.08,0.11,
12:38:22:015,0.30,-0.73,4.23,0.02,-0.08,0.11,
12:38:22:022,0.30,-0.73,4.23,0.00,-0.08,0.09,
12:38:22:023,0.29,-0.73,4.23,0.00,-0.08,0.09,
12:38:22:023,0.29,-0.73,4.23,-0.02,-0.10,0.08,
12:38:22:023,-0.82,-5.43,2.20,-0.02,-0.10,0.08,
12:38:22:024,-0.82,-5.43,2.20,-0.04,-0.12,0.09,
12:38:22:024,-0.83,-5.43,2.20,-0.04,-0.12,0.09,
12:38:22:024,-0.83,-5.43,2.20,-0.06,-0.11,0.09,
12:38:22:025,-0.20,-3.27,1.98,-0.06,-0.11,0.09,
12:38:22:027,-0.20,-3.27,1.98,-0.10,-0.05,0.09,
12:38:22:028,-0.21,-3.27,1.98,-0.10,-0.05,0.09,
12:38:22:029,-0.21,-3.27,1.98,-0.13,0.04,0.08,
12:38:22:030,-0.48,-4.35,2.39,-0.13,0.04,0.08,
12:38:22:032,-0.48,-4.35,2.39,-0.14,0.09,0.07,
12:38:22:032,-0.48,-4.35,2.38,-0.14,0.09,0.07,
12:38:22:034,-0.48,-4.35,2.38,-0.14,0.10,0.08,
12:38:22:035,-0.18,-2.28,4.26,-0.14,0.10,0.08,
12:38:22:037,-0.18,-2.28,4.26,-0.15,0.06,0.08,
12:38:22:038,-0.18,-2.28,4.25,-0.15,0.06,0.08,
12:38:22:040,-0.18,-2.28,4.25,-0.17,-0.03,0.09,
12:38:22:040,-0.06,-4.36,5.56,-0.17,-0.03,0.09,
12:38:22:042,-0.06,-4.36,5.56,-0.18,-0.10,0.09,
12:38:22:042,-0.07,-4.36,5.55,-0.18,-0.10,0.09,
12:38:22:044,-0.07,-4.36,5.55,-0.15,-0.13,0.09,
12:38:22:050,-1.80,-4.97,3.55,-0.15,-0.13,0.09,
12:38:22:050,-1.80,-4.97,3.55,-0.10,-0.11,0.10,
12:38:22:051,-1.80,-4.97,3.55,-0.10,-0.11,0.10,
12:38:22:051,-1.80,-4.97,3.55,-0.04,-0.10,0.11,
12:38:22:052,-1.12,-2.75,2.88,-0.04,-0.10,0.11,
12:38:22:052,-1.12,-2.75,2.88,-0.00,-0.13,0.12,
12:38:22:053,-1.13,-2.75,2.88,-0.00,-0.13,0.12,
12:38:22:055,-1.13,-2.75,2.88,0.01,-0.18,0.12,
12:38:22:055,0.67,-4.89,2.55,0.01,-0.18,0.12,
12:38:22:057,0.67,-4.89,2.55,0.02,-0.18,0.11,
12:38:22:057,0.66,-4.89,2.55,0.02,-0.18,0.11,
12:38:22:059,0.66,-4.89,2.55,0.02,-0.10,0.10,
12:38:22:060,0.13,-3.47,1.22,0.02,-0.10,0.10,
12:38:22:062,0.13,-3.47,1.22,0.01,0.05,0.09,
12:38:22:062,0.13,-3.47,1.22,0.01,0.05,0.09,
12:38:22:065,0.13,-3.47,1.22,-0.02,0.20,0.08,
12:38:22:065,0.04,-0.87,2.89,-0.02,0.20,0.08,
12:38:22:067,0.04,-0.87,2.89,-0.06,0.31,0.07,
12:38:22:068,0.04,-0.87,2.89,-0.06,0.31,0.07,
12:38:22:070,0.04,-0.87,2.89,-0.10,0.30,0.08,
12:38:22:071,-2.93,-5.58,3.36,-0.10,0.30,0.08,
12:38:22:072,-2.93,-5.58,3.36,-0.12,0.20,0.10,
12:38:22:073,-2.93,-5.58,3.36,-0.12,0.20,0.10,
12:38:22:074,-2.93,-5.58,3.36,-0.12,0.02,0.12,
12:38:22:075,-2.30,-3.65,2.27,-0.12,0.02,0.12,
12:38:22:077,-2.30,-3.65,2.27,-0.12,-0.25,0.14,
12:38:22:077,-2.31,-3.65,2.27,-0.12,-0.25,0.14,
12:38:22:079,-2.31,-3.65,2.27,-0.12,-0.46,0.14,
12:38:22:080,1.23,-2.98,5.56,-0.12,-0.46,0.14,
12:38:22:082,1.23,-2.98,5.56,-0.12,-0.45,0.14,
12:38:22:083,1.22,-2.98,5.56,-0.12,-0.45,0.14,
12:38:22:085,1.22,-2.98,5.56,-0.10,-0.22,0.12,
12:38:22:086,-1.14,-1.93,1.69,-0.10,-0.22,0.12,
12:38:22:088,-1.14,-1.93,1.69,-0.11,0.07,0.11,
12:38:22:089,-1.14,-1.93,1.68,-0.11,0.07,0.11,
12:38:22:089,-1.14,-1.93,1.68,-0.12,0.23,0.11,
12:38:22:090,0.98,-3.87,4.72,-0.12,0.23,0.11,
12:38:22:092,0.98,-3.87,4.72,-0.13,0.17,0.08,
12:38:22:094,0.98,-3.87,4.71,-0.13,0.17,0.08,
12:38:22:094,0.98,-3.87,4.71,-0.11,-0.02,0.07,
12:38:22:095,-0.18,-6.01,2.76,-0.11,-0.02,0.07,
12:38:22:097,-0.18,-6.01,2.76,-0.07,-0.16,0.06,
12:38:22:098,-0.18,-6.01,2.76,-0.07,-0.16,0.06,
12:38:22:100,-0.18,-6.01,2.76,-0.05,-0.16,0.07,
12:38:22:101,0.05,-1.80,4.19,-0.05,-0.16,0.07,
12:38:22:102,0.05,-1.80,4.19,-0.03,0.01,0.07,
12:38:22:103,0.05,-1.80,4.19,-0.03,0.01,0.07,
12:38:22:105,0.05,-1.80,4.19,-0.02,0.17,0.07,
12:38:22:106,-1.08,-1.67,3.71,-0.02,0.17,0.07,
12:38:22:108,-1.08,-1.67,3.71,-0.01,0.12,0.08,
12:38:22:108,-1.09,-1.67,3.71,-0.01,0.12,0.08,
12:38:22:110,-1.09,-1.67,3.71,-0.00,-0.07,0.09,
12:38:22:110,0.42,-4.85,4.01,-0.00,-0.07,0.09,
12:38:22:112,0.42,-4.85,4.01,-0.03,-0.24,0.10,
12:38:22:112,0.42,-4.85,4.01,-0.03,-0.24,0.10,
12:38:22:115,0.42,-4.85,4.01,-0.06,-0.19,0.10,
12:38:22:115,0.29,-1.49,4.42,-0.06,-0.19,0.10,
12:38:22:123,0.29,-1.49,4.42,-0.09,0.12,0.10,
12:38:22:124,0.29,-1.49,4.42,-0.09,0.12,0.10,
12:38:22:124,0.29,-1.49,4.42,-0.09,0.30,0.10,
12:38:22:125,-2.45,-2.83,2.75,-0.09,0.30,0.10,
12:38:22:125,-2.45,-2.83,2.75,-0.05,0.15,0.11,
12:38:22:125,-2.45,-2.83,2.75,-0.05,0.15,0.11,
12:38:22:126,-2.45,-2.83,2.75,-0.01,-0.18,0.11,
12:38:22:126,0.90,-3.84,2.72,-0.01,-0.18,0.11,
12:38:22:127,0.90,-3.84,2.72,0.00,-0.46,0.09,
12:38:22:128,0.89,-3.84,2.72,0.00,-0.46,0.09,
12:38:22:130,0.89,-3.84,2.72,-0.01,-0.50,0.07,
12:38:22:130,1.08,-5.07,2.13,-0.01,-0.50,0.07,
12:38:22:132,1.08,-5.07,2.13,-0.04,-0.21,0.07,
12:38:22:132,1.08,-5.07,2.12,-0.04,-0.21,0.07,
12:38:22:134,1.08,-5.07,2.12,-0.06,0.18,0.07,
12:38:22:135,-1.28,-2.02,1.63,-0.06,0.18,0.07,
12:38:22:137,-1.28,-2.02,1.63,-0.07,0.40,0.09,
12:38:22:138,-1.28,-2.02,1.63,-0.07,0.40,0.09,
12:38:22:140,-1.28,-2.02,1.63,-0.08,0.38,0.09,
12:38:22:140,0.30,-3.98,4.79,-0.08,0.38,0.09,
12:38:22:142,0.30,-3.98,4.79,-0.11,0.18,0.08,
12:38:22:143,0.30,-3.98,4.79,-0.11,0.18,0.08,
12:38:22:145,0.30,-3.98,4.79,-0.12,-0.04,0.07,
12:38:22:145,-1.44,-6.05,4.23,-0.12,-0.04,0.07,
12:38:22:148,-1.44,-6.05,4.23,-0.11,-0.19,0.09,
12:38:22:148,-1.45,-6.05,4.22,-0.11,-0.19,0.09,
12:38:22:150,-1.45,-6.05,4.22,-0.09,-0.21,0.10,
12:38:22:151,-0.59,-1.05,5.00,-0.09,-0.21,0.10,
12:38:22:152,-0.59,-1.05,5.00,-0.04,-0.13,0.11,
12:38:22:152,-0.60,-1.05,5.00,-0.04,-0.13,0.11,
12:38:22:155,-0.60,-1.05,5.00,0.01,-0.06,0.10,
12:38:22:156,-0.56,-1.78,2.31,0.01,-0.06,0.10,
12:38:22:157,-0.56,-1.78,2.31,0.03,-0.07,0.10,
12:38:22:158,-0.56,-1.78,2.31,0.03,-0.07,0.10,
12:38:22:160,-0.56,-1.78,2.31,0.02,-0.02,0.09,
12:38:22:160,1.30,-0.62,4.79,0.02,-0.02,0.09,
12:38:22:162,1.30,-0.62,4.79,-0.00,0.15,0.07,
12:38:22:162,1.30,-0.62,4.79,-0.00,0.15,0.07,
12:38:22:165,1.30,-0.62,4.79,-0.03,0.30,0.04,
12:38:22:165,-0.48,-2.42,4.34,-0.03,0.30,0.04,
12:38:22:167,-0.48,-2.42,4.34,-0.06,0.24,0.02,
12:38:22:168,-0.48,-2.42,4.34,-0.06,0.24,0.02,
12:38:22:170,-0.48,-2.42,4.34,-0.07,0.00,0.01,
12:38:22:176,-0.37,-3.99,5.36,-0.07,0.00,0.01,
12:38:22:177,-0.37,-3.99,5.36,-0.05,-0.27,0.03,
12:38:22:178,-0.37,-3.99,5.36,-0.05,-0.27,0.03,
12:38:22:178,-0.37,-3.99,5.36,-0.03,-0.41,0.05,
12:38:22:179,0.79,-2.75,3.04,-0.03,-0.41,0.05,
12:38:22:179,0.79,-2.75,3.04,-0.04,-0.35,0.07,
12:38:22:180,0.79,-2.75,3.04,-0.04,-0.35,0.07,
12:38:22:180,0.79,-2.75,3.04,-0.04,-0.04,0.08,
12:38:22:181,0.05,-2.09,3.65,-0.04,-0.04,0.08,
12:38:22:182,0.05,-2.09,3.65,-0.04,0.23,0.08,
12:38:22:183,0.05,-2.09,3.65,-0.04,0.23,0.08,
12:38:22:185,0.05,-2.09,3.65,-0.03,0.29,0.07,
12:38:22:186,-0.36,-3.44,4.07,-0.03,0.29,0.07,
12:38:22:188,-0.36,-3.44,4.07,-0.02,0.22,0.06,
12:38:22:188,-0.36,-3.44,4.07,-0.02,0.22,0.06,
12:38:22:190,-0.36,-3.44,4.07,-0.00,0.07,0.04,
12:38:22:190,0.61,-1.77,5.87,-0.00,0.07,0.04,
12:38:22:192,0.61,-1.77,5.87,0.02,-0.07,0.03,
12:38:22:194,0.61,-1.77,5.87,0.02,-0.07,0.03,
12:38:22:194,0.61,-1.77,5.87,0.03,-0.16,0.03,
12:38:22:195,-0.65,-3.24,3.95,0.03,-0.16,0.03,
12:38:22:197,-0.65,-3.24,3.95,0.03,-0.17,0.04,
12:38:22:198,-0.65,-3.24,3.95,0.03,-0.17,0.04,
12:38:22:209,-0.65,-3.24,3.95,0.02,-0.15,0.06,
12:38:22:209,0.30,-3.54,2.78,0.02,-0.15,0.06,
12:38:22:210,0.30,-3.54,2.78,0.03,-0.12,0.07,
12:38:22:210,0.30,-3.54,2.78,0.03,-0.12,0.07,
12:38:22:211,0.30,-3.54,2.78,0.02,-0.01,0.08,
12:38:22:211,0.63,-2.96,3.26,0.02,-0.01,0.08,
12:38:22:212,0.63,-2.96,3.26,-0.00,0.15,0.07,
12:38:22:212,0.62,-2.96,3.26,-0.00,0.15,0.07,
12:38:22:212,0.62,-2.96,3.26,-0.02,0.24,0.04,
12:38:22:213,0.16,-3.14,4.31,-0.02,0.24,0.04,
12:38:22:213,0.16,-3.14,4.31,-0.03,0.23,0.01,
12:38:22:214,0.16,-3.14,4.31,-0.03,0.23,0.01,
12:38:22:215,0.16,-3.14,4.31,-0.02,0.13,0.00,
12:38:22:216,-0.03,-1.40,5.72,-0.02,0.13,0.00,
12:38:22:220,-0.03,-1.40,5.72,-0.01,0.01,0.00,
12:38:22:221,-0.03,-1.40,5.72,-0.01,0.01,0.00,
12:38:22:222,-0.03,-1.40,5.72,0.01,-0.08,0.01,
12:38:22:222,-0.95,-1.92,5.27,0.01,-0.08,0.01,
12:38:22:223,-0.95,-1.92,5.27,0.02,-0.09,0.03,
12:38:22:223,-0.95,-1.92,5.28,0.02,-0.09,0.03,
12:38:22:225,-0.95,-1.92,5.28,0.04,-0.09,0.05,
12:38:22:225,-0.87,-1.28,3.60,0.04,-0.09,0.05,
12:38:22:227,-0.87,-1.28,3.60,0.05,-0.05,0.07,
12:38:22:228,-0.88,-1.28,3.60,0.05,-0.05,0.07,
12:38:22:230,-0.88,-1.28,3.60,0.03,0.05,0.07,
12:38:22:231,-0.22,-1.98,4.80,0.03,0.05,0.07,
12:38:22:232,-0.22,-1.98,4.80,0.02,0.16,0.05,
12:38:22:233,-0.22,-1.98,4.80,0.02,0.16,0.05,
12:38:22:235,-0.22,-1.98,4.80,0.01,0.16,0.03,
12:38:22:236,0.08,-0.77,5.18,0.01,0.16,0.03,
12:38:22:238,0.08,-0.77,5.18,0.02,0.07,0.01,
12:38:22:239,0.08,-0.77,5.18,0.02,0.07,0.01,
12:38:22:240,0.08,-0.77,5.18,0.02,-0.05,0.01,
12:38:22:241,0.80,-1.29,6.17,0.02,-0.05,0.01,
12:38:22:242,0.80,-1.29,6.17,0.01,-0.17,0.02,
12:38:22:243,0.80,-1.29,6.17,0.01,-0.17,0.02,
12:38:22:244,0.80,-1.29,6.17,0.02,-0.25,0.03,
12:38:22:245,0.60,-2.71,3.50,0.02,-0.25,0.03,
12:38:22:247,0.60,-2.71,3.50,0.03,-0.21,0.04,
12:38:22:248,0.60,-2.71,3.50,0.03,-0.21,0.04,
12:38:22:250,0.60,-2.71,3.50,0.03,-0.05,0.04,
12:38:22:251,0.44,-3.12,3.10,0.03,-0.05,0.04,
12:38:22:252,0.44,-3.12,3.10,0.02,0.18,0.02,
12:38:22:253,0.44,-3.12,3.10,0.02,0.18,0.02,
12:38:22:255,0.44,-3.12,3.10,0.01,0.32,-0.01,
12:38:22:256,0.49,-2.50,5.20,0.01,0.32,-0.01,
12:38:22:257,0.49,-2.50,5.20,0.02,0.29,-0.03,
12:38:22:258,0.49,-2.50,5.20,0.02,0.29,-0.03,
12:38:22:260,0.49,-2.50,5.20,0.05,0.15,-0.04,
12:38:22:260,0.13,-0.49,5.56,0.05,0.15,-0.04,
12:38:22:262,0.13,-0.49,5.56,0.08,-0.03,-0.03,
12:38:22:263,0.13,-0.49,5.56,0.08,-0.03,-0.03,
12:38:22:265,0.13,-0.49,5.56,0.09,-0.15,-0.01,
12:38:22:266,0.40,-1.01,5.23,0.09,-0.15,-0.01,
12:38:22:268,0.40,-1.01,5.23,0.09,-0.20,0.01,
12:38:22:269,0.40,-1.01,5.24,0.09,-0.20,0.01,
12:38:22:270,0.40,-1.01,5.24,0.08,-0.21,0.03,
12:38:22:271,0.59,-2.86,2.64,0.08,-0.21,0.03,
12:38:22:272,0.59,-2.86,2.64,0.07,-0.16,0.03,
12:38:22:273,0.59,-2.86,2.64,0.07,-0.16,0.03,
12:38:22:275,0.59,-2.86,2.64,0.05,-0.02,0.02,
12:38:22:276,0.85,-2.96,2.49,0.05,-0.02,0.02,
12:38:22:277,0.85,-2.96,2.49,0.03,0.20,0.00,
12:38:22:278,0.85,-2.96,2.49,0.03,0.20,0.00,
12:38:22:280,0.85,-2.96,2.49,0.02,0.38,-0.02,
12:38:22:280,-0.21,-0.05,4.29,0.02,0.38,-0.02,
12:38:22:282,-0.21,-0.05,4.29,0.02,0.45,-0.03,
12:38:22:283,-0.21,-0.05,4.29,0.02,0.45,-0.03,
12:38:22:285,-0.21,-0.05,4.29,0.02,0.38,-0.05,
12:38:22:286,-1.20,-1.21,6.62,0.02,0.38,-0.05,
12:38:22:288,-1.20,-1.21,6.62,0.02,0.13,-0.04,
12:38:22:289,-1.20,-1.21,6.62,0.02,0.13,-0.04,
12:38:22:290,-1.20,-1.21,6.62,0.02,-0.19,-0.02,
12:38:22:290,-0.48,-2.85,5.98,0.02,-0.19,-0.02,
12:38:22:292,-0.48,-2.85,5.98,0.04,-0.40,0.01,
12:38:22:293,-0.48,-2.85,5.98,0.04,-0.40,0.01,
12:38:22:294,-0.48,-2.85,5.98,0.04,-0.37,0.04,
12:38:22:302,-0.37,-1.19,4.70,0.04,-0.37,0.04,
12:38:22:303,-0.37,-1.19,4.70,0.04,-0.08,0.06,
12:38:22:305,-0.38,-1.19,4.70,0.04,-0.08,0.06,
12:38:22:307,-0.38,-1.19,4.70,0.03,0.19,0.05,
12:38:22:308,-0.04,-1.69,3.94,0.03,0.19,0.05,
12:38:22:310,-0.04,-1.69,3.94,0.04,0.28,0.02,
12:38:22:311,-0.03,-1.69,3.94,0.04,0.28,0.02,
12:38:22:313,-0.03,-1.69,3.94,0.04,0.27,-0.02,
12:38:22:314,0.55,-0.68,6.76,0.04,0.27,-0.02,
12:38:22:315,0.55,-0.68,6.76,0.05,0.20,-0.05,
12:38:22:316,0.56,-0.68,6.76,0.05,0.20,-0.05,
12:38:22:317,0.56,-0.68,6.76,0.05,0.10,-0.07,
12:38:22:317,-0.97,-1.79,6.75,0.05,0.10,-0.07,
12:38:22:318,-0.97,-1.79,6.75,0.07,-0.01,-0.07,
12:38:22:318,-0.97,-1.79,6.75,0.07,-0.01,-0.07,
12:38:22:319,-0.97,-1.79,6.75,0.10,-0.13,-0.03,
12:38:22:320,-0.46,0.26,5.73,0.10,-0.13,-0.03,
12:38:22:320,-0.46,0.26,5.73,0.11,-0.17,0.01,
12:38:22:321,-0.46,0.25,5.73,0.11,-0.17,0.01,
12:38:22:321,-0.46,0.25,5.73,0.11,-0.15,0.04,
12:38:22:321,1.33,-0.03,5.07,0.11,-0.15,0.04,
12:38:22:325,1.33,-0.03,5.07,0.10,-0.09,0.05,
12:38:22:325,1.33,-0.03,5.07,0.10,-0.09,0.05,
12:38:22:326,1.33,-0.03,5.07,0.09,-0.08,0.03,
12:38:22:326,1.40,-2.82,2.79,0.09,-0.08,0.03,
12:38:22:328,1.40,-2.82,2.79,0.07,-0.03,0.00,
12:38:22:329,1.40,-2.83,2.79,0.07,-0.03,0.00,
12:38:22:330,1.40,-2.83,2.79,0.05,0.16,-0.03,
12:38:22:330,0.62,-0.91,4.19,0.05,0.16,-0.03,
12:38:22:332,0.62,-0.91,4.19,0.03,0.36,-0.06,
12:38:22:333,0.63,-0.91,4.19,0.03,0.36,-0.06,
12:38:22:335,0.63,-0.91,4.19,0.03,0.37,-0.09,
12:38:22:335,0.02,-0.28,6.06,0.03,0.37,-0.09,
12:38:22:337,0.02,-0.28,6.06,0.04,0.19,-0.09,
12:38:22:337,0.02,-0.28,6.06,0.04,0.19,-0.09,
12:38:22:339,0.02,-0.28,6.06,0.06,-0.05,-0.07,
12:38:22:340,-0.49,-0.73,5.42,0.06,-0.05,-0.07,
12:38:22:343,-0.49,-0.73,5.42,0.08,-0.20,-0.03,
12:38:22:344,-0.49,-0.73,5.42,0.08,-0.20,-0.03,
12:38:22:344,-0.49,-0.73,5.42,0.08,-0.17,0.01,
12:38:22:345,-0.41,-0.29,5.28,0.08,-0.17,0.01,
12:38:22:347,-0.41,-0.29,5.28,0.08,-0.03,0.03,
12:38:22:348,-0.42,-0.29,5.28,0.08,-0.03,0.03,
12:38:22:350,-0.42,-0.29,5.28,0.07,0.06,0.04,
12:38:22:350,0.27,-1.22,4.23,0.07,0.06,0.04,
12:38:22:352,0.27,-1.22,4.23,0.07,0.07,0.02,
12:38:22:353,0.27,-1.22,4.23,0.07,0.07,0.02,
12:38:22:354,0.27,-1.22,4.23,0.06,0.07,-0.02,
12:38:22:355,0.51,-1.55,5.17,0.06,0.07,-0.02,
12:38:22:357,0.51,-1.55,5.17,0.06,0.08,-0.05,
12:38:22:357,0.51,-1.55,5.17,0.06,0.08,-0.05,
12:38:22:359,0.51,-1.55,5.17,0.06,0.10,-0.08,
12:38:22:360,-0.13,-0.92,5.26,0.06,0.10,-0.08,
12:38:22:362,-0.13,-0.92,5.26,0.06,0.12,-0.08,
12:38:22:362,-0.12,-0.92,5.26,0.06,0.12,-0.08,
12:38:22:364,-0.12,-0.92,5.26,0.07,0.13,-0.07,
12:38:22:365,-0.16,0.72,6.76,0.07,0.13,-0.07,
12:38:22:367,-0.16,0.72,6.76,0.08,0.10,-0.05,
12:38:22:368,-0.16,0.72,6.76,0.08,0.10,-0.05,
12:38:22:370,-0.16,0.72,6.76,0.08,0.02,-0.02,
12:38:22:370,-0.35,-1.36,6.03,0.08,0.02,-0.02,
12:38:22:372,-0.35,-1.36,6.03,0.08,-0.07,-0.01,
12:38:22:373,-0.35,-1.36,6.03,0.08,-0.07,-0.01,
12:38:22:375,-0.35,-1.36,6.03,0.07,-0.04,-0.01,
12:38:22:375,-0.95,-1.20,5.46,0.07,-0.04,-0.01,
12:38:22:377,-0.95,-1.20,5.46,0.06,0.07,-0.01,
12:38:22:378,-0.95,-1.20,5.46,0.06,0.07,-0.01,
12:38:22:379,-0.95,-1.20,5.46,0.06,0.15,-0.02,
12:38:22:380,-0.28,-0.41,6.36,0.06,0.15,-0.02,
12:38:22:382,-0.28,-0.41,6.36,0.07,0.12,-0.03,
12:38:22:383,-0.28,-0.41,6.36,0.07,0.12,-0.03,
12:38:22:385,-0.28,-0.41,6.36,0.08,0.00,-0.02,
12:38:22:386,1.15,0.76,7.17,0.08,0.00,-0.02,
12:38:22:388,1.15,0.76,7.17,0.10,-0.10,-0.02,
12:38:22:388,1.15,0.76,7.17,0.10,-0.10,-0.02,
12:38:22:389,1.15,0.76,7.17,0.10,-0.07,-0.02,
12:38:22:390,-0.41,-0.98,5.44,0.10,-0.07,-0.02,
12:38:22:392,-0.41,-0.98,5.44,0.11,0.06,-0.02,
12:38:22:393,-0.41,-0.98,5.45,0.11,0.06,-0.02,
12:38:22:394,-0.41,-0.98,5.45,0.12,0.15,-0.03,
12:38:22:395,-0.21,0.27,5.00,0.12,0.15,-0.03,
12:38:22:398,-0.21,0.27,5.00,0.12,0.13,-0.04,
12:38:22:398,-0.20,0.27,5.00,0.12,0.13,-0.04,
12:38:22:407,-0.20,0.27,5.00,0.12,0.06,-0.04,
12:38:22:408,0.59,0.08,6.54,0.12,0.06,-0.04,
12:38:22:409,0.59,0.08,6.54,0.11,-0.00,-0.04,
12:38:22:410,0.59,0.08,6.55,0.11,-0.00,-0.04,
12:38:22:410,0.59,0.08,6.55,0.10,-0.04,-0.03,
12:38:22:411,0.10,-0.63,4.83,0.10,-0.04,-0.03,
12:38:22:412,0.10,-0.63,4.83,0.09,-0.05,-0.02,
12:38:22:412,0.10,-0.63,4.83,0.09,-0.05,-0.02,
12:38:22:413,0.10,-0.63,4.83,0.09,0.02,-0.02,
12:38:22:414,0.32,1.08,5.60,0.09,0.02,-0.02,
12:38:22:414,0.32,1.08,5.60,0.10,0.10,-0.02,
12:38:22:415,0.32,1.08,5.60,0.10,0.10,-0.02,
12:38:22:415,0.32,1.08,5.60,0.10,0.11,-0.03,
12:38:22:416,0.09,0.11,4.61,0.10,0.11,-0.03,
12:38:22:423,0.09,0.11,4.61,0.10,0.04,-0.03,
12:38:22:424,0.09,0.11,4.61,0.10,0.04,-0.03,
12:38:22:425,0.09,0.11,4.61,0.09,-0.02,-0.04,
12:38:22:430,0.51,-0.30,5.70,0.09,-0.02,-0.04,
12:38:22:430,0.51,-0.30,5.70,0.08,0.01,-0.04,
12:38:22:431,0.51,-0.30,5.71,0.08,0.01,-0.04,
12:38:22:431,0.51,-0.30,5.71,0.08,0.08,-0.05,
12:38:22:432,-0.52,-0.60,5.05,0.08,0.08,-0.05,
12:38:22:433,-0.52,-0.60,5.05,0.08,0.11,-0.05,
12:38:22:434,-0.52,-0.60,5.06,0.08,0.11,-0.05,
12:38:22:434,-0.52,-0.60,5.06,0.10,0.08,-0.05,
12:38:22:435,-0.05,1.11,6.05,0.10,0.08,-0.05,
12:38:22:435,-0.05,1.11,6.05,0.10,0.06,-0.05,
12:38:22:436,-0.05,1.11,6.05,0.10,0.06,-0.05,
12:38:22:436,-0.05,1.11,6.05,0.11,0.07,-0.04,
12:38:22:437,-0.71,0.40,6.19,0.11,0.07,-0.04,
12:38:22:438,-0.71,0.40,6.19,0.11,0.05,-0.04,
12:38:22:439,-0.70,0.40,6.20,0.11,0.05,-0.04,
12:38:22:440,-0.70,0.40,6.20,0.10,-0.04,-0.04,
12:38:22:441,-0.47,-2.22,5.35,0.10,-0.04,-0.04,
12:38:22:442,-0.47,-2.22,5.35,0.09,-0.13,-0.02,
12:38:22:442,-0.47,-2.22,5.36,0.09,-0.13,-0.02,
12:38:22:445,-0.47,-2.22,5.36,0.08,-0.07,-0.01,
12:38:22:445,0.48,1.72,5.70,0.08,-0.07,-0.01,
12:38:22:447,0.48,1.72,5.70,0.09,0.09,-0.01,
12:38:22:448,0.48,1.72,5.70,0.09,0.09,-0.01,
12:38:22:450,0.48,1.72,5.70,0.09,0.21,-0.02,
12:38:22:451,0.17,0.23,5.89,0.09,0.21,-0.02,
12:38:22:453,0.17,0.23,5.89,0.07,0.18,-0.04,
12:38:22:454,0.17,0.23,5.90,0.07,0.18,-0.04,
12:38:22:454,0.17,0.23,5.90,0.07,0.07,-0.06,
12:38:22:455,-0.13,-1.56,6.22,0.07,0.07,-0.06,
12:38:22:457,-0.13,-1.56,6.22,0.07,-0.04,-0.07,
12:38:22:458,-0.12,-1.56,6.23,0.07,-0.04,-0.07,
12:38:22:460,-0.12,-1.56,6.23,0.08,-0.02,-0.07,
12:38:22:460,-0.50,0.75,6.87,0.08,-0.02,-0.07,
12:38:22:462,-0.50,0.75,6.87,0.08,0.10,-0.06,
12:38:22:463,-0.50,0.75,6.87,0.08,0.10,-0.06,
12:38:22:465,-0.50,0.75,6.87,0.09,0.14,-0.04,
12:38:22:465,0.00,1.29,7.02,0.09,0.14,-0.04,
12:38:22:468,0.00,1.29,7.02,0.11,0.02,-0.02,
12:38:22:468,0.00,1.29,7.02,0.11,0.02,-0.02,
12:38:22:470,0.00,1.29,7.02,0.13,-0.12,-0.00,
12:38:22:471,0.66,1.03,6.33,0.13,-0.12,-0.00,
12:38:22:472,0.66,1.03,6.33,0.13,-0.16,0.01,
12:38:22:473,0.66,1.03,6.33,0.13,-0.16,0.01,
12:38:22:475,0.66,1.03,6.33,0.12,-0.08,-0.00,
12:38:22:476,0.81,-0.24,5.34,0.12,-0.08,-0.00,
12:38:22:477,0.81,-0.24,5.34,0.11,0.05,-0.02,
12:38:22:478,0.81,-0.24,5.35,0.11,0.05,-0.02,
12:38:22:479,0.81,-0.24,5.35,0.11,0.18,-0.05,
12:38:22:480,-0.36,0.52,4.40,0.11,0.18,-0.05,
12:38:22:482,-0.36,0.52,4.40,0.12,0.21,-0.08,
12:38:22:483,-0.36,0.52,4.40,0.12,0.21,-0.08,
12:38:22:485,-0.36,0.52,4.40,0.11,0.15,-0.09,
12:38:22:485,0.56,1.50,6.93,0.11,0.15,-0.09,
12:38:22:487,0.56,1.50,6.93,0.11,0.06,-0.08,
12:38:22:488,0.56,1.50,6.94,0.11,0.06,-0.08,
12:38:22:490,0.56,1.50,6.94,0.11,0.01,-0.06,
12:38:22:490,-1.18,0.03,5.26,0.11,0.01,-0.06,
12:38:22:492,-1.18,0.03,5.26,0.10,-0.07,-0.04,
12:38:22:493,-1.18,0.03,5.27,0.10,-0.07,-0.04,
12:38:22:495,-1.18,0.03,5.27,0.07,-0.18,-0.01,
12:38:22:495,0.55,-1.10,5.31,0.07,-0.18,-0.01,
12:38:22:497,0.55,-1.10,5.31,0.06,-0.19,0.02,
12:38:22:498,0.54,-1.10,5.31,0.06,-0.19,0.02,
12:38:22:509,0.54,-1.10,5.31,0.07,-0.03,0.02,
12:38:22:510,-0.14,1.32,4.26,0.07,-0.03,0.02,
12:38:22:511,-0.14,1.32,4.26,0.07,0.20,0.00,
12:38:22:511,-0.14,1.32,4.27,0.07,0.20,0.00,
12:38:22:512,-0.14,1.32,4.27,0.07,0.34,-0.02,
12:38:22:512,-0.32,-0.22,6.06,0.07,0.34,-0.02,
12:38:22:513,-0.32,-0.22,6.06,0.07,0.24,-0.05,
12:38:22:513,-0.32,-0.22,6.07,0.07,0.24,-0.05,
12:38:22:514,-0.32,-0.22,6.07,0.07,-0.01,-0.06,
12:38:22:514,0.24,-1.40,6.69,0.07,-0.01,-0.06,
12:38:22:515,0.24,-1.40,6.69,0.08,-0.20,-0.05,
12:38:22:515,0.24,-1.40,6.70,0.08,-0.20,-0.05,
12:38:22:516,0.24,-1.40,6.70,0.08,-0.14,-0.03,
12:38:22:516,-1.14,1.23,5.74,0.08,-0.14,-0.03,
12:38:22:522,-1.14,1.23,5.74,0.10,0.04,-0.01,
12:38:22:523,-1.14,1.22,5.75,0.10,0.04,-0.01,
12:38:22:523,-1.14,1.22,5.75,0.10,0.08,0.01,
12:38:22:524,0.36,0.61,5.87,0.10,0.08,0.01,
12:38:22:524,0.36,0.61,5.87,0.10,-0.00,0.03,
12:38:22:525,0.36,0.61,5.87,0.10,-0.00,0.03,
12:38:22:525,0.36,0.61,5.87,0.10,-0.04,0.01,
12:38:22:526,0.06,-1.87,5.24,0.10,-0.04,0.01,
12:38:22:527,0.06,-1.87,5.24,0.07,0.00,-0.01,
12:38:22:528,0.06,-1.87,5.24,0.07,0.00,-0.01,
12:38:22:529,0.06,-1.87,5.24,0.05,0.11,-0.03,
12:38:22:530,-0.14,-0.98,5.92,0.05,0.11,-0.03,
12:38:22:532,-0.14,-0.98,5.92,0.04,0.14,-0.04,
12:38:22:533,-0.14,-0.98,5.92,0.04,0.14,-0.04,
12:38:22:535,-0.14,-0.98,5.92,0.05,0.07,-0.04,
12:38:22:536,0.37,1.44,6.52,0.05,0.07,-0.04,
12:38:22:537,0.37,1.44,6.52,0.08,-0.04,-0.04,
12:38:22:538,0.37,1.44,6.52,0.08,-0.04,-0.04,
12:38:22:539,0.37,1.44,6.52,0.10,-0.13,-0.02,
12:38:22:540,0.65,0.89,5.33,0.10,-0.13,-0.02,
12:38:22:542,0.65,0.89,5.33,0.12,-0.15,0.00,
12:38:22:543,0.65,0.89,5.33,0.12,-0.15,0.00,
12:38:22:545,0.65,0.89,5.33,0.11,-0.07,0.01,
12:38:22:552,0.20,-0.93,4.11,0.11,-0.07,0.01,
12:38:22:553,0.20,-0.93,4.11,0.09,0.08,-0.01,
12:38:22:554,0.20,-0.93,4.11,0.09,0.08,-0.01,
12:38:22:555,0.20,-0.93,4.11,0.07,0.19,-0.03,
12:38:22:555,0.26,-0.21,4.71,0.07,0.19,-0.03,
12:38:22:555,0.26,-0.21,4.71,0.05,0.22,-0.06,
12:38:22:556,0.26,-0.21,4.71,0.05,0.22,-0.06,
12:38:22:556,0.26,-0.21,4.71,0.04,0.09,-0.07,
12:38:22:556,0.77,-0.55,5.65,0.04,0.09,-0.07,
12:38:22:557,0.77,-0.55,5.65,0.03,-0.10,-0.06,
12:38:22:558,0.77,-0.55,5.65,0.03,-0.10,-0.06,
12:38:22:559,0.77,-0.55,5.65,0.04,-0.21,-0.04,
12:38:22:560,-0.13,-1.48,4.02,0.04,-0.21,-0.04,
12:38:22:562,-0.13,-1.48,4.02,0.03,-0.15,-0.02,
12:38:22:562,-0.13,-1.48,4.02,0.03,-0.15,-0.02,
12:38:22:565,-0.13,-1.48,4.02,0.03,-0.00,0.00,
12:38:22:565,0.44,-0.89,4.17,0.03,-0.00,0.00,
12:38:22:567,0.44,-0.89,4.17,0.03,0.08,0.01,
12:38:22:568,0.44,-0.89,4.17,0.03,0.08,0.01,
12:38:22:570,0.44,-0.89,4.17,0.05,0.08,-0.01,
12:38:22:571,0.73,-0.40,4.17,0.05,0.08,-0.01,
12:38:22:572,0.73,-0.40,4.17,0.05,0.10,-0.03,
12:38:22:573,0.73,-0.40,4.17,0.05,0.10,-0.03,
12:38:22:574,0.73,-0.40,4.17,0.04,0.12,-0.06,
12:38:22:575,0.10,-2.26,4.64,0.04,0.12,-0.06,
12:38:22:577,0.10,-2.26,4.64,0.03,0.09,-0.07,
12:38:22:578,0.11,-2.26,4.64,0.03,0.09,-0.07,
12:38:22:579,0.11,-2.26,4.64,0.03,0.02,-0.07,
12:38:22:580,-0.30,-1.58,4.69,0.03,0.02,-0.07,
12:38:22:582,-0.30,-1.58,4.69,0.03,-0.04,-0.05,
12:38:22:583,-0.30,-1.58,4.70,0.03,-0.04,-0.05,
12:38:22:585,-0.30,-1.58,4.70,0.03,-0.06,-0.02,
12:38:22:586,-0.07,-0.87,4.41,0.03,-0.06,-0.02,
12:38:22:588,-0.07,-0.87,4.41,0.03,-0.02,-0.00,
12:38:22:589,-0.07,-0.87,4.41,0.03,-0.02,-0.00,
12:38:22:590,-0.07,-0.87,4.41,0.03,0.03,0.01,
12:38:22:590,-0.57,-1.71,4.06,0.03,0.03,0.01,
12:38:22:592,-0.57,-1.71,4.06,0.02,0.05,0.01,
12:38:22:593,-0.57,-1.71,4.06,0.02,0.05,0.01,
12:38:22:595,-0.57,-1.71,4.06,-0.00,0.01,0.00,
12:38:22:595,0.74,-2.63,4.85,-0.00,0.01,0.00,
12:38:22:597,0.74,-2.63,4.85,-0.01,-0.03,-0.01,
12:38:22:598,0.74,-2.63,4.85,-0.01,-0.03,-0.01,
12:38:22:600,0.74,-2.63,4.85,-0.02,-0.02,-0.03,
12:38:22:601,0.19,-1.44,4.36,-0.02,-0.02,-0.03,
12:38:22:602,0.19,-1.44,4.36,-0.02,0.07,-0.04,
12:38:22:603,0.19,-1.44,4.36,-0.02,0.07,-0.04,
12:38:22:605,0.19,-1.44,4.36,-0.02,0.17,-0.05,
12:38:22:606,-0.80,-1.97,4.74,-0.02,0.17,-0.05,
12:38:22:607,-0.80,-1.97,4.74,-0.02,0.14,-0.05,
12:38:22:608,-0.80,-1.97,4.74,-0.02,0.14,-0.05,
12:38:22:610,-0.80,-1.97,4.74,-0.01,0.00,-0.03,
12:38:22:611,0.13,-1.59,5.43,-0.01,0.00,-0.03,
12:38:22:612,0.13,-1.59,5.43,0.01,-0.15,-0.01,
12:38:22:613,0.13,-1.59,5.43,0.01,-0.15,-0.01,
12:38:22:615,0.13,-1.59,5.43,0.02,-0.22,0.01,
12:38:22:616,0.26,-2.04,3.92,0.02,-0.22,0.01,
12:38:22:625,0.26,-2.04,3.92,0.01,-0.13,0.03,
12:38:22:626,0.26,-2.04,3.92,0.01,-0.13,0.03,
12:38:22:626,0.26,-2.04,3.92,0.00,0.01,0.03,
12:38:22:627,0.78,-0.94,3.47,0.00,0.01,0.03,
12:38:22:627,0.78,-0.94,3.47,0.01,0.10,0.01,
12:38:22:628,0.78,-0.94,3.47,0.01,0.10,0.01,
12:38:22:628,0.78,-0.94,3.47,-0.00,0.11,-0.02,
12:38:22:629,0.88,-1.77,3.80,-0.00,0.11,-0.02,
12:38:22:629,0.88,-1.77,3.80,-0.02,0.08,-0.04,
12:38:22:630,0.88,-1.77,3.80,-0.02,0.08,-0.04,
12:38:22:631,0.88,-1.77,3.80,-0.04,0.03,-0.05,
12:38:22:632,0.32,-2.39,3.86,-0.04,0.03,-0.05,
12:38:22:633,0.32,-2.39,3.86,-0.06,0.03,-0.06,
12:38:22:634,0.32,-2.39,3.86,-0.06,0.03,-0.06,
12:38:22:635,0.32,-2.39,3.86,-0.06,0.00,-0.05,
12:38:22:635,-0.25,-1.47,3.66,-0.06,0.00,-0.05,
12:38:22:638,-0.25,-1.47,3.66,-0.06,-0.04,-0.03,
12:38:22:639,-0.25,-1.47,3.66,-0.06,-0.04,-0.03,
12:38:22:640,-0.25,-1.47,3.66,-0.05,-0.09,0.00,
12:38:22:640,0.34,-2.62,3.23,-0.05,-0.09,0.00,
12:38:22:642,0.34,-2.62,3.23,-0.06,-0.12,0.01,
12:38:22:643,0.34,-2.62,3.23,-0.06,-0.12,0.01,
12:38:22:644,0.34,-2.62,3.23,-0.07,-0.12,0.02,
12:38:22:645,0.72,-3.75,2.74,-0.07,-0.12,0.02,
12:38:22:647,0.72,-3.75,2.74,-0.07,-0.05,0.01,
12:38:22:648,0.72,-3.75,2.74,-0.07,-0.05,0.01,
12:38:22:650,0.72,-3.75,2.74,-0.09,0.07,-0.00,
12:38:22:651,-0.21,-3.75,2.68,-0.09,0.07,-0.00,
12:38:22:652,-0.21,-3.75,2.68,-0.09,0.17,-0.02,
12:38:22:653,-0.21,-3.75,2.68,-0.09,0.17,-0.02,
12:38:22:655,-0.21,-3.75,2.68,-0.08,0.20,-0.03,
12:38:22:655,-0.47,-2.20,4.01,-0.08,0.20,-0.03,
12:38:22:657,-0.47,-2.20,4.01,-0.08,0.14,-0.03,
12:38:22:658,-0.46,-2.20,4.01,-0.08,0.14,-0.03,
12:38:22:660,-0.46,-2.20,4.01,-0.07,-0.01,-0.01,
12:38:22:660,0.19,-3.14,4.70,-0.07,-0.01,-0.01,
12:38:22:662,0.19,-3.14,4.70,-0.07,-0.18,0.00,
12:38:22:663,0.19,-3.14,4.70,-0.07,-0.18,0.00,
12:38:22:665,0.19,-3.14,4.70,-0.07,-0.22,0.02,
12:38:22:665,-0.67,-4.49,2.74,-0.07,-0.22,0.02,
12:38:22:667,-0.67,-4.49,2.74,-0.08,-0.12,0.03,
12:38:22:668,-0.67,-4.49,2.74,-0.08,-0.12,0.03,
12:38:22:670,-0.67,-4.49,2.74,-0.09,0.05,0.04,
12:38:22:677,-0.25,-3.45,3.17,-0.09,0.05,0.04,
12:38:22:678,-0.25,-3.45,3.17,-0.10,0.14,0.03,
12:38:22:679,-0.25,-3.45,3.17,-0.10,0.14,0.03,
12:38:22:680,-0.25,-3.45,3.17,-0.11,0.15,0.02,
12:38:22:681,0.59,-3.39,4.80,-0.11,0.15,0.02,
12:38:22:681,0.59,-3.39,4.80,-0.11,0.06,0.00,
12:38:22:682,0.59,-3.39,4.80,-0.11,0.06,0.00,
12:38:22:683,0.59,-3.39,4.80,-0.12,-0.05,-0.01,
12:38:22:684,-0.20,-4.50,3.96,-0.12,-0.05,-0.01,
12:38:22:684,-0.20,-4.50,3.96,-0.11,-0.09,-0.01,
12:38:22:685,-0.20,-4.50,3.96,-0.11,-0.09,-0.01,
12:38:22:686,-0.20,-4.50,3.96,-0.10,-0.04,0.00,
12:38:22:687,-0.93,-2.64,3.89,-0.10,-0.04,0.00,
12:38:22:688,-0.93,-2.64,3.89,-0.09,0.05,0.02,
12:38:22:688,-0.93,-2.64,3.89,-0.09,0.05,0.02,
12:38:22:689,-0.93,-2.64,3.89,-0.08,0.08,0.03,
12:38:22:690,-0.39,-3.57,3.99,-0.08,0.08,0.03,
12:38:22:692,-0.39,-3.57,3.99,-0.07,-0.03,0.04,
12:38:22:692,-0.39,-3.57,3.99,-0.07,-0.03,0.04,
12:38:22:695,-0.39,-3.57,3.99,-0.07,-0.17,0.04,
12:38:22:695,1.29,-3.16,3.83,-0.07,-0.17,0.04,
12:38:22:697,1.29,-3.16,3.83,-0.07,-0.19,0.04,
12:38:22:697,1.28,-3.16,3.83,-0.07,-0.19,0.04,
12:38:22:704,1.28,-3.16,3.83,-0.08,-0.07,0.03,
12:38:22:705,0.17,-3.32,2.39,-0.08,-0.07,0.03,
12:38:22:706,0.17,-3.32,2.39,-0.09,0.05,0.02,
12:38:22:706,0.17,-3.32,2.39,-0.09,0.05,0.02,
12:38:22:706,0.17,-3.32,2.39,-0.09,0.09,0.01,
12:38:22:707,0.40,-3.05,2.83,-0.09,0.09,0.01,
12:38:22:707,0.40,-3.05,2.83,-0.11,0.09,0.01,
12:38:22:708,0.40,-3.05,2.82,-0.11,0.09,0.01,
12:38:22:710,0.40,-3.05,2.82,-0.13,0.05,0.00,
12:38:22:711,0.44,-4.27,3.54,-0.13,0.05,0.00,
12:38:22:712,0.44,-4.27,3.54,-0.13,-0.02,0.00,
12:38:22:713,0.44,-4.27,3.54,-0.13,-0.02,0.00,
12:38:22:714,0.44,-4.27,3.54,-0.12,-0.05,0.01,
12:38:22:715,-1.05,-4.01,3.01,-0.12,-0.05,0.01,
12:38:22:718,-1.05,-4.01,3.01,-0.13,-0.01,0.02,
12:38:22:718,-1.05,-4.01,3.00,-0.13,-0.01,0.02,
12:38:22:719,-1.05,-4.01,3.00,-0.13,-0.02,0.04,
12:38:22:720,0.30,-3.66,3.33,-0.13,-0.02,0.04,
12:38:22:722,0.30,-3.66,3.33,-0.12,-0.11,0.06,
12:38:22:722,0.30,-3.66,3.32,-0.12,-0.11,0.06,
12:38:22:724,0.30,-3.66,3.32,-0.10,-0.17,0.06,
12:38:22:725,0.68,-3.82,2.53,-0.10,-0.17,0.06,
12:38:22:727,0.68,-3.82,2.53,-0.10,-0.15,0.06,
12:38:22:728,0.67,-3.82,2.53,-0.10,-0.15,0.06,
12:38:22:729,0.67,-3.82,2.53,-0.11,-0.05,0.05,
12:38:22:730,0.33,-4.92,2.04,-0.11,-0.05,0.05,
12:38:22:732,0.33,-4.92,2.04,-0.11,0.06,0.04,
12:38:22:733,0.33,-4.92,2.03,-0.11,0.06,0.04,
12:38:22:734,0.33,-4.92,2.03,-0.11,0.14,0.02,
12:38:22:735,-0.66,-4.52,2.07,-0.11,0.14,0.02,
12:38:22:738,-0.66,-4.52,2.07,-0.12,0.19,0.01,
12:38:22:739,-0.66,-4.52,2.07,-0.12,0.19,0.01,
12:38:22:740,-0.66,-4.52,2.07,-0.14,0.13,0.01,
12:38:22:741,0.25,-3.80,4.28,-0.14,0.13,0.01,
12:38:22:742,0.25,-3.80,4.28,-0.14,-0.03,0.02,
12:38:22:743,0.25,-3.80,4.28,-0.14,-0.03,0.02,
12:38:22:745,0.25,-3.80,4.28,-0.14,-0.17,0.03,
12:38:22:745,0.32,-5.00,3.09,-0.14,-0.17,0.03,
12:38:22:747,0.32,-5.00,3.09,-0.15,-0.24,0.04,
12:38:22:748,0.32,-5.00,3.09,-0.15,-0.24,0.04,
12:38:22:750,0.32,-5.00,3.09,-0.16,-0.19,0.05,
12:38:22:751,0.16,-5.75,2.57,-0.16,-0.19,0.05,
12:38:22:752,0.16,-5.75,2.57,-0.16,-0.07,0.05,
12:38:22:754,0.16,-5.75,2.56,-0.16,-0.07,0.05,
12:38:22:755,0.16,-5.75,2.56,-0.16,0.08,0.05,
12:38:22:756,0.35,-4.49,2.81,-0.16,0.08,0.05,
12:38:22:757,0.35,-4.49,2.81,-0.17,0.18,0.03,
12:38:22:758,0.35,-4.49,2.80,-0.17,0.18,0.03,
12:38:22:760,0.35,-4.49,2.80,-0.16,0.20,0.01,
12:38:22:760,-0.14,-4.91,4.26,-0.16,0.20,0.01,
12:38:22:762,-0.14,-4.91,4.26,-0.15,0.13,-0.01,
12:38:22:763,-0.14,-4.91,4.25,-0.15,0.13,-0.01,
12:38:22:765,-0.14,-4.91,4.25,-0.15,0.03,-0.01,
12:38:22:766,-0.44,-5.09,5.26,-0.15,0.03,-0.01,
12:38:22:768,-0.44,-5.09,5.26,-0.15,-0.03,0.02,
12:38:22:769,-0.44,-5.09,5.25,-0.15,-0.03,0.02,
12:38:22:770,-0.44,-5.09,5.25,-0.14,-0.07,0.03,
12:38:22:771,-0.64,-3.67,4.45,-0.14,-0.07,0.03,
12:38:22:772,-0.64,-3.67,4.45,-0.10,-0.10,0.05,
12:38:22:773,-0.64,-3.67,4.44,-0.10,-0.10,0.05,
12:38:22:775,-0.64,-3.67,4.44,-0.06,-0.13,0.06,
12:38:22:776,-0.50,-4.13,3.47,-0.06,-0.13,0.06,
12:38:22:777,-0.50,-4.13,3.47,-0.06,-0.11,0.07,
12:38:22:778,-0.50,-4.13,3.47,-0.06,-0.11,0.07,
12:38:22:780,-0.50,-4.13,3.47,-0.06,-0.03,0.06,
12:38:22:780,0.20,-3.26,2.67,-0.06,-0.03,0.06,
12:38:22:783,0.20,-3.26,2.67,-0.06,0.06,0.04,
12:38:22:784,0.19,-3.26,2.67,-0.06,0.06,0.04,
12:38:22:785,0.19,-3.26,2.67,-0.07,0.07,0.03,
12:38:22:785,1.77,-3.16,4.25,-0.07,0.07,0.03,
12:38:22:788,1.77,-3.16,4.25,-0.10,-0.04,0.01,
12:38:22:789,1.77,-3.16,4.24,-0.10,-0.04,0.01,
12:38:22:790,1.77,-3.16,4.24,-0.10,-0.21,-0.01,
12:38:22:790,1.96,-5.23,1.56,-0.10,-0.21,-0.01,
12:38:22:792,1.96,-5.23,1.56,-0.10,-0.28,-0.03,
12:38:22:793,1.96,-5.23,1.55,-0.10,-0.28,-0.03,
12:38:22:795,1.96,-5.23,1.55,-0.11,-0.08,-0.03,
12:38:22:801,-1.43,-4.94,1.09,-0.11,-0.08,-0.03,
12:38:22:802,-1.43,-4.94,1.09,-0.13,0.29,-0.01,
12:38:22:803,-1.43,-4.94,1.09,-0.13,0.29,-0.01,
12:38:22:804,-1.43,-4.94,1.09,-0.15,0.46,0.01,
12:38:22:805,-1.63,-4.41,2.64,-0.15,0.46,0.01,
12:38:22:806,-1.63,-4.41,2.64,-0.16,0.31,0.03,
12:38:22:807,-1.63,-4.41,2.63,-0.16,0.31,0.03,
12:38:22:808,-1.63,-4.41,2.63,-0.18,-0.01,0.04,
12:38:22:808,1.31,-6.45,5.57,-0.18,-0.01,0.04,
12:38:22:809,1.31,-6.45,5.57,-0.19,-0.32,0.03,
12:38:22:810,1.31,-6.45,5.56,-0.19,-0.32,0.03,
12:38:22:810,1.31,-6.45,5.56,-0.17,-0.48,0.02,
12:38:22:811,1.70,-4.19,3.08,-0.17,-0.48,0.02,
12:38:22:813,1.70,-4.19,3.08,-0.14,-0.42,0.02,
12:38:22:814,1.70,-4.19,3.08,-0.14,-0.42,0.02,
12:38:22:814,1.70,-4.19,3.08,-0.11,-0.14,0.01,
12:38:22:815,0.19,-3.51,1.45,-0.11,-0.14,0.01,
12:38:22:817,0.19,-3.51,1.45,-0.09,0.14,0.01,
12:38:22:818,0.19,-3.51,1.45,-0.09,0.14,0.01,
12:38:22:820,0.19,-3.51,1.45,-0.09,0.32,0.03,
12:38:22:821,-1.54,-6.90,1.78,-0.09,0.32,0.03,
12:38:22:823,-1.54,-6.90,1.78,-0.10,0.38,0.03,
12:38:22:823,-1.54,-6.90,1.78,-0.10,0.38,0.03,
12:38:22:825,-1.54,-6.90,1.78,-0.11,0.27,0.02,
12:38:22:825,0.76,-4.61,5.79,-0.11,0.27,0.02,
12:38:22:827,0.76,-4.61,5.79,-0.10,0.09,0.01,
12:38:22:828,0.76,-4.61,5.79,-0.10,0.09,0.01,
12:38:22:830,0.76,-4.61,5.79,-0.08,-0.06,0.01,
12:38:22:830,-1.31,-4.24,3.82,-0.08,-0.06,0.01,
12:38:22:838,-1.31,-4.24,3.82,-0.06,-0.19,0.02,
12:38:22:838,-1.31,-4.24,3.82,-0.06,-0.19,0.02,
12:38:22:838,-1.31,-4.24,3.82,-0.05,-0.29,0.03,
12:38:22:839,0.38,-5.49,2.92,-0.05,-0.29,0.03,
12:38:22:839,0.38,-5.49,2.92,-0.08,-0.26,0.04,
12:38:22:839,0.38,-5.49,2.92,-0.08,-0.26,0.04,
12:38:22:840,0.38,-5.49,2.92,-0.10,-0.03,0.04,
12:38:22:840,-0.71,-5.34,2.40,-0.10,-0.03,0.04,
12:38:22:842,-0.71,-5.34,2.40,-0.12,0.21,0.03,
12:38:22:843,-0.71,-5.34,2.40,-0.12,0.21,0.03,
12:38:22:844,-0.71,-5.34,2.40,-0.13,0.29,0.02,
12:38:22:845,0.49,-3.69,4.63,-0.13,0.29,0.02,
12:38:22:847,0.49,-3.69,4.63,-0.13,0.24,0.00,
12:38:22:848,0.49,-3.69,4.63,-0.13,0.24,0.00,
12:38:22:850,0.49,-3.69,4.63,-0.13,0.14,-0.02,
12:38:22:850,-0.40,-4.79,5.43,-0.13,0.14,-0.02,
12:38:22:852,-0.40,-4.79,5.43,-0.12,-0.02,-0.02,
12:38:22:853,-0.40,-4.79,5.42,-0.12,-0.02,-0.02,
12:38:22:855,-0.40,-4.79,5.42,-0.11,-0.21,-0.01,
12:38:22:856,1.02,-3.59,5.50,-0.11,-0.21,-0.01,
12:38:22:857,1.02,-3.59,5.50,-0.08,-0.33,0.00,
12:38:22:857,1.02,-3.59,5.50,-0.08,-0.33,0.00,
12:38:22:859,1.02,-3.59,5.50,-0.05,-0.35,0.01,
12:38:22:860,1.97,-3.12,3.20,-0.05,-0.35,0.01,
12:38:22:862,1.97,-3.12,3.20,-0.04,-0.21,0.01,
12:38:22:862,1.97,-3.12,3.20,-0.04,-0.21,0.01,
12:38:22:864,1.97,-3.12,3.20,-0.03,0.07,0.00,
12:38:22:865,-0.04,-4.59,1.98,-0.03,0.07,0.00,
12:38:22:868,-0.04,-4.59,1.98,-0.04,0.32,-0.01,
12:38:22:868,-0.03,-4.59,1.98,-0.04,0.32,-0.01,
12:38:22:870,-0.03,-4.59,1.98,-0.04,0.43,-0.02,
12:38:22:870,0.21,-2.46,4.72,-0.04,0.43,-0.02,
12:38:22:872,0.21,-2.46,4.72,-0.05,0.43,-0.03,
12:38:22:873,0.22,-2.46,4.72,-0.05,0.43,-0.03,
12:38:22:875,0.22,-2.46,4.72,-0.04,0.29,-0.03,
12:38:22:875,-1.48,-3.54,5.64,-0.04,0.29,-0.03,
12:38:22:877,-1.48,-3.54,5.64,-0.03,0.03,-0.01,
12:38:22:877,-1.48,-3.54,5.64,-0.03,0.03,-0.01,
12:38:22:879,-1.48,-3.54,5.64,-0.00,-0.27,0.02,
12:38:22:880,0.10,-2.39,4.73,-0.00,-0.27,0.02,
12:38:22:882,0.10,-2.39,4.73,0.01,-0.45,0.04,
12:38:22:883,0.09,-2.39,4.73,0.01,-0.45,0.04,
12:38:22:885,0.09,-2.39,4.73,-0.01,-0.43,0.06,
12:38:22:886,0.61,-3.88,2.40,-0.01,-0.43,0.06,
12:38:22:888,0.61,-3.88,2.40,-0.03,-0.26,0.06,
12:38:22:889,0.60,-3.88,2.40,-0.03,-0.26,0.06,
12:38:22:889,0.60,-3.88,2.40,-0.06,-0.03,0.05,
12:38:22:890,0.89,-4.87,1.75,-0.06,-0.03,0.05,
12:38:22:892,0.89,-4.87,1.75,-0.09,0.21,0.03,
12:38:22:893,0.89,-4.87,1.74,-0.09,0.21,0.03,
12:38:22:895,0.89,-4.87,1.74,-0.12,0.40,-0.01,
12:38:22:896,0.89,-3.69,5.04,-0.12,0.40,-0.01,
12:38:22:897,0.89,-3.69,5.04,-0.13,0.44,-0.04,
12:38:22:898,0.89,-3.68,5.03,-0.13,0.44,-0.04,
12:38:22:908,0.89,-3.68,5.03,-0.12,0.29,-0.05,
12:38:22:909,-0.34,-3.57,6.62,-0.12,0.29,-0.05,
12:38:22:909,-0.34,-3.57,6.62,-0.10,0.01,-0.05,
12:38:22:910,-0.34,-3.57,6.62,-0.10,0.01,-0.05,
12:38:22:911,-0.34,-3.57,6.62,-0.05,-0.26,-0.01,
12:38:22:911,-0.71,-4.69,4.86,-0.05,-0.26,-0.01,
12:38:22:912,-0.71,-4.69,4.86,-0.02,-0.36,0.02,
12:38:22:912,-0.71,-4.69,4.86,-0.02,-0.36,0.02,
12:38:22:913,-0.71,-4.69,4.86,-0.00,-0.23,0.05,
12:38:22:913,-0.84,-3.89,4.70,-0.00,-0.23,0.05,
12:38:22:914,-0.84,-3.89,4.70,0.02,0.03,0.06,
12:38:22:914,-0.84,-3.89,4.70,0.02,0.03,0.06,
12:38:22:915,-0.84,-3.89,4.70,0.03,0.18,0.06,
12:38:22:916,0.82,-1.69,4.52,0.03,0.18,0.06,
12:38:22:922,0.82,-1.69,4.52,0.05,0.20,0.04,
12:38:22:923,0.82,-1.69,4.52,0.05,0.20,0.04,
12:38:22:923,0.82,-1.69,4.52,0.06,0.16,-0.00,
12:38:22:929,0.85,-2.85,5.79,0.06,0.16,-0.00,
12:38:22:930,0.85,-2.85,5.79,0.04,0.06,-0.03,
12:38:22:931,0.85,-2.85,5.79,0.04,0.06,-0.03,
12:38:22:932,0.85,-2.85,5.79,0.03,-0.02,-0.05,
12:38:22:933,0.01,-1.83,5.40,0.03,-0.02,-0.05,
12:38:22:933,0.01,-1.83,5.40,0.03,-0.02,-0.05,
12:38:22:934,0.01,-1.83,5.40,0.03,-0.02,-0.05,
12:38:22:935,0.01,-1.83,5.40,0.02,0.00,-0.03,
12:38:22:936,-0.47,-1.87,4.61,0.02,0.00,-0.03,
12:38:22:937,-0.47,-1.87,4.61,0.01,-0.03,0.00,
12:38:22:938,-0.47,-1.87,4.61,0.01,-0.03,0.00,
12:38:22:939,-0.47,-1.87,4.61,-0.00,-0.09,0.03,
12:38:22:940,0.66,-2.59,4.58,-0.00,-0.09,0.03,
12:38:22:941,0.66,-2.59,4.58,-0.00,-0.12,0.04,
12:38:22:942,0.66,-2.59,4.58,-0.00,-0.12,0.04,
12:38:22:942,0.66,-2.59,4.58,-0.01,-0.06,0.03,
12:38:22:943,0.42,-2.92,4.00,-0.01,-0.06,0.03,
12:38:22:944,0.42,-2.92,4.00,-0.03,0.12,0.02,
12:38:22:944,0.42,-2.92,4.00,-0.03,0.12,0.02,
12:38:22:945,0.42,-2.92,4.00,-0.04,0.26,-0.01,
12:38:22:946,0.35,-2.61,6.58,-0.04,0.26,-0.01,
12:38:22:948,0.35,-2.61,6.58,-0.03,0.24,-0.03,
12:38:22:949,0.35,-2.61,6.58,-0.03,0.24,-0.03,
12:38:22:950,0.35,-2.61,6.58,-0.01,0.04,-0.05,
12:38:22:950,-0.16,-3.55,6.08,-0.01,0.04,-0.05,
12:38:22:952,-0.16,-3.55,6.08,0.03,-0.17,-0.03,
12:38:22:953,-0.16,-3.55,6.08,0.03,-0.17,-0.03,
12:38:22:954,-0.16,-3.55,6.08,0.06,-0.25,-0.00,
12:38:22:955,0.08,-2.94,5.45,0.06,-0.25,-0.00,
12:38:22:957,0.08,-2.94,5.45,0.07,-0.17,0.03,
12:38:22:958,0.08,-2.94,5.46,0.07,-0.17,0.03,
12:38:22:960,0.08,-2.94,5.46,0.08,-0.02,0.05,
12:38:22:960,0.42,-1.85,4.55,0.08,-0.02,0.05,
12:38:22:962,0.42,-1.85,4.55,0.10,0.11,0.05,
12:38:22:963,0.42,-1.85,4.55,0.10,0.11,0.05,
12:38:22:965,0.42,-1.85,4.55,0.11,0.20,0.02,
12:38:22:966,0.49,-1.79,5.24,0.11,0.20,0.02,
12:38:22:967,0.49,-1.79,5.24,0.09,0.21,-0.01,
12:38:22:968,0.49,-1.79,5.25,0.09,0.21,-0.01,
12:38:22:970,0.49,-1.79,5.25,0.07,0.11,-0.04,
12:38:22:970,0.62,-1.92,6.24,0.07,0.11,-0.04,
12:38:22:972,0.62,-1.92,6.24,0.08,-0.00,-0.06,
12:38:22:973,0.63,-1.92,6.24,0.08,-0.00,-0.06,
12:38:22:975,0.63,-1.92,6.24,0.07,-0.06,-0.05,
12:38:22:975,-1.01,-2.90,4.84,0.07,-0.06,-0.05,
12:38:22:977,-1.01,-2.90,4.84,0.06,-0.10,-0.03,
12:38:22:977,-1.01,-2.90,4.85,0.06,-0.10,-0.03,
12:38:22:979,-1.01,-2.90,4.85,0.05,-0.14,0.00,
12:38:22:980,0.97,-1.33,5.28,0.05,-0.14,0.00,
12:38:22:983,0.97,-1.33,5.28,0.06,-0.13,0.03,
12:38:22:985,0.97,-1.33,5.28,0.06,-0.13,0.03,
12:38:22:986,0.97,-1.33,5.28,0.07,-0.00,0.03,
12:38:22:986,0.47,-0.52,4.40,0.07,-0.00,0.03,
12:38:22:987,0.47,-0.52,4.40,0.06,0.20,0.01,
12:38:22:988,0.48,-0.52,4.40,0.06,0.20,0.01,
12:38:22:990,0.48,-0.52,4.40,0.04,0.30,-0.02,
12:38:22:990,0.94,-2.10,6.81,0.04,0.30,-0.02,
12:38:22:992,0.94,-2.10,6.81,0.03,0.20,-0.04,
12:38:22:992,0.94,-2.10,6.81,0.03,0.20,-0.04,
12:38:22:995,0.94,-2.10,6.81,0.02,0.02,-0.06,
12:38:22:996,-0.08,-3.40,7.31,0.02,0.02,-0.06,
12:38:22:997,-0.08,-3.40,7.31,0.03,-0.07,-0.06,
12:38:22:998,-0.08,-3.40,7.31,0.03,-0.07,-0.06,
12:38:23:000,-0.08,-3.40,7.31,0.06,-0.08,-0.04,
12:38:23:000,-1.08,-1.57,6.24,0.06,-0.08,-0.04,
12:38:23:003,-1.08,-1.57,6.24,0.10,-0.06,-0.01,
12:38:23:004,-1.08,-1.57,6.25,0.10,-0.06,-0.01,
12:38:23:005,-1.08,-1.57,6.25,0.13,-0.05,0.02,
12:38:23:006,0.84,0.83,6.58,0.13,-0.05,0.02,
12:38:23:007,0.84,0.83,6.58,0.16,-0.04,0.03,
12:38:23:008,0.84,0.83,6.58,0.16,-0.04,0.03,
12:38:23:010,0.84,0.83,6.58,0.16,0.02,0.03,
12:38:23:010,0.97,-1.16,5.22,0.16,0.02,0.03,
12:38:23:014,0.97,-1.16,5.22,0.15,0.05,0.01,
12:38:23:015,0.97,-1.16,5.23,0.15,0.05,0.01,
12:38:23:016,0.97,-1.16,5.23,0.13,0.01,-0.01,
12:38:23:016,1.88,-0.39,6.06,0.13,0.01,-0.01,
12:38:23:023,1.88,-0.39,6.06,0.12,0.03,-0.03,
12:38:23:024,1.88,-0.39,6.06,0.12,0.03,-0.03,
12:38:23:024,1.88,-0.39,6.06,0.11,0.11,-0.06,
12:38:23:025,-0.57,-2.18,4.59,0.11,0.11,-0.06,
12:38:23:025,-0.57,-2.18,4.59,0.10,0.14,-0.06,
12:38:23:025,-0.56,-2.19,4.60,0.10,0.14,-0.06,
12:38:23:026,-0.56,-2.19,4.60,0.09,0.08,-0.05,
12:38:23:026,0.15,-0.32,6.33,0.09,0.08,-0.05,
12:38:23:028,0.15,-0.32,6.33,0.10,0.00,-0.03,
12:38:23:029,0.15,-0.32,6.33,0.10,0.00,-0.03,
12:38:23:030,0.15,-0.32,6.33,0.10,-0.01,-0.02,
12:38:23:031,-0.98,-2.39,5.18,0.10,-0.01,-0.02,
12:38:23:033,-0.98,-2.39,5.18,0.08,-0.02,0.00,
12:38:23:033,-0.98,-2.39,5.18,0.08,-0.02,0.00,
12:38:23:035,-0.98,-2.39,5.18,0.08,-0.08,0.02,
12:38:23:036,0.26,-1.53,5.78,0.08,-0.08,0.02,
12:38:23:037,0.26,-1.53,5.78,0.10,-0.10,0.03,
12:38:23:038,0.26,-1.53,5.78,0.10,-0.10,0.03,
12:38:23:040,0.26,-1.53,5.78,0.11,-0.02,0.02,
12:38:23:040,-0.49,-1.51,4.42,0.11,-0.02,0.02,
12:38:23:042,-0.49,-1.51,4.42,0.12,0.08,0.01,
12:38:23:043,-0.49,-1.51,4.42,0.12,0.08,0.01,
12:38:23:045,-0.49,-1.51,4.42,0.12,0.09,-0.01,
12:38:23:052,0.58,-1.56,5.22,0.12,0.09,-0.01,
12:38:23:053,0.58,-1.56,5.22,0.12,0.01,-0.02,
12:38:23:054,0.58,-1.56,5.22,0.12,0.01,-0.02,
12:38:23:055,0.58,-1.56,5.22,0.10,-0.05,-0.02,
12:38:23:055,1.17,-2.64,5.35,0.10,-0.05,-0.02,
12:38:23:056,1.17,-2.64,5.35,0.08,-0.06,-0.03,
12:38:23:056,1.17,-2.64,5.35,0.08,-0.06,-0.03,
12:38:23:056,1.17,-2.64,5.35,0.08,-0.00,-0.03,
12:38:23:056,0.73,-0.89,4.94,0.08,-0.00,-0.03,
12:38:23:057,0.73,-0.89,4.94,0.08,0.08,-0.03,
12:38:23:058,0.73,-0.89,4.94,0.08,0.08,-0.03,
12:38:23:060,0.73,-0.89,4.94,0.07,0.15,-0.03,
12:38:23:060,0.85,-0.53,6.14,0.07,0.15,-0.03,
12:38:23:062,0.85,-0.53,6.14,0.08,0.17,-0.03,
12:38:23:063,0.85,-0.53,6.14,0.08,0.17,-0.03,
12:38:23:065,0.85,-0.53,6.14,0.09,0.17,-0.05,
12:38:23:066,-0.24,-0.25,6.45,0.09,0.17,-0.05,
12:38:23:068,-0.24,-0.25,6.45,0.09,0.10,-0.05,
12:38:23:068,-0.24,-0.25,6.45,0.09,0.10,-0.05,
12:38:23:070,-0.24,-0.25,6.45,0.08,-0.01,-0.04,
12:38:23:071,0.46,-1.08,7.81,0.08,-0.01,-0.04,
12:38:23:072,0.46,-1.08,7.81,0.08,-0.10,-0.03,
12:38:23:073,0.46,-1.08,7.81,0.08,-0.10,-0.03,
12:38:23:075,0.46,-1.08,7.81,0.10,-0.10,-0.02,
12:38:23:075,-0.26,-0.75,5.76,0.10,-0.10,-0.02,
12:38:23:077,-0.26,-0.75,5.76,0.10,-0.04,-0.01,
12:38:23:078,-0.26,-0.75,5.76,0.10,-0.04,-0.01,
12:38:23:080,-0.26,-0.75,5.76,0.11,0.00,-0.00,
12:38:23:080,1.07,0.04,5.77,0.11,0.00,-0.00,
12:38:23:083,1.07,0.04,5.77,0.13,0.03,-0.00,
12:38:23:084,1.07,0.04,5.77,0.13,0.03,-0.00,
12:38:23:085,1.07,0.04,5.77,0.14,0.06,-0.02,
12:38:23:086,0.58,-0.97,5.06,0.14,0.06,-0.02,
12:38:23:088,0.58,-0.97,5.06,0.13,0.07,-0.03,
12:38:23:089,0.58,-0.97,5.07,0.13,0.07,-0.03,
12:38:23:090,0.58,-0.97,5.07,0.12,0.06,-0.04,
12:38:23:090,0.88,-0.36,5.57,0.12,0.06,-0.04,
12:38:23:092,0.88,-0.36,5.57,0.11,0.04,-0.05,
12:38:23:093,0.88,-0.36,5.58,0.11,0.04,-0.05,
12:38:23:095,0.88,-0.36,5.58,0.11,0.02,-0.05,
12:38:23:096,-0.04,-0.89,4.71,0.11,0.02,-0.05,
12:38:23:097,-0.04,-0.89,4.71,0.09,-0.01,-0.04,
12:38:23:098,-0.04,-0.89,4.71,0.09,-0.01,-0.04,
12:38:23:100,-0.04,-0.89,4.71,0.08,-0.07,-0.03,
12:38:23:101,0.76,-1.66,4.60,0.08,-0.07,-0.03,
12:38:23:102,0.76,-1.66,4.60,0.07,-0.09,-0.02,
12:38:23:103,0.76,-1.66,4.60,0.07,-0.09,-0.02,
12:38:23:105,0.76,-1.66,4.60,0.07,-0.04,-0.02,
12:38:23:106,-0.31,-2.84,2.79,0.07,-0.04,-0.02,
12:38:23:108,-0.31,-2.84,2.79,0.05,0.04,-0.02,
12:38:23:109,-0.31,-2.84,2.80,0.05,0.04,-0.02,
12:38:23:110,-0.31,-2.84,2.80,0.05,0.09,-0.02,
12:38:23:110,0.78,-1.14,4.20,0.05,0.09,-0.02,
12:38:23:112,0.78,-1.14,4.20,0.05,0.12,-0.02,
12:38:23:113,0.78,-1.14,4.20,0.05,0.12,-0.02,
12:38:23:115,0.78,-1.14,4.20,0.05,0.11,-0.03,
12:38:23:115,0.36,-1.18,4.77,0.05,0.11,-0.03,
12:38:23:123,0.36,-1.18,4.77,0.05,0.08,-0.03,
12:38:23:124,0.36,-1.18,4.77,0.05,0.08,-0.03,
12:38:23:124,0.36,-1.18,4.77,0.04,0.02,-0.03,
12:38:23:125,-0.25,-1.81,4.49,0.04,0.02,-0.03,
12:38:23:125,-0.25,-1.81,4.49,0.03,-0.02,-0.03,
12:38:23:125,-0.25,-1.81,4.49,0.03,-0.02,-0.03,
12:38:23:126,-0.25,-1.81,4.49,0.02,-0.01,-0.02,
12:38:23:126,-0.49,-1.82,4.74,0.02,-0.01,-0.02,
12:38:23:128,-0.49,-1.82,4.74,0.01,0.05,-0.01,
12:38:23:128,-0.49,-1.82,4.74,0.01,0.05,-0.01,
12:38:23:130,-0.49,-1.82,4.74,0.01,0.07,-0.00,
12:38:23:130,-0.40,-1.80,4.82,0.01,0.07,-0.00,
12:38:23:133,-0.40,-1.80,4.82,0.01,0.00,-0.00,
12:38:23:134,-0.40,-1.80,4.82,0.01,0.00,-0.00,
12:38:23:135,-0.40,-1.80,4.82,0.01,-0.03,0.01,
12:38:23:136,0.55,-0.82,6.17,0.01,-0.03,0.01,
12:38:23:137,0.55,-0.82,6.17,0.00,0.01,0.01,
12:38:23:138,0.55,-0.82,6.17,0.00,0.01,0.01,
12:38:23:140,0.55,-0.82,6.17,0.01,0.05,0.01,
12:38:23:140,-0.04,-1.43,5.46,0.01,0.05,0.01,
12:38:23:143,-0.04,-1.43,5.46,0.02,0.05,0.00,
12:38:23:143,-0.04,-1.43,5.46,0.02,0.05,0.00,
12:38:23:145,-0.04,-1.43,5.46,0.03,0.02,-0.01,
12:38:23:145,-0.43,-2.21,5.53,0.03,0.02,-0.01,
12:38:23:148,-0.43,-2.21,5.53,0.02,-0.01,-0.01,
12:38:23:148,-0.43,-2.21,5.53,0.02,-0.01,-0.01,
12:38:23:150,-0.43,-2.21,5.53,0.02,0.02,-0.02,
12:38:23:151,-0.52,-1.91,5.83,0.02,0.02,-0.02,
12:38:23:152,-0.52,-1.91,5.83,0.02,0.08,-0.02,
12:38:23:153,-0.52,-1.91,5.83,0.02,0.08,-0.02,
12:38:23:155,-0.52,-1.91,5.83,0.02,0.08,-0.02,
12:38:23:155,-0.38,-2.52,5.79,0.02,0.08,-0.02,
12:38:23:157,-0.38,-2.52,5.79,0.01,-0.05,0.00,
12:38:23:158,-0.38,-2.52,5.79,0.01,-0.05,0.00,
12:38:23:160,-0.38,-2.52,5.79,0.01,-0.17,0.03,
12:38:23:160,1.20,-1.38,5.98,0.01,-0.17,0.03,
12:38:23:162,1.20,-1.38,5.98,0.02,-0.17,0.04,
12:38:23:163,1.19,-1.38,5.98,0.02,-0.17,0.04,
12:38:23:165,1.19,-1.38,5.98,0.03,-0.03,0.04,
12:38:23:165,0.14,-0.60,4.20,0.03,-0.03,0.04,
12:38:23:168,0.14,-0.60,4.20,0.04,0.09,0.04,
12:38:23:169,0.14,-0.60,4.20,0.04,0.09,0.04,
12:38:23:170,0.14,-0.60,4.20,0.04,0.08,0.02,
12:38:23:175,0.85,-1.83,4.13,0.04,0.08,0.02,
12:38:23:176,0.85,-1.83,4.13,0.04,0.04,-0.01,
12:38:23:176,0.85,-1.83,4.13,0.04,0.04,-0.01,
12:38:23:177,0.85,-1.83,4.13,0.03,0.04,-0.03,
12:38:23:177,0.21,-1.70,4.30,0.03,0.04,-0.03,
12:38:23:178,0.21,-1.70,4.30,0.00,0.03,-0.03,
12:38:23:178,0.21,-1.70,4.30,0.00,0.03,-0.03,
12:38:23:180,0.21,-1.70,4.30,-0.02,-0.01,-0.02,
12:38:23:180,0.80,-1.04,4.72,-0.02,-0.01,-0.02,
12:38:23:183,0.80,-1.04,4.72,-0.03,-0.07,0.01,
12:38:23:185,0.80,-1.04,4.72,-0.03,-0.07,0.01,
12:38:23:186,0.80,-1.04,4.72,-0.02,-0.11,0.03,
12:38:23:187,0.31,-1.47,3.29,-0.02,-0.11,0.03,
12:38:23:188,0.31,-1.47,3.29,-0.02,-0.08,0.04,
12:38:23:189,0.31,-1.47,3.29,-0.02,-0.08,0.04,
12:38:23:190,0.31,-1.47,3.29,-0.03,0.04,0.03,
12:38:23:191,-0.24,-2.25,3.05,-0.03,0.04,0.03,
12:38:23:192,-0.24,-2.25,3.05,-0.03,0.12,0.01,
12:38:23:193,-0.24,-2.25,3.05,-0.03,0.12,0.01,
12:38:23:195,-0.24,-2.25,3.05,-0.03,0.12,-0.01,
12:38:23:196,-0.21,-2.27,3.82,-0.03,0.12,-0.01,
12:38:23:198,-0.21,-2.27,3.82,-0.05,0.05,-0.02,
12:38:23:199,-0.21,-2.27,3.81,-0.05,0.05,-0.02,
12:38:23:202,-0.21,-2.27,3.81,-0.06,-0.00,-0.02,
12:38:23:203,0.30,-2.48,5.09,-0.06,-0.00,-0.02,
12:38:23:204,0.30,-2.48,5.09,-0.07,-0.02,-0.01,
12:38:23:206,0.30,-2.48,5.09,-0.07,-0.02,-0.01,
12:38:23:207,0.30,-2.48,5.09,-0.08,-0.01,-0.00,
12:38:23:207,-0.04,-1.70,5.05,-0.08,-0.01,-0.00,
12:38:23:208,-0.04,-1.70,5.05,-0.09,0.02,0.01,
12:38:23:209,-0.04,-1.70,5.05,-0.09,0.02,0.01,
12:38:23:210,-0.04,-1.70,5.05,-0.09,0.07,0.02,
12:38:23:211,1.04,-0.95,6.95,-0.09,0.07,0.02,
12:38:23:212,1.04,-0.95,6.95,-0.10,0.06,0.03,
12:38:23:213,1.04,-0.95,6.95,-0.10,0.06,0.03,
12:38:23:215,1.04,-0.95,6.95,-0.09,0.02,0.01,
12:38:23:215,0.23,-3.48,6.39,-0.09,0.02,0.01,
12:38:23:223,0.23,-3.48,6.39,-0.05,-0.02,-0.01,
12:38:23:224,0.23,-3.48,6.39,-0.05,-0.02,-0.01,
12:38:23:225,0.23,-3.48,6.39,0.01,-0.03,-0.01,
12:38:23:226,-2.62,-3.25,2.74,0.01,-0.03,-0.01,
12:38:23:227,-2.62,-3.25,2.74,0.05,-0.03,-0.01,
12:38:23:227,-2.62,-3.25,2.74,0.05,-0.03,-0.01,
12:38:23:228,-2.62,-3.25,2.74,0.02,-0.07,0.01,
12:38:23:229,2.47,-2.04,7.19,0.02,-0.07,0.01,
12:38:23:230,2.47,-2.04,7.19,-0.01,-0.13,0.01,
12:38:23:231,2.47,-2.04,7.19,-0.01,-0.13,0.01,
12:38:23:232,2.47,-2.04,7.19,-0.02,-0.21,-0.01,
12:38:23:232,2.46,-2.99,2.57,-0.02,-0.21,-0.01,
12:38:23:232,2.46,-2.99,2.57,-0.00,-0.18,-0.03,
12:38:23:233,2.46,-2.99,2.57,-0.00,-0.18,-0.03,
12:38:23:235,2.46,-2.99,2.57,-0.03,0.02,-0.03,
12:38:23:235,0.31,-2.98,3.99,-0.03,0.02,-0.03,
12:38:23:237,0.31,-2.98,3.99,-0.06,0.31,-0.03,
12:38:23:238,0.31,-2.98,3.99,-0.06,0.31,-0.03,
12:38:23:240,0.31,-2.98,3.99,-0.08,0.50,-0.03,
12:38:23:240,-2.36,-3.41,3.89,-0.08,0.50,-0.03,
12:38:23:242,-2.36,-3.41,3.89,-0.08,0.60,-0.00,
12:38:23:243,-2.35,-3.41,3.89,-0.08,0.60,-0.00,
12:38:23:245,-2.35,-3.41,3.89,-0.08,0.56,0.03,
12:38:23:245,-3.92,-1.94,7.99,-0.08,0.56,0.03,
12:38:23:248,-3.92,-1.94,7.99,-0.08,0.15,0.05,
12:38:23:248,-3.92,-1.94,7.98,-0.08,0.15,0.05,
12:38:23:250,-3.92,-1.94,7.98,-0.08,-0.46,0.05,
12:38:23:251,3.42,-1.26,10.28,-0.08,-0.46,0.05,
12:38:23:253,3.42,-1.26,10.28,-0.07,-0.86,0.03,
12:38:23:254,3.42,-1.26,10.28,-0.07,-0.86,0.03,
12:38:23:255,3.42,-1.26,10.28,-0.05,-0.84,0.02,
12:38:23:255,0.96,-2.05,2.87,-0.05,-0.84,0.02,
12:38:23:257,0.96,-2.05,2.87,-0.02,-0.46,0.02,
12:38:23:258,0.96,-2.05,2.87,-0.02,-0.46,0.02,
12:38:23:259,0.96,-2.05,2.87,-0.00,0.00,0.02,
12:38:23:260,1.83,1.07,2.46,-0.00,0.00,0.02,
12:38:23:262,1.83,1.07,2.46,-0.01,0.41,0.01,
12:38:23:263,1.83,1.07,2.46,-0.01,0.41,0.01,
12:38:23:265,1.83,1.07,2.46,-0.02,0.71,-0.01,
12:38:23:265,-0.65,-3.21,4.31,-0.02,0.71,-0.01,
12:38:23:268,-0.65,-3.21,4.31,-0.04,0.80,-0.03,
12:38:23:269,-0.64,-3.21,4.31,-0.04,0.80,-0.03,
12:38:23:270,-0.64,-3.21,4.31,-0.04,0.65,-0.02,
12:38:23:271,-2.29,-0.32,9.20,-0.04,0.65,-0.02,
12:38:23:272,-2.29,-0.32,9.20,-0.00,0.23,-0.01,
12:38:23:273,-2.28,-0.32,9.20,-0.00,0.23,-0.01,
12:38:23:275,-2.28,-0.32,9.20,0.03,-0.27,0.01,
12:38:23:275,-0.12,0.55,7.83,0.03,-0.27,0.01,
12:38:23:277,-0.12,0.55,7.83,0.04,-0.62,0.03,
12:38:23:278,-0.12,0.55,7.83,0.04,-0.62,0.03,
12:38:23:280,-0.12,0.55,7.83,0.04,-0.74,0.06,
12:38:23:280,0.17,-2.91,4.32,0.04,-0.74,0.06,
12:38:23:283,0.17,-2.91,4.32,0.01,-0.61,0.08,
12:38:23:284,0.17,-2.91,4.32,0.01,-0.61,0.08,
12:38:23:285,0.17,-2.91,4.32,-0.01,-0.29,0.08,
12:38:23:286,0.78,-1.76,1.92,-0.01,-0.29,0.08,
12:38:23:288,0.78,-1.76,1.92,-0.04,0.11,0.06,
12:38:23:289,0.77,-1.76,1.92,-0.04,0.11,0.06,
12:38:23:290,0.77,-1.76,1.92,-0.06,0.43,0.02,
12:38:23:291,0.19,-3.11,3.48,-0.06,0.43,0.02,
12:38:23:292,0.19,-3.11,3.48,-0.08,0.52,-0.03,
12:38:23:293,0.19,-3.11,3.48,-0.08,0.52,-0.03,
12:38:23:295,0.19,-3.11,3.48,-0.08,0.37,-0.07,
12:38:23:301,0.84,-1.78,6.95,-0.08,0.37,-0.07,
12:38:23:302,0.84,-1.78,6.95,-0.07,0.09,-0.08,
12:38:23:303,0.84,-1.78,6.95,-0.07,0.09,-0.08,
12:38:23:304,0.84,-1.78,6.95,-0.06,-0.18,-0.06,
12:38:23:306,-0.14,-3.25,5.95,-0.06,-0.18,-0.06,
12:38:23:307,-0.14,-3.25,5.95,-0.05,-0.37,-0.02,
12:38:23:307,-0.14,-3.25,5.95,-0.05,-0.37,-0.02,
12:38:23:308,-0.14,-3.25,5.95,-0.02,-0.39,0.03,
12:38:23:309,-0.55,-2.96,3.84,-0.02,-0.39,0.03,
12:38:23:309,-0.55,-2.96,3.84,0.01,-0.23,0.06,
12:38:23:310,-0.56,-2.96,3.84,0.01,-0.23,0.06,
12:38:23:310,-0.56,-2.96,3.84,0.02,0.04,0.07,
12:38:23:311,-0.38,-2.03,3.01,0.02,0.04,0.07,
12:38:23:313,-0.38,-2.03,3.01,-0.00,0.27,0.05,
12:38:23:314,-0.38,-2.03,3.01,-0.00,0.27,0.05,
12:38:23:315,-0.38,-2.03,3.01,-0.03,0.38,0.02,
12:38:23:315,1.64,-2.02,7.82,-0.03,0.38,0.02,
12:38:23:321,1.64,-2.02,7.82,-0.05,0.34,-0.02,
12:38:23:322,1.64,-2.02,7.82,-0.05,0.34,-0.02,
12:38:23:323,1.64,-2.02,7.82,-0.04,0.18,-0.05,
12:38:23:324,-0.55,-2.13,7.30,-0.04,0.18,-0.05,
12:38:23:325,-0.55,-2.13,7.30,-0.02,-0.05,-0.05,
12:38:23:326,-0.55,-2.13,7.30,-0.02,-0.05,-0.05,
12:38:23:326,-0.55,-2.13,7.30,0.01,-0.31,-0.03,
12:38:23:327,0.81,-0.88,6.56,0.01,-0.31,-0.03,
12:38:23:327,0.81,-0.88,6.56,0.04,-0.42,0.00,
12:38:23:328,0.81,-0.88,6.56,0.04,-0.42,0.00,
12:38:23:330,0.81,-0.88,6.56,0.07,-0.35,0.02,
12:38:23:330,1.41,1.22,3.41,0.07,-0.35,0.02,
12:38:23:333,1.41,1.22,3.41,0.11,-0.14,0.02,
12:38:23:333,1.40,1.22,3.41,0.11,-0.14,0.02,
12:38:23:335,1.40,1.22,3.41,0.10,0.09,0.01,
12:38:23:336,1.10,-1.45,2.43,0.10,0.09,0.01,
12:38:23:337,1.10,-1.45,2.43,0.07,0.23,-0.01,
12:38:23:338,1.11,-1.45,2.43,0.07,0.23,-0.01,
12:38:23:340,1.11,-1.45,2.43,0.01,0.30,-0.03,
12:38:23:340,0.81,-3.98,4.75,0.01,0.30,-0.03,
12:38:23:342,0.81,-3.98,4.75,-0.04,0.33,-0.06,
12:38:23:343,0.81,-3.98,4.75,-0.04,0.33,-0.06,
12:38:23:345,0.81,-3.98,4.75,-0.06,0.30,-0.06,
12:38:23:345,-1.76,-2.69,5.93,-0.06,0.30,-0.06,
12:38:23:351,-1.76,-2.69,5.93,-0.06,0.14,-0.04,
12:38:23:351,-1.76,-2.69,5.93,-0.06,0.14,-0.04,
12:38:23:352,-1.76,-2.69,5.93,-0.03,-0.17,-0.00,
12:38:23:353,-0.67,-2.05,5.75,-0.03,-0.17,-0.00,
12:38:23:354,-0.67,-2.05,5.75,0.02,-0.40,0.03,
12:38:23:355,-0.67,-2.05,5.75,0.02,-0.40,0.03,
12:38:23:355,-0.67,-2.05,5.75,0.04,-0.41,0.06,
12:38:23:356,0.42,-1.95,4.25,0.04,-0.41,0.06,
12:38:23:357,0.42,-1.95,4.25,0.03,-0.18,0.07,
12:38:23:358,0.41,-1.95,4.25,0.03,-0.18,0.07,
12:38:23:360,0.41,-1.95,4.25,0.01,0.01,0.06,
12:38:23:361,0.97,-4.27,3.71,0.01,0.01,0.06,
12:38:23:362,0.97,-4.27,3.71,0.01,0.05,0.03,
12:38:23:363,0.97,-4.27,3.71,0.01,0.05,0.03,
12:38:23:365,0.97,-4.27,3.71,0.02,0.09,0.00,
12:38:23:366,0.55,-2.95,4.08,0.02,0.09,0.00,
12:38:23:368,0.55,-2.95,4.08,0.03,0.20,-0.02,
12:38:23:369,0.55,-2.95,4.08,0.03,0.20,-0.02,
12:38:23:370,0.55,-2.95,4.08,0.04,0.30,-0.04,
12:38:23:371,-0.28,0.66,5.65,0.04,0.30,-0.04,
12:38:23:372,-0.28,0.66,5.65,0.06,0.26,-0.05,
12:38:23:373,-0.28,0.66,5.65,0.06,0.26,-0.05,
12:38:23:375,-0.28,0.66,5.65,0.06,0.04,-0.04,
12:38:23:375,-1.42,-3.28,4.72,0.06,0.04,-0.04,
12:38:23:377,-1.42,-3.28,4.72,0.08,-0.21,-0.01,
12:38:23:378,-1.42,-3.28,4.72,0.08,-0.21,-0.01,
12:38:23:380,-1.42,-3.28,4.72,0.08,-0.32,0.03,
12:38:23:380,-0.18,-1.04,3.87,0.08,-0.32,0.03,
12:38:23:383,-0.18,-1.04,3.87,0.06,-0.21,0.05,
12:38:23:384,-0.19,-1.04,3.87,0.06,-0.21,0.05,
12:38:23:385,-0.19,-1.04,3.87,0.04,0.01,0.05,
12:38:23:386,-0.23,-0.47,3.35,0.04,0.01,0.05,
12:38:23:388,-0.23,-0.47,3.35,0.02,0.12,0.04,
12:38:23:388,-0.23,-0.47,3.35,0.02,0.12,0.04,
12:38:23:391,-0.23,-0.47,3.35,-0.01,0.10,0.02,
12:38:23:391,0.52,-2.94,3.56,-0.01,0.10,0.02,
12:38:23:392,0.52,-2.94,3.56,-0.03,0.04,0.00,
12:38:23:393,0.52,-2.94,3.56,-0.03,0.04,0.00,
12:38:23:395,0.52,-2.94,3.56,-0.06,0.01,-0.02,
12:38:23:395,0.20,-2.53,4.69,-0.06,0.01,-0.02,
12:38:23:398,0.20,-2.53,4.69,-0.06,0.02,-0.03,
12:38:23:399,0.20,-2.53,4.68,-0.06,0.02,-0.03,
12:38:23:401,0.20,-2.53,4.68,-0.04,0.02,-0.03,
12:38:23:402,-0.74,-1.48,4.49,-0.04,0.02,-0.03,
12:38:23:403,-0.74,-1.48,4.49,-0.02,-0.04,-0.01,
12:38:23:404,-0.74,-1.48,4.49,-0.02,-0.04,-0.01,
12:38:23:405,-0.74,-1.48,4.49,-0.01,-0.10,0.02,
12:38:23:406,0.41,-2.69,4.60,-0.01,-0.10,0.02,
12:38:23:408,0.41,-2.69,4.60,0.00,-0.11,0.03,
12:38:23:408,0.41,-2.69,4.60,0.00,-0.11,0.03,
12:38:23:410,0.41,-2.69,4.60,0.01,-0.09,0.03,
12:38:23:410,-0.04,-4.00,3.10,0.01,-0.09,0.03,
12:38:23:412,-0.04,-4.00,3.10,0.01,-0.05,0.03,
12:38:23:412,-0.04,-4.00,3.10,0.01,-0.05,0.03,
12:38:23:415,-0.04,-4.00,3.10,0.01,0.03,0.02,
12:38:23:415,1.54,-1.16,4.79,0.01,0.03,0.02,
12:38:23:422,1.54,-1.16,4.79,0.00,0.11,0.01,
12:38:23:423,1.54,-1.16,4.79,0.00,0.11,0.01,
12:38:23:423,1.54,-1.16,4.79,-0.00,0.12,-0.01,
12:38:23:427,0.82,-2.65,4.77,-0.00,0.12,-0.01,
12:38:23:427,0.82,-2.65,4.77,0.01,0.06,-0.03,
12:38:23:428,0.82,-2.65,4.77,0.01,0.06,-0.03,
12:38:23:428,0.82,-2.65,4.77,0.03,-0.02,-0.03,
12:38:23:428,-1.47,-4.45,3.12,0.03,-0.02,-0.03,
12:38:23:429,-1.47,-4.45,3.12,0.03,-0.06,-0.01,
12:38:23:429,-1.47,-4.45,3.12,0.03,-0.06,-0.01,
12:38:23:430,-1.47,-4.45,3.12,0.01,-0.03,0.01,
12:38:23:430,-0.13,-1.76,5.27,0.01,-0.03,0.01,
12:38:23:433,-0.13,-1.76,5.27,0.01,0.07,0.03,
12:38:23:434,-0.13,-1.76,5.27,0.01,0.07,0.03,
12:38:23:435,-0.13,-1.76,5.27,0.01,0.12,0.04,
12:38:23:436,-0.34,-1.40,4.92,0.01,0.12,0.04,
12:38:23:437,-0.34,-1.40,4.92,0.01,0.04,0.04,
12:38:23:438,-0.34,-1.40,4.92,0.01,0.04,0.04,
12:38:23:440,-0.34,-1.40,4.92,0.01,-0.14,0.04,
12:38:23:440,1.21,-2.46,4.75,0.01,-0.14,0.04,
12:38:23:442,1.21,-2.46,4.75,0.02,-0.26,0.04,
12:38:23:443,1.21,-2.46,4.75,0.02,-0.26,0.04,
12:38:23:445,1.21,-2.46,4.75,0.02,-0.18,0.03,
12:38:23:445,1.18,-0.47,4.44,0.02,-0.18,0.03,
12:38:23:447,1.18,-0.47,4.44,0.01,0.09,0.02,
12:38:23:448,1.18,-0.47,4.44,0.01,0.09,0.02,
12:38:23:450,1.18,-0.47,4.44,0.00,0.29,-0.01,
12:38:23:451,0.14,-1.27,4.61,0.00,0.29,-0.01,
12:38:23:453,0.14,-1.27,4.61,-0.00,0.32,-0.04,
12:38:23:454,0.14,-1.27,4.61,-0.00,0.32,-0.04,
12:38:23:455,0.14,-1.27,4.61,-0.00,0.18,-0.06,
12:38:23:455,0.14,-1.18,7.08,-0.00,0.18,-0.06,
12:38:23:457,0.14,-1.18,7.08,0.01,0.01,-0.06,
12:38:23:458,0.14,-1.18,7.08,0.01,0.01,-0.06,
12:38:23:460,0.14,-1.18,7.08,0.03,-0.08,-0.04,
12:38:23:461,-1.14,-0.73,6.35,0.03,-0.08,-0.04,
12:38:23:462,-1.14,-0.73,6.35,0.04,-0.11,-0.00,
12:38:23:463,-1.14,-0.73,6.35,0.04,-0.11,-0.00,
12:38:23:465,-1.14,-0.73,6.35,0.04,-0.15,0.04,
12:38:23:466,0.62,-0.27,6.26,0.04,-0.15,0.04,
12:38:23:468,0.62,-0.27,6.26,0.05,-0.19,0.08,
12:38:23:469,0.61,-0.27,6.26,0.05,-0.19,0.08,
12:38:23:470,0.61,-0.27,6.26,0.06,-0.14,0.08,
12:38:23:471,0.27,-1.55,4.22,0.06,-0.14,0.08,
12:38:23:473,0.27,-1.55,4.22,0.07,-0.00,0.06,
12:38:23:474,0.27,-1.55,4.22,0.07,-0.00,0.06,
12:38:23:475,0.27,-1.55,4.22,0.07,0.10,0.04,
12:38:23:476,-0.70,-3.58,3.48,0.07,0.10,0.04,
12:38:23:477,-0.70,-3.58,3.48,0.07,0.13,0.01,
12:38:23:478,-0.70,-3.58,3.49,0.07,0.13,0.01,
12:38:23:480,-0.70,-3.58,3.49,0.08,0.10,-0.01,
12:38:23:480,-0.29,-1.93,4.58,0.08,0.10,-0.01,
12:38:23:483,-0.29,-1.93,4.58,0.09,0.03,-0.02,
12:38:23:484,-0.29,-1.93,4.58,0.09,0.03,-0.02,
12:38:23:485,-0.29,-1.93,4.58,0.10,-0.05,-0.01,
12:38:23:485,0.20,-0.73,4.54,0.10,-0.05,-0.01,
12:38:23:488,0.20,-0.73,4.54,0.09,-0.16,0.01,
12:38:23:489,0.20,-0.73,4.54,0.09,-0.16,0.01,
12:38:23:490,0.20,-0.73,4.54,0.09,-0.27,0.02,
12:38:23:491,0.30,-3.76,1.92,0.09,-0.27,0.02,
12:38:23:492,0.30,-3.76,1.92,0.09,-0.31,0.03,
12:38:23:493,0.29,-3.76,1.92,0.09,-0.31,0.03,
12:38:23:495,0.29,-3.76,1.92,0.06,-0.25,0.02,
12:38:23:495,-0.21,-6.95,0.20,0.06,-0.25,0.02,
12:38:23:498,-0.21,-6.95,0.20,0.02,-0.05,0.02,
12:38:23:499,-0.21,-6.95,0.20,0.02,-0.05,0.02,
12:38:23:501,-0.21,-6.95,0.20,-0.01,0.22,0.01,
12:38:23:502,0.82,-2.02,2.47,-0.01,0.22,0.01,
12:38:23:503,0.82,-2.02,2.47,-0.02,0.34,0.00,
12:38:23:503,0.82,-2.02,2.46,-0.02,0.34,0.00,
12:38:23:505,0.82,-2.02,2.46,-0.02,0.32,-0.01,
12:38:23:506,0.84,-0.64,4.53,-0.02,0.32,-0.01,
12:38:23:508,0.84,-0.64,4.53,-0.02,0.21,-0.03,
12:38:23:508,0.84,-0.64,4.53,-0.02,0.21,-0.03,
12:38:23:510,0.84,-0.64,4.53,-0.02,0.05,-0.04,
12:38:23:511,-0.76,-3.76,4.56,-0.02,0.05,-0.04,
12:38:23:512,-0.76,-3.76,4.56,-0.02,-0.11,-0.02,
12:38:23:513,-0.76,-3.76,4.56,-0.02,-0.11,-0.02,
12:38:23:515,-0.76,-3.76,4.56,-0.01,-0.21,0.02,
12:38:23:515,-0.87,-3.38,4.10,-0.01,-0.21,0.02,
12:38:23:524,-0.87,-3.38,4.10,0.00,-0.18,0.04,
12:38:23:525,-0.88,-3.38,4.10,0.00,-0.18,0.04,
12:38:23:526,-0.88,-3.38,4.10,0.02,-0.09,0.06,
12:38:23:526,0.36,-2.53,3.93,0.02,-0.09,0.06,
12:38:23:526,0.36,-2.53,3.93,0.03,-0.05,0.06,
12:38:23:527,0.36,-2.53,3.93,0.03,-0.05,0.06,
12:38:23:527,0.36,-2.53,3.93,0.04,-0.05,0.05,
12:38:23:528,1.95,-2.90,3.83,0.04,-0.05,0.05,
12:38:23:528,1.95,-2.90,3.83,0.04,-0.05,0.02,
12:38:23:528,1.95,-2.90,3.83,0.04,-0.05,0.02,
12:38:23:530,1.95,-2.90,3.83,0.04,0.01,-0.00,
12:38:23:530,1.62,-2.85,3.83,0.04,0.01,-0.00,
12:38:23:536,1.62,-2.85,3.83,0.04,0.14,-0.04,
12:38:23:537,1.63,-2.85,3.83,0.04,0.14,-0.04,
12:38:23:538,1.63,-2.85,3.83,0.06,0.21,-0.06,
12:38:23:539,0.32,-1.36,4.08,0.06,0.21,-0.06,
12:38:23:540,0.32,-1.36,4.08,0.07,0.17,-0.07,
12:38:23:540,0.32,-1.36,4.08,0.07,0.17,-0.07,
12:38:23:540,0.32,-1.36,4.08,0.07,0.02,-0.06,
12:38:23:541,0.07,-3.30,3.90,0.07,0.02,-0.06,
12:38:23:542,0.07,-3.30,3.90,0.06,-0.11,-0.04,
12:38:23:542,0.07,-3.30,3.90,0.06,-0.11,-0.04,
12:38:23:544,0.07,-3.30,3.90,0.04,-0.15,-0.02,
12:38:23:549,0.68,-2.52,3.81,0.04,-0.15,-0.02,
12:38:23:550,0.68,-2.52,3.81,0.02,-0.09,0.00,
12:38:23:550,0.68,-2.52,3.81,0.02,-0.09,0.00,
12:38:23:550,0.68,-2.52,3.81,-0.00,-0.01,0.02,
12:38:23:551,0.80,-2.52,3.25,-0.00,-0.01,0.02,
12:38:23:552,0.80,-2.52,3.25,-0.01,0.02,0.02,
12:38:23:553,0.80,-2.52,3.25,-0.01,0.02,0.02,
12:38:23:555,0.80,-2.52,3.25,-0.03,0.01,0.01,
12:38:23:555,1.44,-3.76,3.32,-0.03,0.01,0.01,
12:38:23:557,1.44,-3.76,3.32,-0.04,-0.01,-0.01,
12:38:23:558,1.44,-3.76,3.32,-0.04,-0.01,-0.01,
12:38:23:560,1.44,-3.76,3.32,-0.05,0.01,-0.03,
12:38:23:560,-0.19,-5.27,2.85,-0.05,0.01,-0.03,
12:38:23:562,-0.19,-5.27,2.85,-0.05,0.11,-0.04,
12:38:23:563,-0.19,-5.27,2.85,-0.05,0.11,-0.04,
12:38:23:565,-0.19,-5.27,2.85,-0.03,0.20,-0.04,
12:38:23:566,-1.01,-3.17,3.85,-0.03,0.20,-0.04,
12:38:23:567,-1.01,-3.17,3.85,-0.01,0.17,-0.04,
12:38:23:568,-1.00,-3.17,3.85,-0.01,0.17,-0.04,
12:38:23:570,-1.00,-3.17,3.85,0.02,0.07,-0.03,
12:38:23:571,1.30,2.00,5.33,0.02,0.07,-0.03,
12:38:23:572,1.30,2.00,5.33,0.05,-0.03,-0.03,
12:38:23:573,1.30,2.00,5.33,0.05,-0.03,-0.03,
12:38:23:575,1.30,2.00,5.33,0.06,-0.07,-0.03,
12:38:23:575,-0.19,-1.16,3.14,0.06,-0.07,-0.03,
12:38:23:577,-0.19,-1.16,3.14,0.06,-0.10,-0.02,
12:38:23:578,-0.19,-1.16,3.14,0.06,-0.10,-0.02,
12:38:23:580,-0.19,-1.16,3.14,0.05,-0.14,-0.00,
12:38:23:580,-0.29,-4.36,1.60,0.05,-0.14,-0.00,
12:38:23:583,-0.29,-4.36,1.60,0.01,-0.16,0.01,
12:38:23:583,-0.30,-4.36,1.60,0.01,-0.16,0.01,
12:38:23:585,-0.30,-4.36,1.60,-0.01,-0.11,0.00,
12:38:23:586,1.68,-1.34,1.49,-0.01,-0.11,0.00,
12:38:23:587,1.68,-1.34,1.49,-0.02,-0.01,-0.02,
12:38:23:588,1.68,-1.34,1.49,-0.02,-0.01,-0.02,
12:38:23:590,1.68,-1.34,1.49,-0.01,0.13,-0.04,
12:38:23:591,-0.40,-0.85,0.64,-0.01,0.13,-0.04,
12:38:23:594,-0.40,-0.85,0.64,-0.03,0.27,-0.05,
12:38:23:595,-0.40,-0.85,0.64,-0.03,0.27,-0.05,
12:38:23:596,-0.40,-0.85,0.64,-0.07,0.33,-0.06,
12:38:23:596,-0.47,-2.81,3.21,-0.07,0.33,-0.06,
12:38:23:597,-0.47,-2.81,3.21,-0.12,0.26,-0.06,
12:38:23:599,-0.46,-2.81,3.21,-0.12,0.26,-0.06,
12:38:23:600,-0.46,-2.81,3.21,-0.15,0.07,-0.05,
12:38:23:601,-0.91,-5.15,3.64,-0.15,0.07,-0.05,
12:38:23:603,-0.91,-5.15,3.64,-0.17,-0.15,-0.02,
12:38:23:604,-0.91,-5.15,3.63,-0.17,-0.15,-0.02,
12:38:23:606,-0.91,-5.15,3.63,-0.18,-0.34,0.00,
12:38:23:606,0.75,-5.34,3.33,-0.18,-0.34,0.00,
12:38:23:607,0.75,-5.34,3.33,-0.18,-0.40,0.01,
12:38:23:608,0.75,-5.34,3.33,-0.18,-0.40,0.01,
12:38:23:610,0.75,-5.34,3.33,-0.17,-0.29,0.01,
12:38:23:611,2.56,-3.77,3.92,-0.17,-0.29,0.01,
12:38:23:612,2.56,-3.77,3.92,-0.16,-0.08,0.01,
12:38:23:613,2.56,-3.77,3.92,-0.16,-0.08,0.01,
12:38:23:615,2.56,-3.77,3.92,-0.13,0.10,-0.02,
12:38:23:616,1.58,-3.86,2.81,-0.13,0.10,-0.02,
12:38:23:623,1.58,-3.86,2.81,-0.11,0.27,-0.05,
12:38:23:623,1.58,-3.86,2.81,-0.11,0.27,-0.05,
12:38:23:624,1.58,-3.86,2.81,-0.09,0.42,-0.07,
12:38:23:624,0.64,-4.11,6.27,-0.09,0.42,-0.07,
12:38:23:624,0.64,-4.11,6.27,-0.06,0.45,-0.09,
12:38:23:624,0.65,-4.11,6.26,-0.06,0.45,-0.09,
12:38:23:625,0.65,-4.11,6.26,-0.03,0.31,-0.09,
12:38:23:625,-1.19,-4.05,6.34,-0.03,0.31,-0.09,
12:38:23:627,-1.19,-4.05,6.34,0.02,0.11,-0.07,
12:38:23:628,-1.19,-4.05,6.35,0.02,0.11,-0.07,
12:38:23:630,-1.19,-4.05,6.35,0.06,-0.13,-0.04,
12:38:23:630,-0.27,-2.85,6.13,0.06,-0.13,-0.04,
12:38:23:632,-0.27,-2.85,6.13,0.08,-0.33,-0.01,
12:38:23:633,-0.27,-2.85,6.13,0.08,-0.33,-0.01,
12:38:23:635,-0.27,-2.85,6.13,0.09,-0.39,0.02,
12:38:23:636,1.89,-0.91,3.78,0.09,-0.39,0.02,
12:38:23:637,1.89,-0.91,3.78,0.07,-0.26,0.03,
12:38:23:638,1.89,-0.91,3.78,0.07,-0.26,0.03,
12:38:23:640,1.89,-0.91,3.78,0.04,-0.01,0.02,
12:38:23:640,1.68,-2.27,2.02,0.04,-0.01,0.02,
12:38:23:642,1.68,-2.27,2.02,0.02,0.16,-0.02,
12:38:23:643,1.68,-2.27,2.02,0.02,0.16,-0.02,
12:38:23:644,1.68,-2.27,2.02,0.01,0.22,-0.05,
12:38:23:645,0.50,-3.54,1.64,0.01,0.22,-0.05,
12:38:23:647,0.50,-3.54,1.64,-0.03,0.27,-0.08,
12:38:23:648,0.50,-3.54,1.64,-0.03,0.27,-0.08,
12:38:23:650,0.50,-3.54,1.64,-0.06,0.36,-0.11,
12:38:23:650,-0.20,-1.25,4.69,-0.06,0.36,-0.11,
12:38:23:653,-0.20,-1.25,4.69,-0.08,0.37,-0.11,
12:38:23:653,-0.19,-1.25,4.69,-0.08,0.37,-0.11,
12:38:23:655,-0.19,-1.25,4.69,-0.07,0.18,-0.10,
12:38:23:655,-0.64,-1.12,4.52,-0.07,0.18,-0.10,
12:38:23:657,-0.64,-1.12,4.52,-0.06,-0.12,-0.06,
12:38:23:658,-0.64,-1.12,4.52,-0.06,-0.12,-0.06,
12:38:23:660,-0.64,-1.12,4.52,-0.08,-0.37,-0.04,
12:38:23:660,1.78,-3.92,4.75,-0.08,-0.37,-0.04,
12:38:23:662,1.78,-3.92,4.75,-0.11,-0.44,-0.02,
12:38:23:663,1.78,-3.92,4.75,-0.11,-0.44,-0.02,
12:38:23:665,1.78,-3.92,4.75,-0.12,-0.29,-0.01,
12:38:23:666,0.54,-3.30,2.24,-0.12,-0.29,-0.01,
12:38:23:668,0.54,-3.30,2.24,-0.10,-0.06,-0.00,
12:38:23:669,0.54,-3.30,2.24,-0.10,-0.06,-0.00,
12:38:23:671,0.54,-3.30,2.24,-0.08,0.14,-0.01,
12:38:23:677,1.07,-2.03,2.60,-0.08,0.14,-0.01,
12:38:23:678,1.07,-2.03,2.60,-0.07,0.34,-0.03,
12:38:23:679,1.08,-2.03,2.60,-0.07,0.34,-0.03,
12:38:23:679,1.08,-2.03,2.60,-0.06,0.47,-0.05,
12:38:23:680,-0.42,-3.37,4.77,-0.06,0.47,-0.05,
12:38:23:680,-0.42,-3.37,4.77,-0.04,0.44,-0.06,
12:38:23:681,-0.42,-3.37,4.76,-0.04,0.44,-0.06,
12:38:23:681,-0.42,-3.37,4.76,0.00,0.28,-0.05,
12:38:23:682,-1.75,-1.99,5.26,0.00,0.28,-0.05,
12:38:23:682,-1.75,-1.99,5.26,0.03,-0.01,-0.04,
12:38:23:683,-1.75,-1.99,5.26,0.03,-0.01,-0.04,
12:38:23:688,-1.75,-1.99,5.26,0.05,-0.29,-0.02,
12:38:23:688,0.54,-2.22,4.55,0.05,-0.29,-0.02,
12:38:23:689,0.54,-2.22,4.55,0.04,-0.41,0.00,
12:38:23:690,0.54,-2.22,4.55,0.04,-0.41,0.00,
12:38:23:690,0.54,-2.22,4.55,0.02,-0.31,0.01,
12:38:23:691,0.73,-2.71,2.81,0.02,-0.31,0.01,
12:38:23:692,0.73,-2.71,2.81,-0.01,-0.08,0.00,
12:38:23:693,0.73,-2.71,2.81,-0.01,-0.08,0.00,
12:38:23:695,0.73,-2.71,2.81,-0.03,0.15,-0.02,
12:38:23:696,0.16,-3.03,1.85,-0.03,0.15,-0.02,
12:38:23:697,0.16,-3.03,1.85,-0.06,0.34,-0.06,
12:38:23:698,0.16,-3.03,1.85,-0.06,0.34,-0.06,
12:38:23:707,0.16,-3.03,1.85,-0.10,0.47,-0.09,
12:38:23:708,0.08,-2.84,5.79,-0.10,0.47,-0.09,
12:38:23:708,0.08,-2.84,5.79,-0.13,0.41,-0.11,
12:38:23:709,0.09,-2.84,5.78,-0.13,0.41,-0.11,
12:38:23:709,0.09,-2.84,5.78,-0.12,0.13,-0.11,
12:38:23:710,1.04,-1.26,7.97,-0.12,0.13,-0.11,
12:38:23:710,1.04,-1.26,7.97,-0.09,-0.18,-0.09,
12:38:23:711,1.05,-1.25,7.97,-0.09,-0.18,-0.09,
12:38:23:711,1.05,-1.25,7.97,-0.05,-0.37,-0.05,
12:38:23:712,0.51,-1.99,5.01,-0.05,-0.37,-0.05,
12:38:23:712,0.51,-1.99,5.01,-0.01,-0.38,-0.02,
12:38:23:713,0.51,-1.99,5.01,-0.01,-0.38,-0.02,
12:38:23:715,0.51,-1.99,5.01,0.01,-0.24,-0.00,
12:38:23:716,0.55,-3.50,3.16,0.01,-0.24,-0.00,
12:38:23:718,0.55,-3.50,3.16,0.02,0.03,-0.01,
12:38:23:719,0.55,-3.50,3.16,0.02,0.03,-0.01,
12:38:23:720,0.55,-3.50,3.16,0.03,0.29,-0.02,
12:38:23:720,1.03,-1.45,4.25,0.03,0.29,-0.02,
12:38:23:722,1.03,-1.45,4.25,0.03,0.44,-0.05,
12:38:23:723,1.03,-1.45,4.25,0.03,0.44,-0.05,
12:38:23:725,1.03,-1.45,4.25,0.03,0.49,-0.07,
12:38:23:725,-0.69,-2.26,6.30,0.03,0.49,-0.07,
12:38:23:727,-0.69,-2.26,6.30,0.01,0.41,-0.09,
12:38:23:728,-0.69,-2.26,6.30,0.01,0.41,-0.09,
12:38:23:730,-0.69,-2.26,6.30,0.01,0.19,-0.08,
12:38:23:731,-1.04,-1.98,7.47,0.01,0.19,-0.08,
12:38:23:733,-1.04,-1.98,7.47,0.03,-0.15,-0.05,
12:38:23:734,-1.04,-1.98,7.47,0.03,-0.15,-0.05,
12:38:23:735,-1.04,-1.98,7.47,0.04,-0.42,-0.02,
12:38:23:736,0.43,-1.28,4.27,0.04,-0.42,-0.02,
12:38:23:737,0.43,-1.28,4.27,0.05,-0.52,0.00,
12:38:23:738,0.43,-1.28,4.27,0.05,-0.52,0.00,
12:38:23:740,0.43,-1.28,4.27,0.04,-0.45,0.01,
12:38:23:740,1.63,-3.30,2.02,0.04,-0.45,0.01,
12:38:23:742,1.63,-3.30,2.02,0.03,-0.24,0.01,
12:38:23:743,1.62,-3.30,2.02,0.03,-0.24,0.01,
12:38:23:745,1.62,-3.30,2.02,0.01,0.12,-0.01,
12:38:23:745,1.09,-1.31,1.79,0.01,0.12,-0.01,
12:38:23:747,1.09,-1.31,1.79,-0.02,0.48,-0.04,
12:38:23:748,1.10,-1.31,1.79,-0.02,0.48,-0.04,
12:38:23:750,1.10,-1.31,1.79,-0.06,0.62,-0.07,
12:38:23:750,-0.16,-4.21,4.42,-0.06,0.62,-0.07,
12:38:23:752,-0.16,-4.21,4.42,-0.07,0.53,-0.08,
12:38:23:753,-0.16,-4.21,4.42,-0.07,0.53,-0.08,
12:38:23:755,-0.16,-4.21,4.42,-0.06,0.27,-0.08,
12:38:23:755,-1.65,-1.98,5.36,-0.06,0.27,-0.08,
12:38:23:757,-1.65,-1.98,5.36,-0.03,0.00,-0.06,
12:38:23:758,-1.65,-1.98,5.36,-0.03,0.00,-0.06,
12:38:23:760,-1.65,-1.98,5.36,0.01,-0.15,-0.03,
12:38:23:760,-1.20,0.08,6.17,0.01,-0.15,-0.03,
12:38:23:762,-1.20,0.08,6.17,0.01,-0.19,0.00,
12:38:23:763,-1.20,0.08,6.17,0.01,-0.19,0.00,
12:38:23:765,-1.20,0.08,6.17,0.02,-0.26,0.03,
12:38:23:766,0.62,-1.66,4.18,0.02,-0.26,0.03,
12:38:23:768,0.62,-1.66,4.18,0.02,-0.33,0.04,
12:38:23:769,0.62,-1.66,4.19,0.02,-0.33,0.04,
12:38:23:771,0.62,-1.66,4.19,0.01,-0.30,0.02,
12:38:23:773,3.16,-2.33,4.01,0.01,-0.30,0.02,
12:38:23:774,3.16,-2.33,4.01,-0.03,-0.09,-0.01,
12:38:23:775,3.16,-2.33,4.01,-0.03,-0.09,-0.01,
12:38:23:776,3.16,-2.33,4.01,-0.05,0.23,-0.05,
12:38:23:776,0.23,-2.94,2.81,-0.05,0.23,-0.05,
12:38:23:777,0.23,-2.94,2.81,-0.04,0.49,-0.07,
12:38:23:778,0.24,-2.94,2.81,-0.04,0.49,-0.07,
12:38:23:780,0.24,-2.94,2.81,-0.01,0.62,-0.09,
12:38:23:780,-1.99,0.24,5.84,-0.01,0.62,-0.09,
12:38:23:783,-1.99,0.24,5.84,0.03,0.56,-0.09,
12:38:23:784,-1.98,0.24,5.84,0.03,0.56,-0.09,
12:38:23:785,-1.98,0.24,5.84,0.03,0.25,-0.07,
12:38:23:786,-0.35,-0.82,9.07,0.03,0.25,-0.07,
12:38:23:788,-0.35,-0.82,9.07,0.05,-0.17,-0.05,
12:38:23:788,-0.35,-0.82,9.07,0.05,-0.17,-0.05,
12:38:23:790,-0.35,-0.82,9.07,0.06,-0.49,-0.01,
12:38:23:790,-1.07,-3.91,4.17,0.06,-0.49,-0.01,
12:38:23:792,-1.07,-3.91,4.17,0.06,-0.60,0.02,
12:38:23:793,-1.07,-3.91,4.17,0.06,-0.60,0.02,
12:38:23:795,-1.07,-3.91,4.17,0.04,-0.47,0.04,
12:38:23:802,1.29,-2.36,4.32,0.04,-0.47,0.04,
12:38:23:803,1.29,-2.36,4.32,0.03,-0.13,0.05,
12:38:23:804,1.29,-2.36,4.33,0.03,-0.13,0.05,
12:38:23:806,1.29,-2.36,4.33,0.03,0.21,0.02,
12:38:23:807,-0.44,-3.37,1.45,0.03,0.21,0.02,
12:38:23:808,-0.44,-3.37,1.45,0.03,0.40,-0.00,
12:38:23:809,-0.44,-3.37,1.45,0.03,0.40,-0.00,
12:38:23:810,-0.44,-3.37,1.45,0.02,0.47,-0.04,
12:38:23:811,0.25,-1.22,6.14,0.02,0.47,-0.04,
12:38:23:812,0.25,-1.22,6.14,0.01,0.39,-0.06,
12:38:23:813,0.25,-1.22,6.14,0.01,0.39,-0.06,
12:38:23:814,0.25,-1.22,6.14,0.02,0.22,-0.08,
12:38:23:815,-1.57,-2.81,6.17,0.02,0.22,-0.08,
12:38:23:816,-1.57,-2.81,6.17,0.02,-0.02,-0.06,
12:38:23:816,-1.57,-2.81,6.17,0.02,-0.02,-0.06,
12:38:23:817,-1.57,-2.81,6.17,0.03,-0.27,-0.02,
12:38:23:817,-1.00,-2.84,4.34,0.03,-0.27,-0.02,
12:38:23:817,-1.00,-2.84,4.34,0.05,-0.42,0.02,
12:38:23:818,-1.00,-2.84,4.34,0.05,-0.42,0.02,
12:38:23:820,-1.00,-2.84,4.34,0.06,-0.40,0.05,
12:38:23:821,1.39,-0.54,4.05,0.06,-0.40,0.05,
12:38:23:823,1.39,-0.54,4.05,0.06,-0.19,0.06,
12:38:23:823,1.39,-0.54,4.05,0.06,-0.19,0.06,
12:38:23:825,1.39,-0.54,4.05,0.06,0.11,0.04,
12:38:23:825,-0.07,-1.61,1.96,0.06,0.11,0.04,
12:38:23:827,-0.07,-1.61,1.96,0.03,0.34,0.01,
12:38:23:828,-0.07,-1.61,1.97,0.03,0.34,0.01,
12:38:23:830,-0.07,-1.61,1.97,0.01,0.42,-0.02,
12:38:23:830,0.45,-1.71,5.45,0.01,0.42,-0.02,
12:38:23:836,0.45,-1.71,5.45,-0.01,0.31,-0.05,
12:38:23:838,0.46,-1.71,5.45,-0.01,0.31,-0.05,
12:38:23:839,0.46,-1.71,5.45,-0.02,0.11,-0.06,
12:38:23:839,-0.81,-1.95,5.48,-0.02,0.11,-0.06,
12:38:23:840,-0.81,-1.95,5.48,-0.01,-0.11,-0.04,
12:38:23:841,-0.81,-1.95,5.48,-0.01,-0.11,-0.04,
12:38:23:842,-0.81,-1.95,5.48,0.00,-0.23,-0.00,
12:38:23:843,-1.17,-1.19,4.81,0.00,-0.23,-0.00,
12:38:23:843,-1.17,-1.19,4.81,0.03,-0.21,0.04,
12:38:23:844,-1.18,-1.19,4.81,0.03,-0.21,0.04,
12:38:23:845,-1.18,-1.19,4.81,0.04,-0.07,0.07,
12:38:23:846,-0.92,-0.44,4.05,0.04,-0.07,0.07,
12:38:23:848,-0.92,-0.44,4.05,0.05,0.03,0.09,
12:38:23:848,-0.92,-0.44,4.05,0.05,0.03,0.09,
12:38:23:851,-0.92,-0.44,4.05,0.04,0.06,0.08,
12:38:23:852,0.59,-2.24,4.81,0.04,0.06,0.08,
12:38:23:852,0.59,-2.24,4.81,0.02,0.04,0.05,
12:38:23:853,0.59,-2.24,4.82,0.02,0.04,0.05,
12:38:23:855,0.59,-2.24,4.82,-0.00,0.03,0.01,
12:38:23:855,0.14,-2.66,5.16,-0.00,0.03,0.01,
12:38:23:857,0.14,-2.66,5.16,-0.01,0.03,-0.01,
12:38:23:857,0.14,-2.66,5.16,-0.01,0.03,-0.01,
12:38:23:860,0.14,-2.66,5.16,-0.00,0.03,-0.02,
12:38:23:860,-1.31,-3.98,4.57,-0.00,0.03,-0.02,
12:38:23:862,-1.31,-3.98,4.57,0.00,-0.04,-0.00,
12:38:23:863,-1.31,-3.98,4.57,0.00,-0.04,-0.00,
12:38:23:865,-1.31,-3.98,4.57,0.03,-0.15,0.03,
12:38:23:865,-0.30,-2.95,4.11,0.03,-0.15,0.03,
12:38:23:867,-0.30,-2.95,4.11,0.06,-0.19,0.05,
12:38:23:868,-0.30,-2.95,4.11,0.06,-0.19,0.05,
12:38:23:870,-0.30,-2.95,4.11,0.08,-0.12,0.07,
12:38:23:871,0.98,-0.33,4.14,0.08,-0.12,0.07,
12:38:23:872,0.98,-0.33,4.14,0.08,0.03,0.07,
12:38:23:873,0.98,-0.33,4.14,0.08,0.03,0.07,
12:38:23:875,0.98,-0.33,4.14,0.07,0.14,0.04,
12:38:23:875,0.76,-2.34,4.24,0.07,0.14,0.04,
12:38:23:877,0.76,-2.34,4.24,0.05,0.15,0.02,
12:38:23:878,0.76,-2.34,4.24,0.05,0.15,0.02,
12:38:23:880,0.76,-2.34,4.24,0.03,0.09,0.00,
12:38:23:880,-0.66,-4.53,3.84,0.03,0.09,0.00,
12:38:23:883,-0.66,-4.53,3.84,0.02,0.01,-0.01,
12:38:23:884,-0.66,-4.53,3.84,0.02,0.01,-0.01,
12:38:23:885,-0.66,-4.53,3.84,0.01,-0.06,-0.00,
12:38:23:886,0.73,-0.38,5.27,0.01,-0.06,-0.00,
12:38:23:887,0.73,-0.38,5.27,0.01,-0.03,-0.00,
12:38:23:888,0.73,-0.38,5.27,0.01,-0.03,-0.00,
12:38:23:890,0.73,-0.38,5.27,0.00,0.05,0.00,
12:38:23:890,-0.33,-1.10,4.96,0.00,0.05,0.00,
12:38:23:892,-0.33,-1.10,4.96,0.01,0.05,0.01,
12:38:23:893,-0.33,-1.10,4.96,0.01,0.05,0.01,
12:38:23:895,-0.33,-1.10,4.96,0.01,-0.02,0.02,
12:38:23:895,0.04,-2.08,4.61,0.01,-0.02,0.02,
12:38:23:897,0.04,-2.08,4.61,0.00,-0.05,0.03,
12:38:23:898,0.04,-2.08,4.61,0.00,-0.05,0.03,
12:38:23:900,0.04,-2.08,4.61,-0.00,-0.00,0.02,
12:38:23:902,0.14,-0.70,5.42,-0.00,-0.00,0.02,
12:38:23:903,0.14,-0.70,5.42,0.01,0.07,0.01,
12:38:23:904,0.14,-0.70,5.43,0.01,0.07,0.01,
12:38:23:905,0.14,-0.70,5.43,0.03,0.08,0.00,
12:38:23:906,-0.17,0.02,4.85,0.03,0.08,0.00,
12:38:23:909,-0.17,0.02,4.85,0.05,0.02,0.00,
12:38:23:910,-0.17,0.02,4.85,0.05,0.02,0.00,
12:38:23:910,-0.17,0.02,4.85,0.06,-0.04,0.01,
12:38:23:911,0.85,0.79,5.78,0.06,-0.04,0.01,
12:38:23:912,0.85,0.79,5.78,0.07,-0.05,0.01,
12:38:23:913,0.85,0.79,5.78,0.07,-0.05,0.01,
12:38:23:915,0.85,0.79,5.78,0.06,-0.04,0.01,
12:38:23:916,-0.22,-1.55,3.70,0.06,-0.04,0.01,
12:38:23:923,-0.22,-1.55,3.70,0.04,-0.05,0.01,
12:38:23:923,-0.23,-1.55,3.70,0.04,-0.05,0.01,
12:38:23:924,-0.23,-1.55,3.70,0.01,-0.04,0.01,
12:38:23:928,0.35,-2.56,4.63,0.01,-0.04,0.01,
12:38:23:929,0.35,-2.56,4.63,-0.00,0.01,0.00,
12:38:23:929,0.35,-2.56,4.63,-0.00,0.01,0.00,
12:38:23:929,0.35,-2.56,4.63,0.00,0.12,-0.00,
12:38:23:930,-0.91,-0.65,4.52,0.00,0.12,-0.00,
12:38:23:930,-0.91,-0.65,4.52,0.00,0.17,-0.01,
12:38:23:930,-0.91,-0.65,4.52,0.00,0.17,-0.01,
12:38:23:931,-0.91,-0.65,4.52,0.01,0.05,0.00,
12:38:23:931,0.31,-1.60,5.86,0.01,0.05,0.00,
12:38:23:933,0.31,-1.60,5.86,0.03,-0.18,0.02,
12:38:23:934,0.31,-1.60,5.86,0.03,-0.18,0.02,
12:38:23:935,0.31,-1.60,5.86,0.05,-0.32,0.04,
12:38:23:935,0.47,-1.94,3.84,0.05,-0.32,0.04,
12:38:23:937,0.47,-1.94,3.84,0.04,-0.23,0.06,
12:38:23:938,0.46,-1.94,3.84,0.04,-0.23,0.06,
12:38:23:940,0.46,-1.94,3.84,0.02,-0.02,0.05,
12:38:23:940,0.61,-3.05,3.87,0.02,-0.02,0.05,
12:38:23:942,0.61,-3.05,3.87,0.01,0.09,0.03,
12:38:23:942,0.61,-3.05,3.87,0.01,0.09,0.03,
12:38:23:945,0.61,-3.05,3.87,0.02,0.07,0.01,
12:38:23:945,0.42,-3.20,4.08,0.02,0.07,0.01,
12:38:23:948,0.42,-3.20,4.08,0.03,0.10,-0.01,
12:38:23:948,0.42,-3.20,4.08,0.03,0.10,-0.01,
12:38:23:950,0.42,-3.20,4.08,0.05,0.20,-0.03,
12:38:23:951,-1.22,-1.33,4.92,0.05,0.20,-0.03,
12:38:23:952,-1.22,-1.33,4.92,0.05,0.25,-0.03,
12:38:23:953,-1.22,-1.33,4.92,0.05,0.25,-0.03,
12:38:23:955,-1.22,-1.33,4.92,0.07,0.16,-0.01,
12:38:23:955,-0.38,1.39,7.42,0.07,0.16,-0.01,
12:38:23:957,-0.38,1.39,7.42,0.08,-0.02,0.01,
12:38:23:958,-0.38,1.39,7.42,0.08,-0.02,0.01,
12:38:23:960,-0.38,1.39,7.42,0.09,-0.21,0.03,
12:38:23:960,-0.47,-1.65,4.85,0.09,-0.21,0.03,
12:38:23:963,-0.47,-1.65,4.85,0.09,-0.35,0.06,
12:38:23:963,-0.48,-1.65,4.85,0.09,-0.35,0.06,
12:38:23:967,-0.48,-1.65,4.85,0.08,-0.36,0.08,
12:38:23:968,0.51,-1.72,3.24,0.08,-0.36,0.08,
12:38:23:969,0.51,-1.72,3.24,0.06,-0.21,0.08,
12:38:23:969,0.51,-1.72,3.25,0.06,-0.21,0.08,
12:38:23:970,0.51,-1.72,3.25,0.04,0.05,0.05,
12:38:23:971,0.13,-1.25,2.78,0.04,0.05,0.05,
12:38:23:973,0.13,-1.25,2.78,0.04,0.28,0.01,
12:38:23:974,0.13,-1.25,2.78,0.04,0.28,0.01,
12:38:23:975,0.13,-1.25,2.78,0.03,0.36,-0.03,
12:38:23:976,0.17,-0.15,5.11,0.03,0.36,-0.03,
12:38:23:977,0.17,-0.15,5.11,0.01,0.28,-0.06,
12:38:23:978,0.18,-0.15,5.11,0.01,0.28,-0.06,
12:38:23:980,0.18,-0.15,5.11,0.00,0.08,-0.06,
12:38:23:980,-0.03,-1.12,7.01,0.00,0.08,-0.06,
12:38:23:983,-0.03,-1.12,7.01,0.01,-0.13,-0.04,
12:38:23:984,-0.03,-1.12,7.01,0.01,-0.13,-0.04,
12:38:23:985,-0.03,-1.12,7.01,0.03,-0.28,0.00,
12:38:23:986,-0.83,-1.39,4.24,0.03,-0.28,0.00,
12:38:23:988,-0.83,-1.39,4.24,0.05,-0.34,0.05,
12:38:23:988,-0.83,-1.39,4.25,0.05,-0.34,0.05,
12:38:23:990,-0.83,-1.39,4.25,0.05,-0.29,0.08,
12:38:23:991,1.33,-1.20,4.18,0.05,-0.29,0.08,
12:38:23:992,1.33,-1.20,4.18,0.05,-0.15,0.08,
12:38:23:993,1.33,-1.20,4.18,0.05,-0.15,0.08,
12:38:23:995,1.33,-1.20,4.18,0.05,0.05,0.05,
12:38:23:995,1.08,-1.15,3.05,0.05,0.05,0.05,
12:38:23:998,1.08,-1.15,3.05,0.06,0.21,0.01,
12:38:23:998,1.08,-1.15,3.05,0.06,0.21,0.01,
12:38:24:000,1.08,-1.15,3.05,0.05,0.27,-0.03,
12:38:24:001,0.99,-1.50,5.31,0.05,0.27,-0.03,
12:38:24:004,0.99,-1.50,5.31,0.04,0.19,-0.05,
12:38:24:005,0.99,-1.50,5.31,0.04,0.19,-0.05,
12:38:24:006,0.99,-1.50,5.31,0.05,0.02,-0.06,
12:38:24:007,0.09,-0.90,5.25,0.05,0.02,-0.06,
12:38:24:008,0.09,-0.90,5.25,0.06,-0.13,-0.03,
12:38:24:009,0.09,-0.90,5.25,0.06,-0.13,-0.03,
12:38:24:010,0.09,-0.90,5.25,0.07,-0.16,0.00,
12:38:24:011,-1.15,-1.15,3.92,0.07,-0.16,0.00,
12:38:24:012,-1.15,-1.15,3.92,0.08,-0.10,0.03,
12:38:24:013,-1.15,-1.15,3.92,0.08,-0.10,0.03,
12:38:24:015,-1.15,-1.15,3.92,0.08,-0.07,0.06,
12:38:24:016,0.20,-1.22,3.73,0.08,-0.07,0.06,
12:38:24:023,0.20,-1.22,3.73,0.08,-0.08,0.07,
12:38:24:023,0.20,-1.22,3.73,0.08,-0.08,0.07,
12:38:24:024,0.20,-1.22,3.73,0.07,-0.03,0.06,
12:38:24:024,0.68,-0.66,3.94,0.07,-0.03,0.06,
12:38:24:026,0.68,-0.66,3.94,0.05,0.08,0.03,
12:38:24:027,0.68,-0.66,3.94,0.05,0.08,0.03,
12:38:24:028,0.68,-0.66,3.94,0.03,0.13,-0.01,
12:38:24:029,0.68,-1.33,4.58,0.03,0.13,-0.01,
12:38:24:029,0.68,-1.33,4.58,0.02,0.05,-0.03,
12:38:24:030,0.69,-1.33,4.58,0.02,0.05,-0.03,
12:38:24:030,0.69,-1.33,4.58,0.03,-0.05,-0.03,
12:38:24:031,-0.36,-2.06,3.69,0.03,-0.05,-0.03,
12:38:24:032,-0.36,-2.06,3.69,0.03,-0.11,-0.02,
12:38:24:033,-0.36,-2.06,3.70,0.03,-0.11,-0.02,
12:38:24:035,-0.36,-2.06,3.70,0.02,-0.06,-0.01,
12:38:24:036,-0.39,-1.10,4.47,0.02,-0.06,-0.01,
12:38:24:037,-0.39,-1.10,4.47,0.01,0.06,0.02,
12:38:24:038,-0.39,-1.10,4.47,0.01,0.06,0.02,
12:38:24:040,-0.39,-1.10,4.47,0.02,0.12,0.03,
12:38:24:040,0.02,-0.17,5.52,0.02,0.12,0.03,
12:38:24:042,0.02,-0.17,5.52,0.02,0.08,0.03,
12:38:24:043,0.02,-0.17,5.52,0.02,0.08,0.03,
12:38:24:045,0.02,-0.17,5.52,0.04,-0.01,0.03,
12:38:24:050,-0.01,-0.78,5.63,0.04,-0.01,0.03,
12:38:24:051,-0.01,-0.78,5.63,0.06,-0.13,0.02,
12:38:24:051,-0.01,-0.78,5.63,0.06,-0.13,0.02,
12:38:24:052,-0.01,-0.78,5.63,0.07,-0.23,0.03,
12:38:24:052,0.65,-1.48,4.23,0.07,-0.23,0.03,
12:38:24:053,0.65,-1.48,4.23,0.07,-0.23,0.05,
12:38:24:053,0.65,-1.48,4.23,0.07,-0.23,0.05,
12:38:24:055,0.65,-1.48,4.23,0.07,-0.10,0.05,
12:38:24:055,0.01,-1.81,2.83,0.07,-0.10,0.05,
12:38:24:057,0.01,-1.81,2.83,0.07,0.04,0.04,
12:38:24:058,0.01,-1.81,2.83,0.07,0.04,0.04,
12:38:24:060,0.01,-1.81,2.83,0.05,0.12,0.02,
12:38:24:060,0.81,-1.94,4.12,0.05,0.12,0.02,
12:38:24:062,0.81,-1.94,4.12,0.03,0.18,-0.00,
12:38:24:063,0.81,-1.94,4.12,0.03,0.18,-0.00,
12:38:24:065,0.81,-1.94,4.12,0.03,0.22,-0.03,
12:38:24:066,-0.66,-0.98,4.95,0.03,0.22,-0.03,
12:38:24:068,-0.66,-0.98,4.95,0.02,0.15,-0.03,
12:38:24:069,-0.65,-0.98,4.95,0.02,0.15,-0.03,
12:38:24:071,-0.65,-0.98,4.95,0.02,-0.06,-0.01,
12:38:24:072,0.34,-1.84,5.59,0.02,-0.06,-0.01,
12:38:24:073,0.34,-1.84,5.59,0.03,-0.31,0.02,
12:38:24:074,0.34,-1.84,5.59,0.03,-0.31,0.02,
12:38:24:075,0.34,-1.84,5.59,0.05,-0.44,0.05,
12:38:24:076,0.66,-1.97,2.58,0.05,-0.44,0.05,
12:38:24:077,0.66,-1.97,2.58,0.06,-0.38,0.07,
12:38:24:078,0.66,-1.97,2.58,0.06,-0.38,0.07,
12:38:24:081,0.66,-1.97,2.58,0.06,-0.12,0.07,
12:38:24:082,0.57,-0.99,2.12,0.06,-0.12,0.07,
12:38:24:083,0.57,-0.99,2.12,0.06,0.16,0.05,
12:38:24:083,0.57,-0.99,2.12,0.06,0.16,0.05,
12:38:24:086,0.57,-0.99,2.12,0.04,0.28,0.03,
12:38:24:088,0.94,-2.40,3.10,0.04,0.28,0.03,
12:38:24:089,0.94,-2.40,3.10,0.03,0.26,-0.00,
12:38:24:089,0.94,-2.40,3.10,0.03,0.26,-0.00,
12:38:24:090,0.94,-2.40,3.10,0.01,0.18,-0.03,
12:38:24:090,0.05,-1.91,4.73,0.01,0.18,-0.03,
12:38:24:092,0.05,-1.91,4.73,0.01,0.06,-0.04,
12:38:24:092,0.05,-1.91,4.73,0.01,0.06,-0.04,
12:38:24:095,0.05,-1.91,4.73,0.01,-0.07,-0.01,
12:38:24:095,-1.06,-2.38,4.28,0.01,-0.07,-0.01,
12:38:24:097,-1.06,-2.38,4.28,0.01,-0.21,0.03,
12:38:24:098,-1.06,-2.38,4.28,0.01,-0.21,0.03,
12:38:24:100,-1.06,-2.38,4.28,0.04,-0.29,0.08,
12:38:24:100,-0.53,-1.47,2.38,0.04,-0.29,0.08,
12:38:24:102,-0.53,-1.47,2.38,0.05,-0.25,0.11,
12:38:24:104,-0.53,-1.47,2.39,0.05,-0.25,0.11,
12:38:24:105,-0.53,-1.47,2.39,0.05,-0.09,0.12,
12:38:24:105,0.66,-0.87,3.31,0.05,-0.09,0.12,
12:38:24:107,0.66,-0.87,3.31,0.03,0.10,0.09,
12:38:24:108,0.66,-0.87,3.31,0.03,0.10,0.09,
12:38:24:110,0.66,-0.87,3.31,0.01,0.17,0.06,
12:38:24:110,0.74,-2.81,3.59,0.01,0.17,0.06,
12:38:24:112,0.74,-2.81,3.59,-0.00,0.11,0.03,
12:38:24:113,0.74,-2.81,3.59,-0.00,0.11,0.03,
12:38:24:115,0.74,-2.81,3.59,-0.01,0.03,0.00,
12:38:24:115,-0.01,-2.27,4.53,-0.01,0.03,0.00,
12:38:24:121,-0.01,-2.27,4.53,-0.01,-0.05,-0.00,
12:38:24:121,-0.01,-2.27,4.53,-0.01,-0.05,-0.00,
12:38:24:122,-0.01,-2.27,4.53,-0.01,-0.12,0.02,
12:38:24:122,-0.49,-2.40,3.69,-0.01,-0.12,0.02,
12:38:24:122,-0.49,-2.40,3.69,0.01,-0.16,0.04,
12:38:24:123,-0.49,-2.40,3.69,0.01,-0.16,0.04,
12:38:24:125,-0.49,-2.40,3.69,0.03,-0.12,0.07,
12:38:24:126,-0.24,-0.79,3.60,0.03,-0.12,0.07,
12:38:24:127,-0.24,-0.79,3.60,0.03,-0.04,0.09,
12:38:24:128,-0.25,-0.79,3.60,0.03,-0.04,0.09,
12:38:24:130,-0.25,-0.79,3.60,0.02,-0.01,0.09,
12:38:24:130,0.79,-3.13,3.52,0.02,-0.01,0.09,
12:38:24:132,0.79,-3.13,3.52,-0.00,-0.03,0.08,
12:38:24:133,0.78,-3.13,3.52,-0.00,-0.03,0.08,
12:38:24:135,0.78,-3.13,3.52,-0.02,-0.05,0.06,
12:38:24:136,1.27,-1.74,4.20,-0.02,-0.05,0.06,
12:38:24:138,1.27,-1.74,4.20,-0.02,-0.02,0.04,
12:38:24:138,1.27,-1.74,4.20,-0.02,-0.02,0.04,
12:38:24:140,1.27,-1.74,4.20,-0.02,0.06,0.02,
12:38:24:140,-0.40,-1.96,3.78,-0.02,0.06,0.02,
12:38:24:143,-0.40,-1.96,3.78,-0.01,0.09,0.01,
12:38:24:143,-0.40,-1.96,3.78,-0.01,0.09,0.01,
12:38:24:145,-0.40,-1.96,3.78,-0.01,0.01,0.02,
12:38:24:145,0.25,-1.66,4.44,-0.01,0.01,0.02,
12:38:24:148,0.25,-1.66,4.44,0.01,-0.12,0.04,
12:38:24:148,0.25,-1.66,4.44,0.01,-0.12,0.04,
12:38:24:150,0.25,-1.66,4.44,0.00,-0.16,0.06,
12:38:24:151,0.31,-1.99,4.02,0.00,-0.16,0.06,
12:38:24:152,0.31,-1.99,4.02,-0.01,-0.09,0.07,
12:38:24:153,0.31,-1.99,4.02,-0.01,-0.09,0.07,
12:38:24:155,0.31,-1.99,4.02,-0.01,-0.02,0.07,
12:38:24:155,1.07,-0.69,4.09,-0.01,-0.02,0.07,
12:38:24:157,1.07,-0.69,4.09,0.00,-0.03,0.06,
12:38:24:158,1.07,-0.69,4.09,0.00,-0.03,0.06,
12:38:24:160,1.07,-0.69,4.09,0.02,-0.03,0.05,
12:38:24:160,0.98,-0.41,3.60,0.02,-0.03,0.05,
12:38:24:162,0.98,-0.41,3.60,0.03,-0.03,0.04,
12:38:24:163,0.97,-0.41,3.60,0.03,-0.03,0.04,
12:38:24:165,0.97,-0.41,3.60,0.02,-0.03,0.02,
12:38:24:165,0.73,-1.23,3.07,0.02,-0.03,0.02,
12:38:24:168,0.73,-1.23,3.07,0.01,-0.02,0.02,
12:38:24:169,0.73,-1.23,3.07,0.01,-0.02,0.02,
12:38:24:171,0.73,-1.23,3.07,-0.00,-0.01,0.02,
12:38:24:177,0.32,-1.55,3.15,-0.00,-0.01,0.02,
12:38:24:178,0.32,-1.55,3.15,-0.02,-0.01,0.02,
12:38:24:178,0.32,-1.55,3.15,-0.02,-0.01,0.02,
12:38:24:179,0.32,-1.55,3.15,-0.03,-0.06,0.02,
12:38:24:179,0.71,-2.64,2.99,-0.03,-0.06,0.02,
12:38:24:180,0.71,-2.64,2.99,-0.04,-0.10,0.03,
12:38:24:180,0.71,-2.64,2.99,-0.04,-0.10,0.03,
12:38:24:181,0.71,-2.64,2.99,-0.05,-0.07,0.04,
12:38:24:182,0.93,-1.39,3.52,-0.05,-0.07,0.04,
12:38:24:183,0.93,-1.39,3.52,-0.06,-0.01,0.04,
12:38:24:184,0.93,-1.39,3.51,-0.06,-0.01,0.04,
12:38:24:185,0.93,-1.39,3.51,-0.05,0.02,0.04,
12:38:24:186,0.52,-2.07,3.49,-0.05,0.02,0.04,
12:38:24:188,0.52,-2.07,3.49,-0.04,0.01,0.03,
12:38:24:188,0.52,-2.07,3.49,-0.04,0.01,0.03,
12:38:24:190,0.52,-2.07,3.49,-0.02,-0.02,0.03,
12:38:24:190,0.47,-1.51,3.55,-0.02,-0.02,0.03,
12:38:24:192,0.47,-1.51,3.55,-0.01,-0.06,0.02,
12:38:24:193,0.47,-1.51,3.55,-0.01,-0.06,0.02,
12:38:24:195,0.47,-1.51,3.55,-0.01,-0.06,0.02,
12:38:24:195,0.50,-3.09,3.51,-0.01,-0.06,0.02,
12:38:24:197,0.50,-3.09,3.51,-0.02,-0.04,0.02,
12:38:24:198,0.50,-3.09,3.51,-0.02,-0.04,0.02,
12:38:24:200,0.50,-3.09,3.51,-0.02,-0.01,0.02,
12:38:24:200,0.59,-1.70,4.08,-0.02,-0.01,0.02,
12:38:24:202,0.59,-1.70,4.08,-0.03,0.04,0.02,
12:38:24:203,0.59,-1.70,4.08,-0.03,0.04,0.02,
12:38:24:205,0.59,-1.70,4.08,-0.02,0.06,0.02,
12:38:24:205,0.50,-1.70,4.40,-0.02,0.06,0.02,
12:38:24:208,0.50,-1.70,4.40,-0.01,0.01,0.02,
12:38:24:209,0.50,-1.70,4.39,-0.01,0.01,0.02,
12:38:24:210,0.50,-1.70,4.39,-0.00,-0.07,0.02,
12:38:24:210,0.66,-1.43,4.59,-0.00,-0.07,0.02,
12:38:24:212,0.66,-1.43,4.59,-0.00,-0.13,0.02,
12:38:24:213,0.66,-1.43,4.59,-0.00,-0.13,0.02,
12:38:24:215,0.66,-1.43,4.59,-0.01,-0.10,0.03,
12:38:24:216,0.14,-2.80,3.35,-0.01,-0.10,0.03,
12:38:24:223,0.14,-2.80,3.35,-0.01,-0.03,0.03,
12:38:24:223,0.14,-2.80,3.35,-0.01,-0.03,0.03,
12:38:24:224,0.14,-2.80,3.35,-0.01,0.04,0.01,
12:38:24:224,0.44,-1.78,3.92,-0.01,0.04,0.01,
12:38:24:225,0.44,-1.78,3.92,-0.01,0.07,0.00,
12:38:24:225,0.44,-1.78,3.92,-0.01,0.07,0.00,
12:38:24:225,0.44,-1.78,3.92,-0.00,0.08,-0.00,
12:38:24:226,0.20,-0.39,4.38,-0.00,0.08,-0.00,
12:38:24:228,0.20,-0.39,4.38,0.00,0.10,-0.01,
12:38:24:229,0.20,-0.39,4.38,0.00,0.10,-0.01,
12:38:24:230,0.20,-0.39,4.38,-0.00,0.04,0.00,
12:38:24:230,0.73,-1.11,5.66,-0.00,0.04,0.00,
12:38:24:232,0.73,-1.11,5.66,-0.01,-0.10,0.01,
12:38:24:233,0.73,-1.11,5.66,-0.01,-0.10,0.01,
12:38:24:236,0.73,-1.11,5.66,-0.00,-0.22,0.02,
12:38:24:237,0.32,-3.16,3.81,-0.00,-0.22,0.02,
12:38:24:237,0.32,-3.16,3.81,-0.00,-0.23,0.03,
12:38:24:238,0.31,-3.16,3.81,-0.00,-0.23,0.03,
12:38:24:240,0.31,-3.16,3.81,-0.01,-0.13,0.03,
12:38:24:240,1.55,-0.80,3.89,-0.01,-0.13,0.03,
12:38:24:242,1.55,-0.80,3.89,-0.01,0.01,0.02,
12:38:24:243,1.55,-0.80,3.89,-0.01,0.01,0.02,
12:38:24:245,1.55,-0.80,3.89,0.01,0.08,0.00,
12:38:24:245,2.60,0.92,4.13,0.01,0.08,0.00,
12:38:24:247,2.60,0.92,4.13,0.02,0.09,-0.02,
12:38:24:248,2.60,0.92,4.13,0.02,0.09,-0.02,
12:38:24:250,2.60,0.92,4.13,0.03,0.08,-0.05,
12:38:24:250,0.60,-2.01,3.51,0.03,0.08,-0.05,
12:38:24:253,0.60,-2.01,3.51,0.03,0.05,-0.05,
12:38:24:254,0.60,-2.01,3.51,0.03,0.05,-0.05,
12:38:24:255,0.60,-2.01,3.51,0.01,0.01,-0.05,
12:38:24:255,0.37,-1.54,4.48,0.01,0.01,-0.05,
12:38:24:257,0.37,-1.54,4.48,0.01,0.01,-0.04,
12:38:24:258,0.37,-1.54,4.48,0.01,0.01,-0.04,
12:38:24:260,0.37,-1.54,4.48,0.01,0.00,-0.02,
12:38:24:260,-0.05,-0.95,3.97,0.01,0.00,-0.02,
12:38:24:262,-0.05,-0.95,3.97,0.02,-0.08,0.00,
12:38:24:263,-0.05,-0.95,3.97,0.02,-0.08,0.00,
12:38:24:265,-0.05,-0.95,3.97,0.03,-0.17,0.02,
12:38:24:265,0.54,-2.48,3.06,0.03,-0.17,0.02,
12:38:24:268,0.54,-2.48,3.06,0.01,-0.18,0.04,
12:38:24:269,0.53,-2.48,3.06,0.01,-0.18,0.04,
12:38:24:270,0.53,-2.48,3.06,-0.00,-0.10,0.03,
12:38:24:271,1.60,-1.37,3.57,-0.00,-0.10,0.03,
12:38:24:272,1.60,-1.37,3.57,-0.01,-0.00,0.02,
12:38:24:273,1.59,-1.37,3.57,-0.01,-0.00,0.02,
12:38:24:275,1.59,-1.37,3.57,-0.00,0.05,0.01,
12:38:24:276,2.04,-0.56,3.68,-0.00,0.05,0.01,
12:38:24:277,2.04,-0.56,3.68,0.00,0.06,-0.02,
12:38:24:278,2.05,-0.56,3.68,0.00,0.06,-0.02,
12:38:24:280,2.05,-0.56,3.68,-0.01,0.10,-0.04,
12:38:24:280,0.26,-2.74,3.97,-0.01,0.10,-0.04,
12:38:24:283,0.26,-2.74,3.97,-0.02,0.14,-0.05,
12:38:24:284,0.26,-2.74,3.97,-0.02,0.14,-0.05,
12:38:24:285,0.26,-2.74,3.97,-0.01,0.15,-0.05,
12:38:24:286,-1.52,-1.81,4.21,-0.01,0.15,-0.05,
12:38:24:288,-1.52,-1.81,4.21,0.01,0.10,-0.03,
12:38:24:288,-1.52,-1.81,4.21,0.01,0.10,-0.03,
12:38:24:290,-1.52,-1.81,4.21,0.01,-0.03,-0.01,
12:38:24:290,0.58,-0.20,6.52,0.01,-0.03,-0.01,
12:38:24:292,0.58,-0.20,6.52,0.02,-0.16,0.02,
12:38:24:293,0.58,-0.20,6.52,0.02,-0.16,0.02,
12:38:24:295,0.58,-0.20,6.52,0.03,-0.23,0.04,
12:38:24:302,0.62,-0.75,4.51,0.03,-0.23,0.04,
12:38:24:303,0.62,-0.75,4.51,0.04,-0.20,0.04,
12:38:24:303,0.62,-0.75,4.51,0.04,-0.20,0.04,
12:38:24:304,0.62,-0.75,4.51,0.04,-0.11,0.04,
12:38:24:305,0.60,-2.18,3.01,0.04,-0.11,0.04,
12:38:24:306,0.60,-2.18,3.01,0.03,-0.01,0.02,
12:38:24:307,0.60,-2.18,3.01,0.03,-0.01,0.02,
12:38:24:308,0.60,-2.18,3.01,0.02,0.07,-0.01,
12:38:24:309,1.23,-1.74,3.88,0.02,0.07,-0.01,
12:38:24:310,1.23,-1.74,3.88,0.01,0.13,-0.04,
12:38:24:311,1.23,-1.74,3.88,0.01,0.13,-0.04,
12:38:24:311,1.23,-1.74,3.88,0.01,0.17,-0.07,
12:38:24:312,-0.12,-1.88,4.52,0.01,0.17,-0.07,
12:38:24:312,-0.12,-1.88,4.52,0.01,0.16,-0.07,
12:38:24:313,-0.11,-1.88,4.52,0.01,0.16,-0.07,
12:38:24:315,-0.11,-1.88,4.52,0.01,0.03,-0.06,
12:38:24:315,0.66,-0.82,5.89,0.01,0.03,-0.06,
12:38:24:320,0.66,-0.82,5.89,0.02,-0.13,-0.02,
12:38:24:321,0.66,-0.82,5.89,0.02,-0.13,-0.02,
12:38:24:321,0.66,-0.82,5.89,0.02,-0.21,0.02,
12:38:24:321,0.39,-1.12,4.70,0.02,-0.21,0.02,
12:38:24:323,0.39,-1.12,4.70,0.03,-0.17,0.04,
12:38:24:324,0.39,-1.12,4.70,0.03,-0.17,0.04,
12:38:24:325,0.39,-1.12,4.70,0.04,-0.08,0.05,
12:38:24:326,1.12,-0.80,3.98,0.04,-0.08,0.05,
12:38:24:327,1.12,-0.80,3.98,0.05,-0.03,0.04,
12:38:24:327,1.12,-0.80,3.98,0.05,-0.03,0.04,
12:38:24:330,1.12,-0.80,3.98,0.05,-0.00,0.02,
12:38:24:330,1.76,-1.10,3.83,0.05,-0.00,0.02,
12:38:24:333,1.76,-1.10,3.83,0.06,0.03,-0.01,
12:38:24:334,1.76,-1.10,3.84,0.06,0.03,-0.01,
12:38:24:335,1.76,-1.10,3.84,0.05,0.03,-0.04,
12:38:24:336,1.83,-1.70,3.77,0.05,0.03,-0.04,
12:38:24:337,1.83,-1.70,3.77,0.05,-0.05,-0.05,
12:38:24:338,1.83,-1.70,3.77,0.05,-0.05,-0.05,
12:38:24:340,1.83,-1.70,3.77,0.05,-0.07,-0.05,
12:38:24:340,1.90,-0.29,4.19,0.05,-0.07,-0.05,
12:38:24:342,1.90,-0.29,4.19,0.04,0.00,-0.04,
12:38:24:343,1.90,-0.29,4.19,0.04,0.00,-0.04,
12:38:24:345,1.90,-0.29,4.19,0.04,0.09,-0.04,
12:38:24:345,-0.15,-1.98,2.29,0.04,0.09,-0.04,
12:38:24:347,-0.15,-1.98,2.29,0.05,0.09,-0.04,
12:38:24:348,-0.15,-1.98,2.29,0.05,0.09,-0.04,
12:38:24:350,-0.15,-1.98,2.29,0.04,-0.00,-0.03,
12:38:24:351,0.39,-2.41,3.60,0.04,-0.00,-0.03,
12:38:24:353,0.39,-2.41,3.60,0.03,-0.05,-0.02,
12:38:24:353,0.39,-2.41,3.60,0.03,-0.05,-0.02,
12:38:24:355,0.39,-2.41,3.60,0.01,0.01,-0.02,
12:38:24:355,0.23,-1.73,3.75,0.01,0.01,-0.02,
12:38:24:357,0.23,-1.73,3.75,0.01,0.05,-0.02,
12:38:24:358,0.23,-1.73,3.75,0.01,0.05,-0.02,
12:38:24:360,0.23,-1.73,3.75,0.02,-0.03,-0.01,
12:38:24:363,1.39,-0.36,4.16,0.02,-0.03,-0.01,
12:38:24:363,1.39,-0.36,4.16,0.03,-0.15,0.00,
12:38:24:364,1.39,-0.36,4.16,0.03,-0.15,0.00,
12:38:24:365,1.39,-0.36,4.16,0.02,-0.20,0.00,
12:38:24:366,1.41,-2.41,2.80,0.02,-0.20,0.00,
12:38:24:367,1.41,-2.41,2.80,0.01,-0.10,-0.01,
12:38:24:369,1.41,-2.41,2.80,0.01,-0.10,-0.01,
12:38:24:371,1.41,-2.41,2.80,-0.00,0.09,-0.03,
12:38:24:371,0.07,-2.81,2.93,-0.00,0.09,-0.03,
12:38:24:372,0.07,-2.81,2.93,-0.01,0.20,-0.04,
12:38:24:373,0.07,-2.81,2.93,-0.01,0.20,-0.04,
12:38:24:375,0.07,-2.81,2.93,-0.00,0.17,-0.04,
12:38:24:375,1.84,-0.60,5.39,-0.00,0.17,-0.04,
12:38:24:377,1.84,-0.60,5.39,-0.00,0.06,-0.05,
12:38:24:378,1.84,-0.60,5.39,-0.00,0.06,-0.05,
12:38:24:380,1.84,-0.60,5.39,0.01,-0.00,-0.06,
12:38:24:380,0.21,-1.43,4.77,0.01,-0.00,-0.06,
12:38:24:383,0.21,-1.43,4.77,0.02,-0.02,-0.06,
12:38:24:384,0.21,-1.43,4.77,0.02,-0.02,-0.06,
12:38:24:385,0.21,-1.43,4.77,0.04,-0.04,-0.04,
12:38:24:387,-0.03,-1.01,4.17,0.04,-0.04,-0.04,
12:38:24:388,-0.03,-1.01,4.17,0.04,-0.05,-0.03,
12:38:24:388,-0.03,-1.01,4.18,0.04,-0.05,-0.03,
12:38:24:390,-0.03,-1.01,4.18,0.03,-0.00,-0.01,
12:38:24:391,0.36,-1.62,4.71,0.03,-0.00,-0.01,
12:38:24:392,0.36,-1.62,4.71,0.02,0.03,-0.01,
12:38:24:393,0.36,-1.62,4.71,0.02,0.03,-0.01,
12:38:24:395,0.36,-1.62,4.71,0.01,-0.01,-0.02,
12:38:24:396,1.17,-2.07,4.71,0.01,-0.01,-0.02,
12:38:24:397,1.17,-2.07,4.71,0.01,-0.06,-0.03,
12:38:24:398,1.17,-2.07,4.71,0.01,-0.06,-0.03,
12:38:24:401,1.17,-2.07,4.71,0.02,-0.03,-0.04,
12:38:24:402,0.51,-1.42,4.11,0.02,-0.03,-0.04,
12:38:24:403,0.51,-1.42,4.11,0.02,0.03,-0.05,
12:38:24:404,0.52,-1.42,4.11,0.02,0.03,-0.05,
12:38:24:406,0.52,-1.42,4.11,0.03,0.03,-0.05,
12:38:24:406,1.08,-1.22,4.21,0.03,0.03,-0.05,
12:38:24:408,1.08,-1.22,4.21,0.04,-0.04,-0.04,
12:38:24:409,1.08,-1.22,4.21,0.04,-0.04,-0.04,
12:38:24:410,1.08,-1.22,4.21,0.05,-0.12,-0.02,
12:38:24:411,1.83,-1.22,3.60,0.05,-0.12,-0.02,
12:38:24:412,1.83,-1.22,3.60,0.04,-0.12,-0.02,
12:38:24:413,1.83,-1.22,3.60,0.04,-0.12,-0.02,
12:38:24:415,1.83,-1.22,3.60,0.03,-0.02,-0.02,
12:38:24:416,1.59,-1.65,3.20,0.03,-0.02,-0.02,
12:38:24:423,1.59,-1.65,3.20,0.03,0.07,-0.04,
12:38:24:423,1.60,-1.65,3.20,0.03,0.07,-0.04,
12:38:24:424,1.60,-1.65,3.20,0.02,0.10,-0.06,
12:38:24:429,1.26,-2.59,3.26,0.02,0.10,-0.06,
12:38:24:429,1.26,-2.59,3.26,0.01,0.07,-0.07,
12:38:24:430,1.26,-2.59,3.26,0.01,0.07,-0.07,
12:38:24:430,1.26,-2.59,3.26,0.01,0.04,-0.07,
12:38:24:430,0.92,-1.68,3.41,0.01,0.04,-0.07,
12:38:24:431,0.92,-1.68,3.41,0.01,-0.00,-0.07,
12:38:24:431,0.92,-1.68,3.41,0.01,-0.00,-0.07,
12:38:24:431,0.92,-1.68,3.41,0.02,-0.05,-0.06,
12:38:24:432,1.03,-1.37,3.56,0.02,-0.05,-0.06,
12:38:24:434,1.03,-1.37,3.56,0.02,-0.05,-0.04,
12:38:24:436,1.03,-1.37,3.56,0.02,-0.05,-0.04,
12:38:24:437,1.03,-1.37,3.56,0.02,0.03,-0.03,
12:38:24:438,0.39,-0.93,3.15,0.02,0.03,-0.03,
12:38:24:438,0.39,-0.93,3.15,0.01,0.09,-0.04,
12:38:24:439,0.40,-0.93,3.15,0.01,0.09,-0.04,
12:38:24:440,0.40,-0.93,3.15,0.00,0.08,-0.04,
12:38:24:440,0.76,-2.33,4.00,0.00,0.08,-0.04,
12:38:24:442,0.76,-2.33,4.00,-0.00,0.01,-0.04,
12:38:24:443,0.77,-2.33,4.00,-0.00,0.01,-0.04,
12:38:24:445,0.77,-2.33,4.00,0.00,-0.07,-0.05,
12:38:24:446,0.45,-1.84,2.81,0.00,-0.07,-0.05,
12:38:24:448,0.45,-1.84,2.81,0.01,-0.09,-0.05,
12:38:24:448,0.45,-1.84,2.81,0.01,-0.09,-0.05,
12:38:24:450,0.45,-1.84,2.81,-0.01,-0.02,-0.04,
12:38:24:451,0.97,-1.20,4.50,-0.01,-0.02,-0.04,
12:38:24:452,0.97,-1.20,4.50,-0.03,0.09,-0.04,
12:38:24:453,0.97,-1.20,4.50,-0.03,0.09,-0.04,
12:38:24:455,0.97,-1.20,4.50,-0.03,0.10,-0.03,
12:38:24:455,0.24,-2.73,3.33,-0.03,0.10,-0.03,
12:38:24:458,0.24,-2.73,3.33,-0.01,0.00,-0.04,
12:38:24:458,0.24,-2.73,3.33,-0.01,0.00,-0.04,
12:38:24:460,0.24,-2.73,3.33,0.00,-0.10,-0.03,
12:38:24:460,1.10,-2.02,4.40,0.00,-0.10,-0.03,
12:38:24:462,1.10,-2.02,4.40,0.00,-0.09,-0.03,
12:38:24:463,1.10,-2.02,4.40,0.00,-0.09,-0.03,
12:38:24:466,1.10,-2.02,4.40,0.00,0.05,-0.04,
12:38:24:467,-0.23,-0.77,3.74,0.00,0.05,-0.04,
12:38:24:468,-0.23,-0.77,3.74,0.01,0.18,-0.05,
12:38:24:468,-0.23,-0.77,3.74,0.01,0.18,-0.05,
12:38:24:470,-0.23,-0.77,3.74,0.01,0.18,-0.05,
12:38:24:471,-0.03,-1.82,4.68,0.01,0.18,-0.05,
12:38:24:472,-0.03,-1.82,4.68,0.01,0.01,-0.05,
12:38:24:473,-0.02,-1.82,4.68,0.01,0.01,-0.05,
12:38:24:475,-0.02,-1.82,4.68,0.01,-0.23,-0.04,
12:38:24:476,1.62,-2.87,3.76,0.01,-0.23,-0.04,
12:38:24:477,1.62,-2.87,3.76,0.01,-0.36,-0.02,
12:38:24:478,1.62,-2.87,3.76,0.01,-0.36,-0.02,
12:38:24:480,1.62,-2.87,3.76,0.00,-0.27,-0.02,
12:38:24:480,0.89,-3.00,2.28,0.00,-0.27,-0.02,
12:38:24:483,0.89,-3.00,2.28,-0.02,0.00,-0.02,
12:38:24:483,0.89,-3.00,2.28,-0.02,0.00,-0.02,
12:38:24:485,0.89,-3.00,2.28,-0.03,0.24,-0.03,
12:38:24:486,0.13,-2.92,2.77,-0.03,0.24,-0.03,
12:38:24:488,0.13,-2.92,2.77,-0.03,0.32,-0.04,
12:38:24:488,0.13,-2.92,2.77,-0.03,0.32,-0.04,
12:38:24:490,0.13,-2.92,2.77,-0.02,0.25,-0.06,
12:38:24:491,0.83,-1.71,4.85,-0.02,0.25,-0.06,
12:38:24:492,0.83,-1.71,4.85,-0.01,0.09,-0.06,
12:38:24:493,0.83,-1.71,4.85,-0.01,0.09,-0.06,
12:38:24:495,0.83,-1.71,4.85,-0.00,-0.10,-0.06,
12:38:24:496,1.44,-0.84,5.40,-0.00,-0.10,-0.06,
12:38:24:498,1.44,-0.84,5.40,0.01,-0.23,-0.04,
12:38:24:499,1.44,-0.84,5.40,0.01,-0.23,-0.04,
12:38:24:500,1.44,-0.84,5.40,0.01,-0.28,-0.02,
12:38:24:502,1.26,-1.91,2.62,0.01,-0.28,-0.02,
12:38:24:504,1.26,-1.91,2.62,0.01,-0.23,-0.01,
12:38:24:505,1.26,-1.91,2.62,0.01,-0.23,-0.01,
12:38:24:506,1.26,-1.91,2.62,-0.00,-0.11,-0.01,
12:38:24:506,1.68,-3.45,1.76,-0.00,-0.11,-0.01,
12:38:24:507,1.68,-3.45,1.76,-0.01,0.02,-0.03,
12:38:24:508,1.68,-3.45,1.76,-0.01,0.02,-0.03,
12:38:24:510,1.68,-3.45,1.76,-0.01,0.13,-0.05,
12:38:24:511,2.04,-1.45,2.56,-0.01,0.13,-0.05,
12:38:24:512,2.04,-1.45,2.56,-0.02,0.19,-0.07,
12:38:24:513,2.04,-1.45,2.56,-0.02,0.19,-0.07,
12:38:24:515,2.04,-1.45,2.56,-0.02,0.24,-0.09,
12:38:24:516,1.22,-1.14,3.65,-0.02,0.24,-0.09,
12:38:24:523,1.22,-1.14,3.65,-0.04,0.24,-0.11,
12:38:24:523,1.22,-1.14,3.65,-0.04,0.24,-0.11,
12:38:24:524,1.22,-1.14,3.65,-0.04,0.14,-0.10,
12:38:24:524,0.05,-2.02,4.15,-0.04,0.14,-0.10,
12:38:24:525,0.05,-2.02,4.15,-0.04,-0.04,-0.08,
12:38:24:525,0.05,-2.02,4.15,-0.04,-0.04,-0.08,
12:38:24:525,0.05,-2.02,4.15,-0.05,-0.19,-0.04,
12:38:24:526,0.71,-2.25,3.84,-0.05,-0.19,-0.04,
12:38:24:528,0.71,-2.25,3.84,-0.05,-0.23,-0.01,
12:38:24:529,0.71,-2.25,3.84,-0.05,-0.23,-0.01,
12:38:24:530,0.71,-2.25,3.84,-0.06,-0.14,0.01,
12:38:24:530,1.18,-0.97,3.45,-0.06,-0.14,0.01,
12:38:24:533,1.18,-0.97,3.45,-0.05,0.01,0.01,
12:38:24:534,1.18,-0.97,3.45,-0.05,0.01,0.01,
12:38:24:535,1.18,-0.97,3.45,-0.05,0.09,-0.01,
12:38:24:536,1.97,-2.01,3.51,-0.05,0.09,-0.01,
12:38:24:537,1.97,-2.01,3.51,-0.05,0.09,-0.04,
12:38:24:538,1.97,-2.00,3.51,-0.05,0.09,-0.04,
12:38:24:540,1.97,-2.00,3.51,-0.05,0.06,-0.08,
12:38:24:540,1.06,-2.50,3.67,-0.05,0.06,-0.08,
12:38:24:542,1.06,-2.50,3.67,-0.03,0.06,-0.09,
12:38:24:543,1.07,-2.49,3.67,-0.03,0.06,-0.09,
12:38:24:545,1.07,-2.49,3.67,-0.02,0.08,-0.10,
12:38:24:550,-0.66,-2.45,3.19,-0.02,0.08,-0.10,
12:38:24:551,-0.66,-2.45,3.19,-0.02,0.10,-0.08,
12:38:24:551,-0.66,-2.45,3.19,-0.02,0.10,-0.08,
12:38:24:552,-0.66,-2.45,3.19,-0.02,0.04,-0.06,
12:38:24:552,0.04,-2.18,4.24,-0.02,0.04,-0.06,
12:38:24:553,0.04,-2.18,4.24,-0.02,-0.06,-0.03,
12:38:24:554,0.04,-2.18,4.24,-0.02,-0.06,-0.03,
12:38:24:555,0.04,-2.18,4.24,-0.02,-0.16,-0.00,
12:38:24:556,0.46,-3.67,3.04,-0.02,-0.16,-0.00,
12:38:24:557,0.46,-3.67,3.04,-0.02,-0.19,0.01,
12:38:24:558,0.46,-3.67,3.04,-0.02,-0.19,0.01,
12:38:24:560,0.46,-3.67,3.04,-0.03,-0.15,0.01,
12:38:24:560,1.14,-2.78,2.36,-0.03,-0.15,0.01,
12:38:24:563,1.14,-2.78,2.36,-0.04,-0.03,-0.00,
12:38:24:563,1.14,-2.78,2.35,-0.04,-0.03,-0.00,
12:38:24:566,1.14,-2.78,2.35,-0.05,0.08,-0.03,
12:38:24:567,1.24,-2.90,2.83,-0.05,0.08,-0.03,
12:38:24:567,1.24,-2.90,2.83,-0.06,0.15,-0.05,
12:38:24:568,1.24,-2.90,2.83,-0.06,0.15,-0.05,
12:38:24:570,1.24,-2.90,2.83,-0.06,0.16,-0.08,
12:38:24:571,0.67,-2.26,3.66,-0.06,0.16,-0.08,
12:38:24:577,0.67,-2.26,3.66,-0.07,0.17,-0.09,
12:38:24:578,0.67,-2.26,3.66,-0.07,0.11,-0.09,
12:38:24:578,0.53,-1.66,5.09,-0.07,0.11,-0.09,
12:38:24:579,0.54,-1.66,5.09,-0.07,0.11,-0.09,
12:38:24:579,0.54,-1.66,5.09,-0.07,-0.01,-0.07,
12:38:24:580,0.54,-1.66,5.08,-0.07,-0.01,-0.07,
12:38:24:580,0.54,-1.66,5.08,-0.05,-0.16,-0.04,
12:38:24:581,0.29,-2.08,3.39,-0.05,-0.16,-0.04,
12:38:24:582,0.29,-2.08,3.39,-0.03,-0.22,-0.01,
12:38:24:583,0.29,-2.08,3.39,-0.03,-0.22,-0.01,
12:38:24:585,0.29,-2.08,3.39,-0.03,-0.16,0.00,
12:38:24:585,1.70,-0.86,4.03,-0.03,-0.16,0.00,
12:38:24:587,1.70,-0.86,4.03,-0.02,-0.03,-0.00,
12:38:24:588,1.69,-0.86,4.03,-0.02,-0.03,-0.00,
12:38:24:590,1.69,-0.86,4.03,-0.03,0.04,-0.02,
12:38:24:590,1.55,-2.59,2.48,-0.03,0.04,-0.02,
12:38:24:592,1.55,-2.59,2.48,-0.03,0.04,-0.04,
12:38:24:593,1.55,-2.59,2.48,-0.03,0.04,-0.04,
12:38:24:595,1.55,-2.59,2.48,-0.03,0.02,-0.06,
12:38:24:596,1.82,-2.15,3.13,-0.03,0.02,-0.06,
12:38:24:597,1.82,-2.15,3.13,-0.04,0.03,-0.08,
12:38:24:598,1.82,-2.15,3.13,-0.04,0.03,-0.08,
12:38:24:600,1.82,-2.15,3.13,-0.05,0.06,-0.08,
12:38:24:602,1.12,-2.22,3.40,-0.05,0.06,-0.08,
12:38:24:602,1.12,-2.22,3.40,-0.06,0.06,-0.08,
12:38:24:603,1.12,-2.22,3.40,-0.06,0.06,-0.08,
12:38:24:605,1.12,-2.22,3.40,-0.05,0.00,-0.06,
12:38:24:606,0.67,-2.48,3.10,-0.05,0.00,-0.06,
12:38:24:608,0.67,-2.48,3.10,-0.05,-0.05,-0.05,
12:38:24:608,0.67,-2.48,3.10,-0.05,-0.05,-0.05,
12:38:24:610,0.67,-2.48,3.10,-0.05,-0.05,-0.03,
12:38:24:611,0.51,-2.22,3.14,-0.05,-0.05,-0.03,
12:38:24:612,0.51,-2.22,3.14,-0.04,-0.01,-0.03,
12:38:24:613,0.51,-2.22,3.14,-0.04,-0.01,-0.03,
12:38:24:615,0.51,-2.22,3.14,-0.04,0.03,-0.03,
12:38:24:616,0.66,-1.59,3.58,-0.04,0.03,-0.03,
12:38:24:624,0.66,-1.59,3.58,-0.04,0.03,-0.03,
12:38:24:625,0.66,-1.59,3.58,-0.04,0.03,-0.03,
12:38:24:625,0.66,-1.59,3.58,-0.05,-0.02,-0.04,
12:38:24:626,1.28,-3.28,3.53,-0.05,-0.02,-0.04,
12:38:24:627,1.28,-3.28,3.53,-0.06,-0.10,-0.04,
12:38:24:627,1.28,-3.28,3.53,-0.06,-0.10,-0.04,
12:38:24:628,1.28,-3.28,3.53,-0.05,-0.10,-0.04,
12:38:24:628,0.57,-2.73,2.91,-0.05,-0.10,-0.04,
12:38:24:629,0.57,-2.73,2.91,-0.06,-0.01,-0.04,
12:38:24:630,0.57,-2.73,2.91,-0.06,-0.01,-0.04,
12:38:24:630,0.57,-2.73,2.91,-0.05,0.08,-0.04,
12:38:24:630,0.53,-2.64,3.36,-0.05,0.08,-0.04,
12:38:24:636,0.53,-2.64,3.36,-0.05,0.06,-0.03,
12:38:24:637,0.53,-2.64,3.36,-0.05,0.06,-0.03,
12:38:24:638,0.53,-2.64,3.36,-0.04,-0.02,-0.03,
12:38:24:639,1.48,-2.00,4.35,-0.04,-0.02,-0.03,
12:38:24:639,1.48,-2.00,4.35,-0.03,-0.08,-0.03,
12:38:24:639,1.48,-2.00,4.35,-0.03,-0.08,-0.03,
12:38:24:640,1.48,-2.00,4.35,-0.03,-0.06,-0.02,
12:38:24:640,0.53,-1.70,3.33,-0.03,-0.06,-0.02,
12:38:24:642,0.53,-1.70,3.33,-0.02,0.04,-0.03,
12:38:24:643,0.53,-1.70,3.33,-0.02,0.04,-0.03,
12:38:24:645,0.53,-1.70,3.33,-0.02,0.15,-0.03,
12:38:24:646,-0.45,-2.05,3.95,-0.02,0.15,-0.03,
12:38:24:647,-0.45,-2.05,3.95,-0.03,0.15,-0.03,
12:38:24:648,-0.45,-2.05,3.95,-0.03,0.15,-0.03,
12:38:24:650,-0.45,-2.05,3.95,-0.03,0.02,-0.03,
12:38:24:651,0.32,-1.94,4.24,-0.03,0.02,-0.03,
12:38:24:652,0.32,-1.94,4.24,-0.02,-0.10,-0.02,
12:38:24:653,0.32,-1.94,4.24,-0.02,-0.10,-0.02,
12:38:24:655,0.32,-1.94,4.24,-0.03,-0.16,-0.01,
12:38:24:655,0.56,-2.04,4.14,-0.03,-0.16,-0.01,
12:38:24:658,0.56,-2.04,4.14,-0.04,-0.20,0.00,
12:38:24:658,0.56,-2.04,4.14,-0.04,-0.20,0.00,
12:38:24:660,0.56,-2.04,4.14,-0.03,-0.19,0.02,
12:38:24:661,0.29,-2.59,2.02,-0.03,-0.19,0.02,
12:38:24:663,0.29,-2.59,2.02,-0.02,-0.08,0.01,
12:38:24:663,0.29,-2.59,2.01,-0.02,-0.08,0.01,
12:38:24:666,0.29,-2.59,2.01,-0.03,0.06,0.00,
12:38:24:667,1.00,-1.78,2.90,-0.03,0.06,0.00,
12:38:24:668,1.00,-1.78,2.90,-0.03,0.14,-0.01,
12:38:24:669,1.00,-1.78,2.90,-0.03,0.14,-0.01,
12:38:24:670,1.00,-1.78,2.90,-0.04,0.10,-0.03,
12:38:24:677,1.39,-2.17,4.41,-0.04,0.10,-0.03,
12:38:24:678,1.39,-2.17,4.41,-0.05,-0.00,-0.03,
12:38:24:679,1.39,-2.17,4.41,-0.05,-0.00,-0.03,
12:38:24:680,1.39,-2.17,4.41,-0.04,-0.10,-0.03,
12:38:24:680,0.88,-2.74,3.63,-0.04,-0.10,-0.03,
12:38:24:682,0.88,-2.74,3.63,-0.04,-0.15,-0.02,
12:38:24:682,0.88,-2.74,3.63,-0.04,-0.15,-0.02,
12:38:24:683,0.88,-2.74,3.63,-0.02,-0.14,-0.01,
12:38:24:684,0.93,-1.61,2.92,-0.02,-0.14,-0.01,
12:38:24:685,0.93,-1.61,2.92,-0.02,-0.11,0.01,
12:38:24:686,0.93,-1.61,2.92,-0.02,-0.11,0.01,
12:38:24:687,0.93,-1.61,2.92,-0.02,-0.08,0.02,
12:38:24:688,1.58,-3.23,2.76,-0.02,-0.08,0.02,
12:38:24:688,1.58,-3.23,2.76,-0.03,-0.04,0.01,
12:38:24:689,1.58,-3.23,2.76,-0.03,-0.04,0.01,
12:38:24:692,1.58,-3.23,2.76,-0.03,0.01,-0.01,
12:38:24:692,1.13,-3.29,2.74,-0.03,0.01,-0.01,
12:38:24:693,1.13,-3.29,2.74,-0.03,0.07,-0.02,
12:38:24:694,1.13,-3.29,2.74,-0.03,0.07,-0.02,
12:38:24:695,1.13,-3.29,2.74,-0.02,0.12,-0.03,
12:38:24:695,0.66,-0.78,4.01,-0.02,0.12,-0.03,
12:38:24:703,0.66,-0.78,4.01,-0.01,0.16,-0.03,
12:38:24:704,0.66,-0.78,4.01,-0.00,0.13,-0.03,
12:38:24:705,-0.28,-1.12,4.31,-0.00,0.13,-0.03,
12:38:24:705,-0.28,-1.12,4.31,-0.00,0.13,-0.03,
12:38:24:706,-0.28,-1.12,4.31,0.00,-0.03,-0.02,
12:38:24:706,-0.28,-1.12,4.31,0.00,-0.03,-0.02,
12:38:24:706,-0.28,-1.12,4.31,0.00,-0.25,0.00,
12:38:24:707,1.33,-2.65,3.91,0.00,-0.25,0.00,
12:38:24:707,1.33,-2.65,3.91,-0.01,-0.39,0.02,
12:38:24:707,1.33,-2.65,3.91,-0.01,-0.39,0.02,
12:38:24:710,1.33,-2.65,3.91,-0.02,-0.34,0.03,
12:38:24:711,1.15,-2.58,2.30,-0.02,-0.34,0.03,
12:38:24:712,1.15,-2.58,2.30,-0.03,-0.12,0.02,
12:38:24:713,1.15,-2.58,2.30,-0.03,-0.12,0.02,
12:38:24:721,1.15,-2.58,2.30,-0.03,0.13,0.01,
12:38:24:721,0.45,-1.73,2.45,-0.03,0.13,0.01,
12:38:24:722,0.45,-1.73,2.45,-0.03,0.28,-0.01,
12:38:24:722,0.45,-1.73,2.45,-0.03,0.28,-0.01,
12:38:24:722,0.45,-1.73,2.45,-0.02,0.28,-0.02,
12:38:24:723,0.79,-1.26,4.48,-0.02,0.28,-0.02,
12:38:24:723,0.79,-1.26,4.48,-0.02,0.13,-0.03,
12:38:24:723,0.80,-1.26,4.48,-0.02,0.13,-0.03,
12:38:24:725,0.80,-1.26,4.48,-0.02,-0.09,-0.02,
12:38:24:726,0.91,-1.94,5.12,-0.02,-0.09,-0.02,
12:38:24:727,0.91,-1.94,5.12,-0.01,-0.27,-0.00,
12:38:24:728,0.90,-1.94,5.12,-0.01,-0.27,-0.00,
12:38:24:730,0.90,-1.94,5.12,-0.01,-0.30,0.02,
12:38:24:730,0.06,-2.02,3.17,-0.01,-0.30,0.02,
12:38:24:733,0.06,-2.02,3.17,-0.00,-0.19,0.04,
12:38:24:733,0.06,-2.02,3.17,-0.00,-0.19,0.04,
12:38:24:736,0.06,-2.02,3.17,0.00,-0.05,0.04,
12:38:24:737,1.05,-1.39,3.25,0.00,-0.05,0.04,
12:38:24:739,1.05,-1.39,3.25,0.01,0.03,0.04,
12:38:24:739,1.05,-1.39,3.25,0.01,0.03,0.04,
12:38:24:740,1.05,-1.39,3.25,-0.00,0.06,0.02,
12:38:24:741,0.91,-3.05,3.55,-0.00,0.06,0.02,
12:38:24:742,0.91,-3.05,3.55,-0.01,0.08,-0.01,
12:38:24:743,0.91,-3.05,3.55,-0.01,0.08,-0.01,
12:38:24:745,0.91,-3.05,3.55,-0.01,0.08,-0.03,
12:38:24:746,0.01,-1.84,3.97,-0.01,0.08,-0.03,
12:38:24:747,0.01,-1.84,3.97,0.00,0.03,-0.03,
12:38:24:748,0.02,-1.84,3.97,0.00,0.03,-0.03,
12:38:24:750,0.02,-1.84,3.97,0.02,-0.07,-0.02,
12:38:24:750,0.87,-0.89,4.87,0.02,-0.07,-0.02,
12:38:24:752,0.87,-0.89,4.87,0.02,-0.19,0.02,
12:38:24:753,0.87,-0.89,4.87,0.02,-0.19,0.02,
12:38:24:755,0.87,-0.89,4.87,0.03,-0.24,0.04,
12:38:24:756,0.69,-1.96,2.85,0.03,-0.24,0.04,
12:38:24:757,0.69,-1.96,2.85,0.03,-0.21,0.05,
12:38:24:758,0.69,-1.96,2.85,0.03,-0.21,0.05,
12:38:24:760,0.69,-1.96,2.85,0.03,-0.12,0.06,
12:38:24:760,1.66,-1.69,2.78,0.03,-0.12,0.06,
12:38:24:763,1.66,-1.69,2.78,0.02,-0.03,0.05,
12:38:24:763,1.65,-1.69,2.78,0.02,-0.03,0.05,
12:38:24:766,1.65,-1.69,2.78,0.01,0.10,0.02,
12:38:24:767,0.71,-1.86,3.09,0.01,0.10,0.02,
12:38:24:767,0.71,-1.86,3.09,0.00,0.19,-0.01,
12:38:24:769,0.72,-1.86,3.09,0.00,0.19,-0.01,
12:38:24:771,0.72,-1.86,3.09,-0.00,0.18,-0.04,
12:38:24:772,0.40,-0.51,4.47,-0.00,0.18,-0.04,
12:38:24:774,0.40,-0.51,4.47,0.00,0.03,-0.03,
12:38:24:774,0.41,-0.51,4.47,0.00,0.03,-0.03,
12:38:24:775,0.41,-0.51,4.47,0.01,-0.15,-0.00,
12:38:24:775,0.75,-1.41,4.92,0.01,-0.15,-0.00,
12:38:24:777,0.75,-1.41,4.92,0.00,-0.26,0.03,
12:38:24:778,0.74,-1.41,4.92,0.00,-0.26,0.03,
12:38:24:780,0.74,-1.41,4.92,0.01,-0.27,0.05,
12:38:24:781,0.29,-1.66,2.94,0.01,-0.27,0.05,
12:38:24:783,0.29,-1.66,2.94,0.01,-0.20,0.07,
12:38:24:783,0.29,-1.66,2.94,0.01,-0.20,0.07,
12:38:24:785,0.29,-1.66,2.94,0.02,-0.08,0.07,
12:38:24:786,1.35,-1.23,3.48,0.02,-0.08,0.07,
12:38:24:788,1.35,-1.23,3.48,0.02,0.05,0.05,
12:38:24:788,1.35,-1.23,3.48,0.02,0.05,0.05,
12:38:24:790,1.35,-1.23,3.48,0.03,0.12,0.02,
12:38:24:791,0.65,-2.07,3.52,0.03,0.12,0.02,
12:38:24:792,0.65,-2.07,3.52,0.02,0.08,-0.01,
12:38:24:793,0.65,-2.07,3.52,0.02,0.08,-0.01,
12:38:24:795,0.65,-2.07,3.52,0.02,-0.04,-0.02,
12:38:24:802,1.64,-1.23,5.19,0.02,-0.04,-0.02,
12:38:24:803,1.64,-1.23,5.19,0.03,-0.15,-0.01,
12:38:24:804,1.64,-1.23,5.19,0.03,-0.15,-0.01,
12:38:24:805,1.64,-1.23,5.19,0.05,-0.17,0.01,
12:38:24:806,0.39,-1.33,3.41,0.05,-0.17,0.01,
12:38:24:807,0.39,-1.33,3.41,0.04,-0.15,0.03,
12:38:24:807,0.39,-1.33,3.41,0.04,-0.15,0.03,
12:38:24:808,0.39,-1.33,3.41,0.04,-0.13,0.04,
12:38:24:809,1.13,-2.25,2.98,0.04,-0.13,0.04,
12:38:24:809,1.13,-2.25,2.98,0.05,-0.12,0.05,
12:38:24:810,1.13,-2.25,2.98,0.05,-0.12,0.05,
12:38:24:811,1.13,-2.25,2.98,0.04,-0.05,0.03,
12:38:24:811,1.17,-1.63,3.25,0.04,-0.05,0.03,
12:38:24:814,1.17,-1.63,3.25,0.03,0.10,0.01,
12:38:24:814,1.17,-1.63,3.25,0.03,0.10,0.01,
12:38:24:819,1.17,-1.63,3.25,0.02,0.18,-0.01,
12:38:24:820,1.19,-0.82,4.68,0.02,0.18,-0.01,
12:38:24:820,1.19,-0.82,4.68,0.01,0.13,-0.03,
12:38:24:821,1.20,-0.82,4.68,0.01,0.13,-0.03,
12:38:24:821,1.20,-0.82,4.68,0.02,-0.04,-0.03,
12:38:24:821,1.21,-1.07,5.64,0.02,-0.04,-0.03,
12:38:24:823,1.21,-1.07,5.64,0.04,-0.21,-0.01,
12:38:24:824,1.21,-1.07,5.64,0.04,-0.21,-0.01,
12:38:24:825,1.21,-1.07,5.64,0.06,-0.28,0.01,
12:38:24:826,0.70,-0.82,3.75,0.06,-0.28,0.01,
12:38:24:827,0.70,-0.82,3.75,0.06,-0.19,0.04,
12:38:24:827,0.70,-0.82,3.75,0.06,-0.19,0.04,
12:38:24:830,0.70,-0.82,3.75,0.06,-0.05,0.04,
12:38:24:830,1.68,0.05,4.01,0.06,-0.05,0.04,
12:38:24:833,1.68,0.05,4.01,0.07,0.03,0.03,
12:38:24:833,1.68,0.05,4.01,0.07,0.03,0.03,
12:38:24:835,1.68,0.05,4.01,0.08,0.01,0.01,
12:38:24:835,2.32,-0.54,3.77,0.08,0.01,0.01,
12:38:24:837,2.32,-0.54,3.77,0.09,-0.05,-0.01,
12:38:24:838,2.32,-0.54,3.77,0.09,-0.05,-0.01,
12:38:24:840,2.32,-0.54,3.77,0.08,-0.04,-0.04,
12:38:24:840,1.44,-1.17,3.76,0.08,-0.04,-0.04,
12:38:24:842,1.44,-1.17,3.76,0.06,0.04,-0.05,
12:38:24:843,1.44,-1.17,3.76,0.06,0.04,-0.05,
12:38:24:845,1.44,-1.17,3.76,0.06,0.07,-0.06,
12:38:24:845,0.92,-0.34,3.69,0.06,0.07,-0.06,
12:38:24:847,0.92,-0.34,3.69,0.07,-0.02,-0.05,
12:38:24:848,0.92,-0.34,3.69,0.07,-0.02,-0.05,
12:38:24:850,0.92,-0.34,3.69,0.08,-0.15,-0.03,
12:38:24:851,2.16,0.26,4.16,0.08,-0.15,-0.03,
12:38:24:853,2.16,0.26,4.16,0.07,-0.21,-0.01,
12:38:24:853,2.16,0.26,4.16,0.07,-0.21,-0.01,
12:38:24:855,2.16,0.26,4.16,0.07,-0.14,-0.01,
12:38:24:856,1.21,-0.87,2.72,0.07,-0.14,-0.01,
12:38:24:857,1.21,-0.87,2.72,0.07,0.01,-0.02,
12:38:24:858,1.21,-0.87,2.72,0.07,0.01,-0.02,
12:38:24:860,1.21,-0.87,2.72,0.07,0.08,-0.02,
12:38:24:861,1.00,-1.58,2.78,0.07,0.08,-0.02,
12:38:24:863,1.00,-1.58,2.78,0.06,0.03,-0.03,
12:38:24:863,1.00,-1.58,2.78,0.06,0.03,-0.03,
12:38:24:866,1.00,-1.58,2.78,0.06,-0.05,-0.03,
12:38:24:867,1.52,-1.63,3.50,0.06,-0.05,-0.03,
12:38:24:868,1.52,-1.63,3.50,0.05,-0.07,-0.04,
12:38:24:869,1.52,-1.63,3.50,0.05,-0.07,-0.04,
12:38:24:870,1.52,-1.63,3.50,0.05,-0.05,-0.04,
12:38:24:871,0.31,-1.78,2.79,0.05,-0.05,-0.04,
12:38:24:873,0.31,-1.78,2.79,0.06,-0.04,-0.03,
12:38:24:873,0.31,-1.78,2.80,0.06,-0.04,-0.03,
12:38:24:875,0.31,-1.78,2.80,0.07,-0.06,-0.02,
12:38:24:875,1.13,-1.53,3.03,0.07,-0.06,-0.02,
12:38:24:878,1.13,-1.53,3.03,0.07,-0.09,-0.00,
12:38:24:878,1.13,-1.53,3.03,0.07,-0.09,-0.00,
12:38:24:880,1.13,-1.53,3.03,0.06,-0.08,-0.00,
12:38:24:881,1.09,-1.85,2.56,0.06,-0.08,-0.00,
12:38:24:883,1.09,-1.85,2.56,0.06,-0.03,-0.01,
12:38:24:884,1.09,-1.85,2.56,0.06,-0.03,-0.01,
12:38:24:885,1.09,-1.85,2.56,0.06,0.06,-0.03,
12:38:24:886,0.67,-1.17,3.17,0.06,0.06,-0.03,
12:38:24:887,0.67,-1.17,3.17,0.05,0.11,-0.04,
12:38:24:888,0.67,-1.17,3.17,0.05,0.11,-0.04,
12:38:24:890,0.67,-1.17,3.17,0.05,0.11,-0.06,
12:38:24:891,1.00,-0.22,4.64,0.05,0.11,-0.06,
12:38:24:892,1.00,-0.22,4.64,0.05,0.06,-0.06,
12:38:24:893,1.00,-0.22,4.65,0.05,0.06,-0.06,
12:38:24:895,1.00,-0.22,4.65,0.05,-0.05,-0.05,
12:38:24:896,0.88,-0.79,4.16,0.05,-0.05,-0.05,
12:38:24:898,0.88,-0.79,4.16,0.06,-0.22,-0.02,
12:38:24:898,0.88,-0.79,4.16,0.06,-0.22,-0.02,
12:38:24:900,0.88,-0.79,4.16,0.07,-0.32,-0.01,
12:38:24:901,2.32,-0.07,3.55,0.07,-0.32,-0.01,
12:38:24:903,2.32,-0.07,3.55,0.07,-0.24,0.00,
12:38:24:904,2.32,-0.07,3.55,0.07,-0.24,0.00,
12:38:24:906,2.32,-0.07,3.55,0.06,0.01,-0.01,
12:38:24:906,1.02,-0.68,2.69,0.06,0.01,-0.01,
12:38:24:907,1.02,-0.68,2.69,0.05,0.23,-0.03,
12:38:24:908,1.03,-0.68,2.69,0.05,0.23,-0.03,
12:38:24:910,1.03,-0.68,2.69,0.05,0.27,-0.05,
12:38:24:911,0.33,-1.37,3.91,0.05,0.27,-0.05,
12:38:24:913,0.33,-1.37,3.91,0.05,0.20,-0.06,
12:38:24:913,0.34,-1.37,3.91,0.05,0.20,-0.06,
12:38:24:921,0.34,-1.37,3.91,0.04,0.06,-0.07,
12:38:24:922,0.98,-0.44,6.17,0.04,0.06,-0.07,
12:38:24:922,0.98,-0.44,6.17,0.04,-0.09,-0.06,
12:38:24:922,0.98,-0.44,6.17,0.04,-0.09,-0.06,
12:38:24:923,0.98,-0.44,6.17,0.07,-0.19,-0.03,
12:38:24:926,0.18,0.53,4.57,0.07,-0.19,-0.03,
12:38:24:928,0.18,0.53,4.57,0.10,-0.25,0.00,
12:38:24:929,0.18,0.53,4.57,0.10,-0.25,0.00,
12:38:24:930,0.18,0.53,4.57,0.12,-0.27,0.03,
12:38:24:930,0.73,-1.37,2.34,0.12,-0.27,0.03,
12:38:24:931,0.73,-1.37,2.34,0.12,-0.24,0.05,
12:38:24:931,0.73,-1.37,2.34,0.12,-0.24,0.05,
12:38:24:932,0.73,-1.37,2.34,0.12,-0.16,0.04,
12:38:24:933,1.95,-1.89,1.46,0.12,-0.16,0.04,
12:38:24:933,1.95,-1.89,1.46,0.11,-0.03,0.01,
12:38:24:934,1.95,-1.89,1.46,0.11,-0.03,0.01,
12:38:24:935,1.95,-1.89,1.46,0.09,0.06,-0.02,
12:38:24:937,1.95,-2.69,1.94,0.09,0.06,-0.02,
12:38:24:938,1.95,-2.69,1.94,0.06,0.09,-0.05,
12:38:24:938,1.96,-2.69,1.94,0.06,0.09,-0.05,
12:38:24:940,1.96,-2.69,1.94,0.04,0.06,-0.06,
12:38:24:941,1.75,-2.46,2.35,0.04,0.06,-0.06,
12:38:24:942,1.75,-2.46,2.35,0.04,0.00,-0.07,
12:38:24:943,1.75,-2.46,2.35,0.04,0.00,-0.07,
12:38:24:945,1.75,-2.46,2.35,0.04,-0.03,-0.06,
12:38:24:945,0.58,-1.88,2.17,0.04,-0.03,-0.06,
12:38:24:947,0.58,-1.88,2.17,0.04,-0.05,-0.03,
12:38:24:948,0.59,-1.88,2.18,0.04,-0.05,-0.03,
12:38:24:950,0.59,-1.88,2.18,0.04,-0.05,-0.01,
12:38:24:951,0.78,-1.10,2.22,0.04,-0.05,-0.01,
12:38:24:953,0.78,-1.10,2.22,0.03,-0.02,0.01,
12:38:24:954,0.78,-1.10,2.22,0.03,-0.02,0.01,
12:38:24:955,0.78,-1.10,2.22,0.01,0.02,0.01,
12:38:24:955,1.32,-0.65,2.87,0.01,0.02,0.01,
12:38:24:958,1.32,-0.65,2.87,0.01,0.02,0.00,
12:38:24:958,1.32,-0.65,2.87,0.01,0.02,0.00,
12:38:24:960,1.32,-0.65,2.87,0.00,-0.02,-0.01,
12:38:24:960,1.44,-1.52,3.16,0.00,-0.02,-0.01,
12:38:24:963,1.44,-1.52,3.16,-0.01,-0.06,-0.01,
12:38:24:963,1.44,-1.52,3.16,-0.01,-0.06,-0.01,
12:38:24:966,1.44,-1.52,3.16,-0.01,-0.07,-0.02,
12:38:24:967,1.62,-0.94,3.04,-0.01,-0.07,-0.02,
12:38:24:967,1.62,-0.94,3.04,-0.00,-0.05,-0.02,
12:38:24:968,1.62,-0.94,3.04,-0.00,-0.05,-0.02,
12:38:24:970,1.62,-0.94,3.04,0.02,-0.01,-0.02,
12:38:24:970,0.71,-0.43,3.01,0.02,-0.01,-0.02,
12:38:24:972,0.71,-0.43,3.01,0.02,0.05,-0.02,
12:38:24:973,0.71,-0.43,3.01,0.02,0.05,-0.02,
12:38:24:975,0.71,-0.43,3.01,0.02,0.09,-0.02,
12:38:24:975,0.52,-1.41,3.60,0.02,0.09,-0.02,
12:38:24:978,0.52,-1.41,3.60,0.02,0.08,-0.03,
12:38:24:978,0.52,-1.41,3.60,0.02,0.08,-0.03,
12:38:24:980,0.52,-1.41,3.60,0.03,0.02,-0.03,
12:38:24:981,0.34,-1.03,3.68,0.03,0.02,-0.03,
12:38:24:983,0.34,-1.03,3.68,0.03,-0.07,-0.02,
12:38:24:984,0.34,-1.03,3.68,0.03,-0.07,-0.02,
12:38:24:985,0.34,-1.03,3.68,0.02,-0.12,-0.00,
12:38:24:987,0.68,-1.43,4.07,0.02,-0.12,-0.00,
12:38:24:988,0.68,-1.43,4.07,0.01,-0.10,0.01,
12:38:24:988,0.68,-1.43,4.07,0.01,-0.10,0.01,
12:38:24:990,0.68,-1.43,4.07,0.01,-0.09,0.01,
12:38:24:991,0.76,-1.78,2.88,0.01,-0.09,0.01,
12:38:24:993,0.76,-1.78,2.88,0.02,-0.11,0.01,
12:38:24:993,0.76,-1.78,2.88,0.02,-0.11,0.01,
12:38:24:995,0.76,-1.78,2.88,0.03,-0.13,0.01,
12:38:24:996,1.43,-1.17,2.66,0.03,-0.13,0.01,
12:38:24:997,1.43,-1.17,2.66,0.03,-0.06,0.01,
12:38:24:998,1.43,-1.17,2.66,0.03,-0.06,0.01,
12:38:25:001,1.43,-1.17,2.66,0.00,0.04,-0.01,
12:38:25:002,1.36,-2.76,2.93,0.00,0.04,-0.01,
12:38:25:004,1.36,-2.76,2.93,-0.01,0.10,-0.03,
12:38:25:005,1.36,-2.76,2.93,-0.01,0.10,-0.03,
12:38:25:006,1.36,-2.76,2.93,-0.00,0.04,-0.04,
12:38:25:006,1.62,-1.18,3.29,-0.00,0.04,-0.04,
12:38:25:008,1.62,-1.18,3.29,0.01,-0.06,-0.04,
12:38:25:008,1.62,-1.18,3.29,0.01,-0.06,-0.04,
12:38:25:010,1.62,-1.18,3.29,0.01,-0.12,-0.03,
12:38:25:011,1.49,-2.24,3.01,0.01,-0.12,-0.03,
12:38:25:012,1.49,-2.24,3.01,0.00,-0.10,-0.02,
12:38:25:013,1.49,-2.24,3.01,0.00,-0.10,-0.02,
12:38:25:022,1.49,-2.24,3.01,0.01,-0.04,-0.01,
12:38:25:022,0.98,-0.62,2.21,0.01,-0.04,-0.01,
12:38:25:023,0.98,-0.62,2.21,0.03,0.00,-0.01,
12:38:25:023,0.98,-0.62,2.21,0.03,0.00,-0.01,
12:38:25:023,0.98,-0.62,2.21,0.03,0.02,-0.00,
12:38:25:023,1.90,-0.71,2.89,0.03,0.02,-0.00,
12:38:25:024,1.90,-0.71,2.89,0.01,0.00,-0.01,
12:38:25:024,1.90,-0.71,2.89,0.01,0.00,-0.01,
12:38:25:025,1.90,-0.71,2.89,-0.01,0.01,-0.02,
12:38:25:026,1.42,-1.67,2.70,-0.01,0.01,-0.02,
12:38:25:027,1.42,-1.67,2.70,-0.02,0.04,-0.04,
12:38:25:028,1.42,-1.67,2.70,-0.02,0.04,-0.04,
12:38:25:030,1.42,-1.67,2.70,-0.02,0.05,-0.05,
12:38:25:030,0.62,-1.43,2.58,-0.02,0.05,-0.05,
12:38:25:033,0.62,-1.43,2.58,-0.02,0.01,-0.05,
12:38:25:033,0.62,-1.43,2.58,-0.02,0.01,-0.05,
12:38:25:035,0.62,-1.43,2.58,-0.01,-0.06,-0.04,
12:38:25:035,1.52,0.17,3.42,-0.01,-0.06,-0.04,
12:38:25:038,1.52,0.17,3.42,-0.02,-0.08,-0.02,
12:38:25:039,1.52,0.17,3.42,-0.02,-0.08,-0.02,
12:38:25:040,1.52,0.17,3.42,-0.02,-0.02,-0.01,
12:38:25:040,0.96,-0.45,2.73,-0.02,-0.02,-0.01,
12:38:25:042,0.96,-0.45,2.73,-0.02,0.02,-0.01,
12:38:25:043,0.96,-0.45,2.73,-0.02,0.02,-0.01,
12:38:25:045,0.96,-0.45,2.73,-0.02,-0.02,-0.01,
12:38:25:049,1.60,-1.21,3.05,-0.02,-0.02,-0.01,
12:38:25:049,1.60,-1.21,3.05,-0.02,-0.09,-0.01,
12:38:25:050,1.60,-1.21,3.05,-0.02,-0.09,-0.01,
12:38:25:050,1.60,-1.21,3.05,-0.02,-0.08,-0.02,
12:38:25:050,0.77,-1.54,2.32,-0.02,-0.08,-0.02,
12:38:25:052,0.77,-1.54,2.32,-0.02,0.01,-0.03,
12:38:25:053,0.77,-1.54,2.32,-0.02,0.01,-0.03,
12:38:25:055,0.77,-1.54,2.32,-0.02,0.10,-0.04,
12:38:25:055,0.14,-1.26,2.90,-0.02,0.10,-0.04,
12:38:25:057,0.14,-1.26,2.90,-0.02,0.13,-0.05,
12:38:25:058,0.14,-1.26,2.90,-0.02,0.13,-0.05,
12:38:25:060,0.14,-1.26,2.90,-0.03,0.06,-0.04,
12:38:25:060,0.48,-1.82,3.95,-0.03,0.06,-0.04,
12:38:25:063,0.48,-1.82,3.95,-0.04,-0.05,-0.03,
12:38:25:063,0.48,-1.82,3.95,-0.04,-0.05,-0.03,
12:38:25:066,0.48,-1.82,3.95,-0.06,-0.16,-0.01,
12:38:25:066,1.08,-2.84,3.61,-0.06,-0.16,-0.01,
12:38:25:067,1.08,-2.84,3.61,-0.06,-0.23,0.01,
12:38:25:068,1.08,-2.84,3.60,-0.06,-0.23,0.01,
12:38:25:070,1.08,-2.84,3.60,-0.05,-0.25,0.02,
12:38:25:071,2.11,-1.56,3.39,-0.05,-0.25,0.02,
12:38:25:073,2.11,-1.56,3.39,-0.04,-0.15,0.02,
12:38:25:073,2.11,-1.56,3.38,-0.04,-0.15,0.02,
12:38:25:075,2.11,-1.56,3.38,-0.03,0.05,0.00,
12:38:25:075,1.26,-1.72,2.72,-0.03,0.05,0.00,
12:38:25:077,1.26,-1.72,2.72,-0.02,0.22,-0.03,
12:38:25:078,1.27,-1.72,2.72,-0.02,0.22,-0.03,
12:38:25:080,1.27,-1.72,2.72,-0.01,0.27,-0.05,
12:38:25:081,0.14,-1.72,4.08,-0.01,0.27,-0.05,
12:38:25:082,0.14,-1.72,4.08,0.00,0.23,-0.06,
12:38:25:083,0.14,-1.72,4.08,0.00,0.23,-0.06,
12:38:25:086,0.14,-1.72,4.08,0.01,0.10,-0.06,
12:38:25:086,-0.07,-1.74,4.72,0.01,0.10,-0.06,
12:38:25:087,-0.07,-1.74,4.72,0.01,-0.09,-0.05,
12:38:25:088,-0.07,-1.74,4.72,0.01,-0.09,-0.05,
12:38:25:090,-0.07,-1.74,4.72,0.02,-0.22,-0.02,
12:38:25:091,0.70,-0.19,4.92,0.02,-0.22,-0.02,
12:38:25:092,0.70,-0.19,4.92,0.03,-0.26,0.01,
12:38:25:093,0.70,-0.19,4.92,0.03,-0.26,0.01,
12:38:25:095,0.70,-0.19,4.92,0.03,-0.27,0.03,
12:38:25:096,1.32,-1.29,1.64,0.03,-0.27,0.03,
12:38:25:097,1.32,-1.29,1.64,0.04,-0.25,0.04,
12:38:25:098,1.32,-1.29,1.64,0.04,-0.25,0.04,
12:38:25:108,1.32,-1.29,1.64,0.02,-0.17,0.02,
12:38:25:109,3.46,-0.43,2.54,0.02,-0.17,0.02,
12:38:25:109,3.46,-0.43,2.54,0.00,0.00,-0.01,
12:38:25:110,3.46,-0.43,2.54,0.00,0.00,-0.01,
12:38:25:111,3.46,-0.43,2.54,-0.02,0.21,-0.05,
12:38:25:111,1.30,-1.51,2.31,-0.02,0.21,-0.05,
12:38:25:112,1.30,-1.51,2.31,-0.03,0.34,-0.08,
12:38:25:113,1.30,-1.51,2.31,-0.03,0.34,-0.08,
12:38:25:114,1.30,-1.51,2.31,-0.05,0.32,-0.10,
12:38:25:115,0.73,-0.54,4.38,-0.05,0.32,-0.10,
12:38:25:116,0.73,-0.54,4.38,-0.05,0.15,-0.10,
12:38:25:116,0.74,-0.54,4.38,-0.05,0.15,-0.10,
12:38:25:117,0.74,-0.54,4.38,-0.05,-0.10,-0.07,
12:38:25:117,0.55,-0.93,4.23,-0.05,-0.10,-0.07,
12:38:25:120,0.55,-0.93,4.23,-0.03,-0.25,-0.03,
12:38:25:120,0.55,-0.93,4.23,-0.03,-0.25,-0.03,
12:38:25:121,0.55,-0.93,4.23,-0.02,-0.26,0.00,
12:38:25:121,-0.14,-1.60,2.82,-0.02,-0.26,0.00,
12:38:25:122,-0.14,-1.60,2.82,-0.02,-0.20,0.03,
12:38:25:123,-0.14,-1.60,2.82,-0.02,-0.20,0.03,
12:38:25:125,-0.14,-1.60,2.82,-0.01,-0.14,0.05,
12:38:25:125,2.35,-0.36,3.41,-0.01,-0.14,0.05,
12:38:25:127,2.35,-0.36,3.41,-0.01,-0.09,0.05,
12:38:25:128,2.35,-0.36,3.41,-0.01,-0.09,0.05,
12:38:25:130,2.35,-0.36,3.41,-0.01,-0.01,0.01,
12:38:25:130,1.29,-2.35,1.88,-0.01,-0.01,0.01,
12:38:25:132,1.29,-2.35,1.88,-0.02,0.12,-0.03,
12:38:25:133,1.29,-2.35,1.88,-0.02,0.12,-0.03,
12:38:25:135,1.29,-2.35,1.88,-0.03,0.23,-0.06,
12:38:25:136,0.72,-1.42,3.94,-0.03,0.23,-0.06,
12:38:25:137,0.72,-1.42,3.94,-0.03,0.17,-0.07,
12:38:25:138,0.72,-1.42,3.94,-0.03,0.17,-0.07,
12:38:25:140,0.72,-1.42,3.94,-0.01,-0.02,-0.07,
12:38:25:141,1.38,-1.38,4.21,-0.01,-0.02,-0.07,
12:38:25:143,1.38,-1.38,4.21,-0.00,-0.19,-0.05,
12:38:25:143,1.38,-1.38,4.21,-0.00,-0.19,-0.05,
12:38:25:145,1.38,-1.38,4.21,-0.01,-0.23,-0.03,
12:38:25:146,0.87,-2.09,3.34,-0.01,-0.23,-0.03,
12:38:25:147,0.87,-2.09,3.34,-0.01,-0.18,-0.01,
12:38:25:148,0.87,-2.09,3.34,-0.01,-0.18,-0.01,
12:38:25:150,0.87,-2.09,3.34,-0.00,-0.08,0.01,
12:38:25:151,1.68,-0.36,2.91,-0.00,-0.08,0.01,
12:38:25:152,1.68,-0.36,2.91,0.00,0.02,0.00,
12:38:25:154,1.68,-0.36,2.91,0.00,0.02,0.00,
12:38:25:155,1.68,-0.36,2.91,-0.01,0.09,-0.02,
12:38:25:156,2.29,-1.50,3.87,-0.01,0.09,-0.02,
12:38:25:157,2.29,-1.50,3.87,-0.02,0.08,-0.04,
12:38:25:158,2.29,-1.50,3.87,-0.02,0.08,-0.04,
12:38:25:160,2.29,-1.50,3.87,-0.02,0.04,-0.07,
12:38:25:160,1.71,-0.73,4.03,-0.02,0.04,-0.07,
12:38:25:163,1.71,-0.73,4.03,-0.01,0.03,-0.09,
12:38:25:163,1.71,-0.73,4.03,-0.01,0.03,-0.09,
12:38:25:166,1.71,-0.73,4.03,-0.00,0.07,-0.09,
12:38:25:167,0.04,-0.46,3.74,-0.00,0.07,-0.09,
12:38:25:167,0.04,-0.46,3.74,0.01,0.06,-0.09,
12:38:25:168,0.04,-0.46,3.74,0.01,0.06,-0.09,
12:38:25:171,0.04,-0.46,3.74,0.02,-0.02,-0.06,
12:38:25:178,0.38,-1.37,3.87,0.02,-0.02,-0.06,
12:38:25:179,0.38,-1.37,3.87,0.03,-0.13,-0.03,
12:38:25:179,0.38,-1.37,3.87,0.03,-0.13,-0.03,
12:38:25:180,0.38,-1.37,3.87,0.02,-0.17,-0.01,
12:38:25:180,1.08,-1.11,3.34,0.02,-0.17,-0.01,
12:38:25:181,1.08,-1.11,3.34,0.01,-0.08,-0.00,
12:38:25:182,1.07,-1.11,3.34,0.01,-0.08,-0.00,
12:38:25:182,1.07,-1.11,3.34,-0.01,0.04,-0.01,
12:38:25:183,1.69,-1.01,3.79,-0.01,0.04,-0.01,
12:38:25:183,1.69,-1.01,3.79,-0.01,0.04,-0.02,
12:38:25:184,1.69,-1.01,3.78,-0.01,0.04,-0.02,
12:38:25:186,1.69,-1.01,3.78,0.00,-0.04,-0.04,
12:38:25:187,1.50,-1.90,2.65,0.00,-0.04,-0.04,
12:38:25:188,1.50,-1.90,2.65,0.01,-0.08,-0.06,
12:38:25:188,1.50,-1.90,2.65,0.01,-0.08,-0.06,
12:38:25:190,1.50,-1.90,2.65,0.01,-0.02,-0.07,
12:38:25:191,1.15,-1.04,3.16,0.01,-0.02,-0.07,
12:38:25:193,1.15,-1.04,3.16,0.01,0.08,-0.08,
12:38:25:193,1.15,-1.04,3.16,0.01,0.08,-0.08,
12:38:25:195,1.15,-1.04,3.16,-0.00,0.08,-0.07,
12:38:25:196,1.75,-1.08,4.06,-0.00,0.08,-0.07,
12:38:25:198,1.75,-1.08,4.06,-0.01,-0.01,-0.06,
12:38:25:198,1.75,-1.08,4.06,-0.01,-0.01,-0.06,
12:38:25:200,1.75,-1.08,4.06,-0.01,-0.11,-0.05,
12:38:25:201,1.37,-2.21,2.52,-0.01,-0.11,-0.05,
12:38:25:203,1.37,-2.21,2.52,-0.00,-0.18,-0.04,
12:38:25:204,1.37,-2.21,2.52,-0.00,-0.18,-0.04,
12:38:25:205,1.37,-2.21,2.52,-0.00,-0.15,-0.04,
12:38:25:205,2.28,-0.56,2.86,-0.00,-0.15,-0.04,
12:38:25:207,2.28,-0.56,2.86,-0.01,-0.05,-0.04,
12:38:25:208,2.29,-0.56,2.86,-0.01,-0.05,-0.04,
12:38:25:210,2.29,-0.56,2.86,-0.01,0.05,-0.05,
12:38:25:211,1.31,-2.29,1.59,-0.01,0.05,-0.05,
12:38:25:212,1.31,-2.29,1.59,-0.01,0.10,-0.08,
12:38:25:213,1.31,-2.29,1.59,-0.01,0.10,-0.08,
12:38:25:223,1.31,-2.29,1.59,-0.01,0.10,-0.09,
12:38:25:224,1.47,-1.22,3.14,-0.01,0.10,-0.09,
12:38:25:224,1.47,-1.22,3.14,-0.02,0.10,-0.10,
12:38:25:225,1.48,-1.22,3.14,-0.02,0.10,-0.10,
12:38:25:226,1.48,-1.22,3.14,-0.02,0.10,-0.09,
12:38:25:226,0.49,-1.40,3.32,-0.02,0.10,-0.09,
12:38:25:226,0.49,-1.40,3.32,-0.02,0.04,-0.09,
12:38:25:227,0.49,-1.40,3.32,-0.02,0.04,-0.09,
12:38:25:227,0.49,-1.40,3.32,-0.02,-0.06,-0.06,
12:38:25:228,0.69,-1.53,3.29,-0.02,-0.06,-0.06,
12:38:25:228,0.69,-1.53,3.29,-0.02,-0.16,-0.04,
12:38:25:229,0.69,-1.53,3.29,-0.02,-0.16,-0.04,
12:38:25:230,0.69,-1.53,3.29,-0.02,-0.19,-0.01,
12:38:25:231,1.14,-2.28,3.10,-0.02,-0.19,-0.01,
12:38:25:233,1.14,-2.28,3.10,-0.02,-0.12,-0.01,
12:38:25:236,1.14,-2.28,3.10,-0.02,-0.12,-0.01,
12:38:25:237,1.14,-2.28,3.10,-0.01,-0.01,-0.02,
12:38:25:238,0.72,-2.03,2.01,-0.01,-0.01,-0.02,
12:38:25:239,0.72,-2.03,2.01,-0.00,0.05,-0.04,
12:38:25:240,0.72,-2.03,2.01,-0.00,0.05,-0.04,
12:38:25:241,0.72,-2.03,2.01,0.00,0.07,-0.05,
12:38:25:242,1.05,-1.80,2.92,0.00,0.07,-0.05,
12:38:25:242,1.05,-1.80,2.92,-0.00,0.14,-0.07,
12:38:25:243,1.05,-1.80,2.92,-0.00,0.14,-0.07,
12:38:25:245,1.05,-1.80,2.92,-0.02,0.17,-0.08,
12:38:25:246,0.24,-1.54,4.05,-0.02,0.17,-0.08,
12:38:25:247,0.24,-1.54,4.05,-0.02,0.09,-0.07,
12:38:25:248,0.24,-1.54,4.05,-0.02,0.09,-0.07,
12:38:25:250,0.24,-1.54,4.05,-0.01,-0.09,-0.05,
12:38:25:251,0.99,-1.39,4.07,-0.01,-0.09,-0.05,
12:38:25:253,0.99,-1.39,4.07,0.01,-0.24,-0.02,
12:38:25:254,0.99,-1.39,4.07,0.01,-0.24,-0.02,
12:38:25:255,0.99,-1.39,4.07,0.02,-0.26,0.00,
12:38:25:256,0.69,-1.97,2.40,0.02,-0.26,0.00,
12:38:25:257,0.69,-1.97,2.40,0.01,-0.12,0.00,
12:38:25:258,0.69,-1.97,2.40,0.01,-0.12,0.00,
12:38:25:260,0.69,-1.97,2.40,0.00,0.07,-0.01,
12:38:25:261,1.12,-1.49,2.76,0.00,0.07,-0.01,
12:38:25:263,1.12,-1.49,2.76,-0.01,0.13,-0.03,
12:38:25:264,1.13,-1.49,2.76,-0.01,0.13,-0.03,
12:38:25:266,1.13,-1.49,2.76,-0.02,0.05,-0.05,
12:38:25:266,2.65,-1.69,3.72,-0.02,0.05,-0.05,
12:38:25:267,2.65,-1.69,3.72,-0.02,-0.05,-0.06,
12:38:25:268,2.65,-1.69,3.72,-0.02,-0.05,-0.06,
12:38:25:271,2.65,-1.69,3.72,-0.02,-0.07,-0.07,
12:38:25:271,1.47,-1.46,3.41,-0.02,-0.07,-0.07,
12:38:25:272,1.47,-1.46,3.41,-0.03,0.01,-0.08,
12:38:25:273,1.47,-1.46,3.41,-0.03,0.01,-0.08,
12:38:25:275,1.47,-1.46,3.41,-0.03,0.08,-0.07,
12:38:25:276,0.39,-1.61,2.88,-0.03,0.08,-0.07,
12:38:25:277,0.39,-1.61,2.88,-0.01,0.04,-0.06,
12:38:25:278,0.39,-1.61,2.88,-0.01,0.04,-0.06,
12:38:25:280,0.39,-1.61,2.88,0.01,-0.05,-0.04,
12:38:25:281,1.04,-1.98,2.97,0.01,-0.05,-0.04,
12:38:25:283,1.04,-1.98,2.97,0.01,-0.13,-0.02,
12:38:25:284,1.04,-1.98,2.97,0.01,-0.13,-0.02,
12:38:25:285,1.04,-1.98,2.97,-0.00,-0.10,-0.02,
12:38:25:287,1.31,-1.28,2.97,-0.00,-0.10,-0.02,
12:38:25:288,1.31,-1.28,2.97,-0.01,0.00,-0.02,
12:38:25:288,1.31,-1.28,2.97,-0.01,0.00,-0.02,
12:38:25:290,1.31,-1.28,2.97,-0.00,0.10,-0.03,
12:38:25:291,0.55,-0.49,2.43,-0.00,0.10,-0.03,
12:38:25:292,0.55,-0.49,2.43,0.01,0.11,-0.04,
12:38:25:293,0.55,-0.49,2.43,0.01,0.11,-0.04,
12:38:25:295,0.55,-0.49,2.43,-0.00,0.03,-0.05,
12:38:25:303,1.03,-2.06,3.04,-0.00,0.03,-0.05,
12:38:25:304,1.03,-2.06,3.04,-0.01,-0.08,-0.04,
12:38:25:305,1.03,-2.06,3.04,-0.01,-0.08,-0.04,
12:38:25:306,1.03,-2.06,3.04,-0.02,-0.18,-0.03,
12:38:25:307,1.21,-2.74,2.24,-0.02,-0.18,-0.03,
12:38:25:307,1.21,-2.74,2.24,-0.03,-0.19,-0.02,
12:38:25:308,1.21,-2.74,2.24,-0.03,-0.19,-0.02,
12:38:25:309,1.21,-2.74,2.24,-0.03,-0.08,-0.02,
12:38:25:309,0.71,-0.98,1.77,-0.03,-0.08,-0.02,
12:38:25:310,0.71,-0.98,1.77,-0.03,0.07,-0.02,
12:38:25:310,0.71,-0.98,1.77,-0.03,0.07,-0.02,
12:38:25:311,0.71,-0.98,1.77,-0.04,0.14,-0.03,
12:38:25:311,1.37,-1.75,2.97,-0.04,0.14,-0.03,
12:38:25:318,1.37,-1.75,2.97,-0.05,0.09,-0.03,
12:38:25:319,1.38,-1.75,2.97,-0.05,0.09,-0.03,
12:38:25:319,1.38,-1.75,2.97,-0.06,-0.02,-0.04,
12:38:25:320,1.68,-2.47,3.36,-0.06,-0.02,-0.04,
12:38:25:321,1.68,-2.47,3.36,-0.05,-0.12,-0.04,
12:38:25:322,1.68,-2.47,3.36,-0.05,-0.12,-0.04,
12:38:25:322,1.68,-2.47,3.36,-0.03,-0.14,-0.04,
12:38:25:322,0.66,-1.95,2.37,-0.03,-0.14,-0.04,
12:38:25:322,0.66,-1.95,2.37,-0.03,-0.06,-0.04,
12:38:25:323,0.66,-1.95,2.36,-0.03,-0.06,-0.04,
12:38:25:325,0.66,-1.95,2.36,-0.03,0.05,-0.04,
12:38:25:325,0.83,-1.98,3.06,-0.03,0.05,-0.04,
12:38:25:327,0.83,-1.98,3.06,-0.02,0.08,-0.03,
12:38:25:328,0.84,-1.98,3.06,-0.02,0.08,-0.03,
12:38:25:330,0.84,-1.98,3.06,-0.00,0.08,-0.04,
12:38:25:331,0.51,-1.87,3.17,-0.00,0.08,-0.04,
12:38:25:332,0.51,-1.87,3.17,0.00,0.02,-0.03,
12:38:25:333,0.51,-1.87,3.17,0.00,0.02,-0.03,
12:38:25:335,0.51,-1.87,3.17,0.01,-0.07,-0.03,
12:38:25:336,1.14,-1.79,3.38,0.01,-0.07,-0.03,
12:38:25:337,1.14,-1.79,3.38,0.01,-0.14,-0.02,
12:38:25:338,1.14,-1.79,3.38,0.01,-0.14,-0.02,
12:38:25:340,1.14,-1.79,3.38,0.01,-0.10,-0.01,
12:38:25:340,0.28,-1.51,2.16,0.01,-0.10,-0.01,
12:38:25:343,0.28,-1.51,2.16,0.01,0.01,-0.02,
12:38:25:343,0.28,-1.51,2.16,0.01,0.01,-0.02,
12:38:25:345,0.28,-1.51,2.16,0.00,0.07,-0.02,
12:38:25:346,0.95,-1.57,2.76,0.00,0.07,-0.02,
12:38:25:347,0.95,-1.57,2.76,-0.00,0.02,-0.01,
12:38:25:348,0.95,-1.57,2.76,-0.00,0.02,-0.01,
12:38:25:350,0.95,-1.57,2.76,-0.01,-0.07,-0.01,
12:38:25:352,1.41,-2.34,2.87,-0.01,-0.07,-0.01,
12:38:25:353,1.41,-2.34,2.87,-0.02,-0.09,-0.02,
12:38:25:354,1.41,-2.34,2.87,-0.02,-0.09,-0.02,
12:38:25:355,1.41,-2.34,2.87,-0.03,-0.03,-0.03,
12:38:25:355,0.91,-1.79,2.95,-0.03,-0.03,-0.03,
12:38:25:357,0.91,-1.79,2.95,-0.04,0.05,-0.03,
12:38:25:358,0.91,-1.79,2.95,-0.04,0.05,-0.03,
12:38:25:360,0.91,-1.79,2.95,-0.05,0.10,-0.04,
12:38:25:360,0.86,-0.61,4.02,-0.05,0.10,-0.04,
12:38:25:362,0.86,-0.61,4.02,-0.04,0.09,-0.04,
12:38:25:363,0.86,-0.61,4.02,-0.04,0.09,-0.04,
12:38:25:366,0.86,-0.61,4.02,-0.04,0.03,-0.04,
12:38:25:367,0.25,-2.29,3.71,-0.04,0.03,-0.04,
12:38:25:367,0.25,-2.29,3.71,-0.03,-0.09,-0.03,
12:38:25:368,0.25,-2.29,3.71,-0.03,-0.09,-0.03,
12:38:25:371,0.25,-2.29,3.71,-0.02,-0.19,-0.01,
12:38:25:372,1.57,-0.30,3.94,-0.02,-0.19,-0.01,
12:38:25:376,1.57,-0.30,3.94,-0.00,-0.18,0.00,
12:38:25:376,1.57,-0.30,3.94,-0.00,-0.18,0.00,
12:38:25:377,1.57,-0.30,3.94,0.01,-0.07,0.00,
12:38:25:378,0.97,-0.56,2.60,0.01,-0.07,0.00,
12:38:25:379,0.97,-0.56,2.60,0.01,0.06,-0.01,
12:38:25:379,0.97,-0.56,2.60,0.01,0.06,-0.01,
12:38:25:380,0.97,-0.56,2.60,-0.00,0.06,-0.01,
12:38:25:381,2.21,-1.40,3.51,-0.00,0.06,-0.01,
12:38:25:383,2.21,-1.40,3.51,-0.00,-0.01,-0.03,
12:38:25:383,2.21,-1.40,3.51,-0.00,-0.01,-0.03,
12:38:25:385,2.21,-1.40,3.51,-0.01,-0.04,-0.04,
12:38:25:386,1.35,-1.84,3.31,-0.01,-0.04,-0.04,
12:38:25:387,1.35,-1.84,3.31,-0.01,-0.00,-0.05,
12:38:25:388,1.35,-1.84,3.31,-0.01,-0.00,-0.05,
12:38:25:390,1.35,-1.84,3.31,-0.01,0.04,-0.06,
12:38:25:391,1.23,-0.01,3.69,-0.01,0.04,-0.06,
12:38:25:392,1.23,-0.01,3.69,-0.00,0.03,-0.05,
12:38:25:393,1.23,-0.01,3.69,-0.00,0.03,-0.05,
12:38:25:395,1.23,-0.01,3.69,0.01,-0.01,-0.03,
12:38:25:396,1.03,-0.63,3.80,0.01,-0.01,-0.03,
12:38:25:398,1.03,-0.63,3.80,0.01,-0.06,-0.02,
12:38:25:398,1.03,-0.63,3.80,0.01,-0.06,-0.02,
12:38:25:407,1.03,-0.63,3.80,0.01,-0.10,-0.01,
12:38:25:408,0.66,-2.21,2.52,0.01,-0.10,-0.01,
12:38:25:408,0.66,-2.21,2.52,0.01,-0.11,-0.01,
12:38:25:409,0.66,-2.21,2.52,0.01,-0.11,-0.01,
12:38:25:410,0.66,-2.21,2.52,0.01,-0.07,-0.01,
12:38:25:410,1.15,-1.16,3.04,0.01,-0.07,-0.01,
12:38:25:411,1.15,-1.16,3.04,0.00,0.01,-0.01,
12:38:25:411,1.15,-1.16,3.04,0.00,0.01,-0.01,
12:38:25:412,1.15,-1.16,3.04,0.01,0.10,-0.02,
12:38:25:412,0.35,-1.14,2.96,0.01,0.10,-0.02,
12:38:25:413,0.35,-1.14,2.96,-0.00,0.11,-0.03,
12:38:25:414,0.35,-1.14,2.96,-0.00,0.11,-0.03,
12:38:25:420,0.35,-1.14,2.96,-0.01,0.04,-0.03,
12:38:25:421,0.46,-2.10,4.15,-0.01,0.04,-0.03,
12:38:25:421,0.46,-2.10,4.15,-0.00,-0.06,-0.03,
12:38:25:421,0.46,-2.10,4.15,-0.00,-0.06,-0.03,
12:38:25:422,0.46,-2.10,4.15,0.01,-0.13,-0.01,
12:38:25:425,-0.37,-1.95,2.72,0.01,-0.13,-0.01,
12:38:25:426,-0.37,-1.95,2.72,0.03,-0.14,0.00,
12:38:25:426,-0.37,-1.95,2.73,0.03,-0.14,0.00,
12:38:25:426,-0.37,-1.95,2.73,0.03,-0.11,0.02,
12:38:25:427,0.77,-0.56,3.57,0.03,-0.11,0.02,
12:38:25:427,0.77,-0.56,3.57,0.03,-0.06,0.03,
12:38:25:427,0.77,-0.56,3.57,0.03,-0.06,0.03,
12:38:25:430,0.77,-0.56,3.57,0.03,-0.00,0.03,
12:38:25:430,0.55,-1.81,2.82,0.03,-0.00,0.03,
12:38:25:433,0.55,-1.81,2.82,0.02,0.05,0.01,
12:38:25:433,0.55,-1.81,2.82,0.02,0.05,0.01,
12:38:25:435,0.55,-1.81,2.82,0.01,0.07,-0.01,
12:38:25:436,0.87,-0.76,4.17,0.01,0.07,-0.01,
12:38:25:438,0.87,-0.76,4.17,0.01,0.03,-0.02,
12:38:25:438,0.87,-0.76,4.17,0.01,0.03,-0.02,
12:38:25:440,0.87,-0.76,4.17,0.00,-0.06,-0.02,
12:38:25:441,1.08,-1.01,4.28,0.00,-0.06,-0.02,
12:38:25:442,1.08,-1.01,4.28,0.00,-0.11,-0.01,
12:38:25:443,1.08,-1.01,4.28,0.00,-0.11,-0.01,
12:38:25:445,1.08,-1.01,4.28,0.01,-0.08,-0.01,
12:38:25:445,0.55,-0.40,3.97,0.01,-0.08,-0.01,
12:38:25:447,0.55,-0.40,3.97,0.02,-0.03,0.00,
12:38:25:448,0.55,-0.40,3.97,0.02,-0.03,0.00,
12:38:25:450,0.55,-0.40,3.97,0.03,-0.01,0.01,
12:38:25:451,1.63,0.41,4.70,0.03,-0.01,0.01,
12:38:25:453,1.63,0.41,4.70,0.04,-0.03,0.01,
12:38:25:454,1.63,0.41,4.71,0.04,-0.03,0.01,
12:38:25:455,1.63,0.41,4.71,0.05,-0.07,0.01,
12:38:25:455,1.56,-1.02,3.92,0.05,-0.07,0.01,
12:38:25:458,1.56,-1.02,3.92,0.06,-0.12,-0.00,
12:38:25:458,1.56,-1.02,3.92,0.06,-0.12,-0.00,
12:38:25:460,1.56,-1.02,3.92,0.07,-0.13,-0.01,
12:38:25:460,1.87,0.16,3.61,0.07,-0.13,-0.01,
12:38:25:462,1.87,0.16,3.61,0.07,-0.05,-0.02,
12:38:25:463,1.87,0.16,3.61,0.07,-0.05,-0.02,
12:38:25:466,1.87,0.16,3.61,0.06,0.09,-0.03,
12:38:25:466,1.07,-0.89,3.79,0.06,0.09,-0.03,
12:38:25:467,1.07,-0.89,3.79,0.05,0.14,-0.04,
12:38:25:468,1.07,-0.89,3.79,0.05,0.14,-0.04,
12:38:25:471,1.07,-0.89,3.79,0.05,0.06,-0.05,
12:38:25:472,0.65,-1.68,3.79,0.05,0.06,-0.05,
12:38:25:473,0.65,-1.68,3.79,0.06,-0.09,-0.04,
12:38:25:473,0.65,-1.68,3.79,0.06,-0.09,-0.04,
12:38:25:475,0.65,-1.68,3.79,0.07,-0.18,-0.02,
12:38:25:475,0.58,-0.47,3.23,0.07,-0.18,-0.02,
12:38:25:477,0.58,-0.47,3.23,0.07,-0.12,-0.00,
12:38:25:478,0.58,-0.47,3.24,0.07,-0.12,-0.00,
12:38:25:480,0.58,-0.47,3.24,0.07,0.00,0.01,
12:38:25:481,0.49,-0.17,3.58,0.07,0.00,0.01,
12:38:25:483,0.49,-0.17,3.58,0.06,-0.01,0.03,
12:38:25:484,0.48,-0.17,3.58,0.06,-0.01,0.03,
12:38:25:485,0.48,-0.17,3.58,0.07,-0.13,0.04,
12:38:25:486,1.31,-2.20,2.74,0.07,-0.13,0.04,
12:38:25:487,1.31,-2.20,2.74,0.08,-0.22,0.03,
12:38:25:488,1.31,-2.20,2.74,0.08,-0.22,0.03,
12:38:25:490,1.31,-2.20,2.74,0.08,-0.18,0.02,
12:38:25:491,1.13,-1.25,2.28,0.08,-0.18,0.02,
12:38:25:493,1.13,-1.25,2.28,0.06,-0.03,0.00,
12:38:25:493,1.13,-1.25,2.28,0.06,-0.03,0.00,
12:38:25:495,1.13,-1.25,2.28,0.06,0.12,-0.01,
12:38:25:496,0.90,0.36,2.84,0.06,0.12,-0.01,
12:38:25:498,0.90,0.36,2.84,0.06,0.18,-0.03,
12:38:25:498,0.90,0.36,2.84,0.06,0.18,-0.03,
12:38:25:510,0.90,0.36,2.84,0.05,0.12,-0.03,
12:38:25:511,0.99,-0.85,4.39,0.05,0.12,-0.03,
12:38:25:512,0.99,-0.85,4.39,0.04,-0.00,-0.03,
12:38:25:513,0.99,-0.85,4.39,0.04,-0.00,-0.03,
12:38:25:514,0.99,-0.85,4.39,0.03,-0.13,-0.01,
12:38:25:515,0.28,-1.22,3.90,0.03,-0.13,-0.01,
12:38:25:516,0.28,-1.22,3.90,0.03,-0.19,0.00,
12:38:25:517,0.28,-1.22,3.91,0.03,-0.19,0.00,
12:38:25:517,0.28,-1.22,3.91,0.05,-0.17,0.02,
12:38:25:518,0.71,0.29,3.77,0.05,-0.17,0.02,
12:38:25:519,0.71,0.29,3.77,0.06,-0.10,0.04,
12:38:25:519,0.71,0.29,3.77,0.06,-0.10,0.04,
12:38:25:520,0.71,0.29,3.77,0.07,-0.01,0.04,
12:38:25:522,1.06,0.94,3.75,0.07,-0.01,0.04,
12:38:25:523,1.06,0.94,3.75,0.08,0.06,0.03,
12:38:25:523,1.06,0.94,3.75,0.08,0.06,0.03,
12:38:25:523,1.06,0.94,3.75,0.08,0.06,0.01,
12:38:25:523,1.17,-0.91,3.79,0.08,0.06,0.01,
12:38:25:524,1.17,-0.91,3.79,0.08,-0.04,-0.01,
12:38:25:524,1.17,-0.91,3.79,0.08,-0.04,-0.01,
12:38:25:525,1.17,-0.91,3.79,0.08,-0.13,-0.02,
12:38:25:526,1.11,-0.90,3.86,0.08,-0.13,-0.02,
12:38:25:527,1.11,-0.90,3.86,0.07,-0.12,-0.02,
12:38:25:528,1.11,-0.90,3.86,0.07,-0.12,-0.02,
12:38:25:530,1.11,-0.90,3.86,0.07,-0.06,-0.01,
12:38:25:531,0.64,-0.30,3.33,0.07,-0.06,-0.01,
12:38:25:533,0.64,-0.30,3.33,0.08,-0.01,-0.00,
12:38:25:534,0.64,-0.30,3.34,0.08,-0.01,-0.00,
12:38:25:535,0.64,-0.30,3.34,0.09,-0.00,0.01,
12:38:25:536,0.59,-0.77,3.47,0.09,-0.00,0.01,
12:38:25:538,0.59,-0.77,3.47,0.10,-0.04,0.02,
12:38:25:539,0.59,-0.78,3.48,0.10,-0.04,0.02,
12:38:25:540,0.59,-0.78,3.48,0.10,-0.06,0.02,
12:38:25:540,0.52,-0.42,3.29,0.10,-0.06,0.02,
12:38:25:542,0.52,-0.42,3.29,0.09,-0.05,0.02,
12:38:25:543,0.52,-0.42,3.29,0.09,-0.05,0.02,
12:38:25:545,0.52,-0.42,3.29,0.07,-0.03,0.02,
12:38:25:550,0.87,-1.38,3.72,0.07,-0.03,0.02,
12:38:25:550,0.87,-1.38,3.72,0.06,-0.07,0.02,
12:38:25:551,0.87,-1.38,3.72,0.06,-0.07,0.02,
12:38:25:551,0.87,-1.38,3.72,0.06,-0.15,0.03,
12:38:25:552,1.32,-1.19,3.08,0.06,-0.15,0.03,
12:38:25:553,1.32,-1.19,3.08,0.07,-0.19,0.03,
12:38:25:554,1.32,-1.19,3.08,0.07,-0.19,0.03,
12:38:25:555,1.32,-1.19,3.08,0.07,-0.14,0.03,
12:38:25:555,1.22,-1.50,2.54,0.07,-0.14,0.03,
12:38:25:558,1.22,-1.50,2.54,0.06,-0.05,0.03,
12:38:25:558,1.22,-1.50,2.54,0.06,-0.05,0.03,
12:38:25:560,1.22,-1.50,2.54,0.06,-0.01,0.03,
12:38:25:561,2.20,-0.90,3.23,0.06,-0.01,0.03,
12:38:25:563,2.20,-0.90,3.23,0.06,-0.00,0.02,
12:38:25:563,2.20,-0.90,3.24,0.06,-0.00,0.02,
12:38:25:565,2.20,-0.90,3.24,0.08,0.03,-0.01,
12:38:25:566,1.15,-0.58,3.31,0.08,0.03,-0.01,
12:38:25:567,1.15,-0.58,3.31,0.08,0.06,-0.03,
12:38:25:568,1.15,-0.58,3.31,0.08,0.06,-0.03,
12:38:25:570,1.15,-0.58,3.31,0.09,0.00,-0.03,
12:38:25:571,1.22,0.28,3.40,0.09,0.00,-0.03,
12:38:25:573,1.22,0.28,3.40,0.11,-0.11,-0.02,
12:38:25:574,1.22,0.28,3.41,0.11,-0.11,-0.02,
12:38:25:575,1.22,0.28,3.41,0.11,-0.17,0.00,
12:38:25:575,1.10,-0.96,2.40,0.11,-0.17,0.00,
12:38:25:578,1.10,-0.96,2.40,0.09,-0.16,0.02,
12:38:25:578,1.10,-0.96,2.40,0.09,-0.16,0.02,
12:38:25:580,1.10,-0.96,2.40,0.07,-0.13,0.03,
12:38:25:581,2.06,-1.44,2.38,0.07,-0.13,0.03,
12:38:25:583,2.06,-1.44,2.38,0.06,-0.10,0.02,
12:38:25:583,2.06,-1.44,2.38,0.06,-0.10,0.02,
12:38:25:586,2.06,-1.44,2.38,0.06,-0.02,0.01,
12:38:25:587,1.11,-0.02,1.77,0.06,-0.02,0.01,
12:38:25:588,1.11,-0.02,1.77,0.07,0.10,-0.02,
12:38:25:589,1.11,-0.02,1.77,0.07,0.10,-0.02,
12:38:25:590,1.11,-0.02,1.77,0.06,0.19,-0.04,
12:38:25:591,0.45,0.21,3.00,0.06,0.19,-0.04,
12:38:25:593,0.45,0.21,3.00,0.05,0.16,-0.04,
12:38:25:593,0.46,0.21,3.00,0.05,0.16,-0.04,
12:38:25:595,0.46,0.21,3.00,0.03,0.00,-0.03,
12:38:25:596,0.93,-1.61,3.64,0.03,0.00,-0.03,
12:38:25:598,0.93,-1.61,3.64,0.02,-0.17,-0.01,
12:38:25:598,0.93,-1.61,3.64,0.02,-0.17,-0.01,
12:38:25:601,0.93,-1.61,3.64,0.01,-0.23,0.01,
12:38:25:602,-0.10,-2.19,2.70,0.01,-0.23,0.01,
12:38:25:603,-0.10,-2.19,2.70,0.01,-0.16,0.02,
12:38:25:604,-0.10,-2.19,2.70,0.01,-0.16,0.02,
12:38:25:606,-0.10,-2.19,2.70,0.03,-0.07,0.03,
12:38:25:607,-0.09,-0.74,2.22,0.03,-0.07,0.03,
12:38:25:608,-0.09,-0.74,2.22,0.06,-0.05,0.04,
12:38:25:608,-0.09,-0.74,2.23,0.06,-0.05,0.04,
12:38:25:610,-0.09,-0.74,2.23,0.07,-0.04,0.05,
12:38:25:611,0.64,-0.81,2.54,0.07,-0.04,0.05,
12:38:25:612,0.64,-0.81,2.54,0.06,-0.00,0.04,
12:38:25:613,0.64,-0.81,2.54,0.06,-0.00,0.04,
12:38:25:621,0.64,-0.81,2.54,0.03,0.01,0.02,
12:38:25:622,1.20,-2.28,3.80,0.03,0.01,0.02,
12:38:25:622,1.20,-2.28,3.80,0.01,-0.02,0.01,
12:38:25:623,1.20,-2.28,3.80,0.01,-0.02,0.01,
12:38:25:623,1.20,-2.28,3.80,0.02,-0.10,-0.00,
12:38:25:623,0.61,-1.74,2.64,0.02,-0.10,-0.00,
12:38:25:623,0.61,-1.74,2.64,0.04,-0.16,0.01,
12:38:25:624,0.61,-1.74,2.64,0.04,-0.16,0.01,
12:38:25:626,0.61,-1.74,2.64,0.05,-0.13,0.02,
12:38:25:626,1.10,0.21,3.04,0.05,-0.13,0.02,
12:38:25:627,1.10,0.21,3.04,0.05,-0.05,0.02,
12:38:25:628,1.10,0.21,3.04,0.05,-0.05,0.02,
12:38:25:630,1.10,0.21,3.04,0.05,0.02,0.03,
12:38:25:630,0.99,-1.10,2.62,0.05,0.02,0.03,
12:38:25:634,0.99,-1.10,2.62,0.04,0.01,0.03,
12:38:25:635,0.99,-1.10,2.62,0.04,0.01,0.03,
12:38:25:636,0.99,-1.10,2.62,0.03,-0.03,0.02,
12:38:25:637,1.13,-2.24,2.89,0.03,-0.03,0.02,
12:38:25:637,1.13,-2.24,2.89,0.03,-0.09,0.01,
12:38:25:638,1.12,-2.24,2.89,0.03,-0.09,0.01,
12:38:25:640,1.12,-2.24,2.89,0.03,-0.14,0.01,
12:38:25:641,1.64,-0.17,2.65,0.03,-0.14,0.01,
12:38:25:642,1.64,-0.17,2.65,0.04,-0.11,0.02,
12:38:25:643,1.64,-0.17,2.65,0.04,-0.11,0.02,
12:38:25:645,1.64,-0.17,2.65,0.04,-0.02,0.01,
12:38:25:646,1.22,0.25,2.47,0.04,-0.02,0.01,
12:38:25:647,1.22,0.25,2.47,0.04,0.04,0.01,
12:38:25:648,1.22,0.25,2.47,0.04,0.04,0.01,
12:38:25:650,1.22,0.25,2.47,0.04,-0.01,0.01,
12:38:25:650,1.83,-0.57,2.73,0.04,-0.01,0.01,
12:38:25:653,1.83,-0.57,2.73,0.03,-0.08,0.02,
12:38:25:653,1.83,-0.57,2.73,0.03,-0.08,0.02,
12:38:25:655,1.83,-0.57,2.73,0.02,-0.12,0.01,
12:38:25:656,1.71,-1.24,2.45,0.02,-0.12,0.01,
12:38:25:657,1.71,-1.24,2.45,0.00,-0.11,0.01,
12:38:25:658,1.71,-1.24,2.45,0.00,-0.11,0.01,
12:38:25:660,1.71,-1.24,2.45,-0.01,-0.04,-0.00,
12:38:25:661,1.39,-0.95,2.60,-0.01,-0.04,-0.00,
12:38:25:662,1.39,-0.95,2.60,-0.02,0.00,-0.01,
12:38:25:663,1.39,-0.95,2.60,-0.02,0.00,-0.01,
12:38:25:666,1.39,-0.95,2.60,-0.00,-0.03,-0.01,
12:38:25:666,1.36,-0.99,1.86,-0.00,-0.03,-0.01,
12:38:25:668,1.36,-0.99,1.86,0.01,-0.07,-0.01,
12:38:25:669,1.36,-0.99,1.86,0.01,-0.07,-0.01,
12:38:25:670,1.36,-0.99,1.86,0.00,-0.04,-0.01,
12:38:25:677,0.96,-0.86,2.94,0.00,-0.04,-0.01,
12:38:25:678,0.96,-0.86,2.94,-0.01,0.04,-0.01,
12:38:25:678,0.96,-0.86,2.94,-0.01,0.04,-0.01,
12:38:25:679,0.96,-0.86,2.94,-0.01,0.06,-0.01,
12:38:25:679,0.94,-0.71,3.03,-0.01,0.06,-0.01,
12:38:25:680,0.94,-0.71,3.03,-0.00,-0.02,-0.01,
12:38:25:680,0.94,-0.71,3.03,-0.00,-0.02,-0.01,
12:38:25:681,0.94,-0.71,3.03,-0.01,-0.14,0.01,
12:38:25:681,2.29,-0.94,3.59,-0.01,-0.14,0.01,
12:38:25:683,2.29,-0.94,3.59,-0.01,-0.23,0.01,
12:38:25:684,2.29,-0.94,3.59,-0.01,-0.23,0.01,
12:38:25:685,2.29,-0.94,3.59,-0.02,-0.23,0.01,
12:38:25:686,1.61,-2.87,1.57,-0.02,-0.23,0.01,
12:38:25:688,1.61,-2.87,1.57,-0.01,-0.15,-0.00,
12:38:25:689,1.61,-2.87,1.57,-0.01,-0.15,-0.00,
12:38:25:690,1.61,-2.87,1.57,-0.00,0.00,-0.02,
12:38:25:691,1.13,-0.90,1.71,-0.00,0.00,-0.02,
12:38:25:692,1.13,-0.90,1.71,0.01,0.16,-0.03,
12:38:25:693,1.13,-0.90,1.71,0.01,0.16,-0.03,
12:38:25:695,1.13,-0.90,1.71,0.01,0.23,-0.05,
12:38:25:696,1.46,0.53,3.37,0.01,0.23,-0.05,
12:38:25:698,1.46,0.53,3.37,0.01,0.17,-0.05,
12:38:25:698,1.46,0.53,3.37,0.01,0.17,-0.05,
12:38:25:700,1.46,0.53,3.37,0.01,-0.00,-0.05,
12:38:25:701,1.23,-2.10,2.94,0.01,-0.00,-0.05,
12:38:25:703,1.23,-2.10,2.94,-0.00,-0.17,-0.04,
12:38:25:704,1.23,-2.10,2.94,-0.00,-0.17,-0.04,
12:38:25:705,1.23,-2.10,2.94,-0.01,-0.25,-0.02,
12:38:25:706,1.27,-1.81,2.47,-0.01,-0.25,-0.02,
12:38:25:707,1.27,-1.81,2.47,-0.01,-0.19,-0.01,
12:38:25:708,1.27,-1.81,2.47,-0.01,-0.19,-0.01,
12:38:25:712,1.27,-1.81,2.47,-0.02,-0.04,-0.00,
12:38:25:713,1.05,-0.45,2.13,-0.02,-0.04,-0.00,
12:38:25:713,1.05,-0.45,2.13,-0.01,0.06,-0.00,
12:38:25:714,1.06,-0.45,2.13,-0.01,0.06,-0.00,
12:38:25:721,1.06,-0.45,2.13,-0.01,0.11,-0.01,
12:38:25:722,1.04,-1.01,2.24,-0.01,0.11,-0.01,
12:38:25:722,1.04,-1.01,2.24,-0.01,0.08,-0.02,
12:38:25:723,1.04,-1.01,2.24,-0.01,0.08,-0.02,
12:38:25:723,1.04,-1.01,2.24,-0.03,-0.00,-0.03,
12:38:25:723,1.62,-1.77,3.23,-0.03,-0.00,-0.03,
12:38:25:724,1.62,-1.77,3.23,-0.05,-0.09,-0.03,
12:38:25:724,1.62,-1.77,3.23,-0.05,-0.09,-0.03,
12:38:25:726,1.62,-1.77,3.23,-0.05,-0.11,-0.03,
12:38:25:727,1.19,-1.03,2.88,-0.05,-0.11,-0.03,
12:38:25:728,1.19,-1.03,2.88,-0.04,-0.08,-0.02,
12:38:25:729,1.19,-1.03,2.88,-0.04,-0.08,-0.02,
12:38:25:730,1.19,-1.03,2.88,-0.02,-0.06,-0.01,
12:38:25:731,1.14,-0.64,2.71,-0.02,-0.06,-0.01,
12:38:25:732,1.14,-0.64,2.71,-0.01,-0.05,-0.00,
12:38:25:733,1.14,-0.64,2.71,-0.01,-0.05,-0.00,
12:38:25:735,1.14,-0.64,2.71,-0.01,-0.02,-0.00,
12:38:25:736,1.06,-0.76,2.48,-0.01,-0.02,-0.00,
12:38:25:738,1.06,-0.76,2.48,0.00,0.05,-0.01,
12:38:25:739,1.06,-0.76,2.48,0.00,0.05,-0.01,
12:38:25:740,1.06,-0.76,2.48,-0.00,0.12,-0.03,
12:38:25:740,0.75,-0.64,3.71,-0.00,0.12,-0.03,
12:38:25:742,0.75,-0.64,3.71,-0.02,0.10,-0.04,
12:38:25:743,0.75,-0.64,3.70,-0.02,0.10,-0.04,
12:38:25:745,0.75,-0.64,3.70,-0.03,-0.05,-0.03,
12:38:25:746,1.84,-1.14,4.18,-0.03,-0.05,-0.03,
12:38:25:747,1.84,-1.14,4.18,-0.03,-0.21,-0.02,
12:38:25:748,1.84,-1.14,4.18,-0.03,-0.21,-0.02,
12:38:25:750,1.84,-1.14,4.18,-0.02,-0.28,-0.00,
12:38:25:751,1.48,-1.33,2.35,-0.02,-0.28,-0.00,
12:38:25:753,1.48,-1.33,2.35,-0.01,-0.21,0.01,
12:38:25:753,1.48,-1.33,2.35,-0.01,-0.21,0.01,
12:38:25:755,1.48,-1.33,2.35,-0.00,-0.09,0.01,
12:38:25:755,1.94,-0.19,2.29,-0.00,-0.09,0.01,
12:38:25:757,1.94,-0.19,2.29,0.01,0.03,-0.00,
12:38:25:758,1.94,-0.19,2.29,0.01,0.03,-0.00,
12:38:25:760,1.94,-0.19,2.29,0.00,0.15,-0.02,
12:38:25:761,1.77,-0.94,3.04,0.00,0.15,-0.02,
12:38:25:763,1.77,-0.94,3.04,-0.01,0.19,-0.05,
12:38:25:763,1.77,-0.94,3.04,-0.01,0.19,-0.05,
12:38:25:766,1.77,-0.94,3.04,-0.01,0.11,-0.07,
12:38:25:766,1.50,-0.96,3.68,-0.01,0.11,-0.07,
12:38:25:769,1.50,-0.96,3.68,-0.01,-0.02,-0.08,
12:38:25:771,1.50,-0.96,3.68,-0.01,-0.02,-0.08,
12:38:25:772,1.50,-0.96,3.68,-0.01,-0.10,-0.07,
12:38:25:773,0.84,-0.43,3.61,-0.01,-0.10,-0.07,
12:38:25:774,0.84,-0.43,3.61,-0.00,-0.12,-0.04,
12:38:25:774,0.84,-0.43,3.61,-0.00,-0.12,-0.04,
12:38:25:775,0.84,-0.43,3.61,0.00,-0.12,-0.01,
12:38:25:776,1.30,-0.50,3.02,0.00,-0.12,-0.01,
12:38:25:778,1.30,-0.50,3.02,0.00,-0.11,0.01,
12:38:25:778,1.30,-0.50,3.02,0.00,-0.11,0.01,
12:38:25:780,1.30,-0.50,3.02,0.01,-0.10,0.02,
12:38:25:781,2.31,-0.30,2.57,0.01,-0.10,0.02,
12:38:25:783,2.31,-0.30,2.57,0.01,-0.06,0.00,
12:38:25:784,2.30,-0.30,2.57,0.01,-0.06,0.00,
12:38:25:786,2.30,-0.30,2.57,0.00,0.04,-0.03,
12:38:25:787,1.95,-0.19,3.01,0.00,0.04,-0.03,
12:38:25:788,1.95,-0.19,3.01,-0.01,0.14,-0.06,
12:38:25:789,1.95,-0.19,3.01,-0.01,0.14,-0.06,
12:38:25:790,1.95,-0.19,3.01,-0.01,0.14,-0.09,
12:38:25:791,1.45,-0.74,3.42,-0.01,0.14,-0.09,
12:38:25:793,1.45,-0.74,3.42,-0.01,0.05,-0.09,
12:38:25:793,1.46,-0.74,3.42,-0.01,0.05,-0.09,
12:38:25:795,1.46,-0.74,3.42,-0.01,-0.07,-0.08,
12:38:25:803,1.65,-0.32,3.84,-0.01,-0.07,-0.08,
12:38:25:803,1.65,-0.32,3.84,-0.02,-0.12,-0.06,
12:38:25:805,1.65,-0.32,3.84,-0.02,-0.12,-0.06,
12:38:25:806,1.65,-0.32,3.84,-0.01,-0.13,-0.03,
12:38:25:806,1.65,-0.19,3.17,-0.01,-0.13,-0.03,
12:38:25:807,1.65,-0.19,3.17,0.00,-0.12,-0.02,
12:38:25:807,1.65,-0.19,3.17,0.00,-0.12,-0.02,
12:38:25:808,1.65,-0.19,3.17,0.02,-0.07,-0.01,
12:38:25:808,1.68,-0.16,2.38,0.02,-0.07,-0.01,
12:38:25:809,1.68,-0.16,2.38,0.03,0.02,-0.02,
12:38:25:809,1.68,-0.16,2.38,0.03,0.02,-0.02,
12:38:25:811,1.68,-0.16,2.38,0.02,0.08,-0.04,
12:38:25:811,1.71,-1.45,2.80,0.02,0.08,-0.04,
12:38:25:813,1.71,-1.45,2.80,0.01,0.08,-0.06,
12:38:25:813,1.71,-1.45,2.80,0.01,0.08,-0.06,
12:38:25:820,1.71,-1.45,2.80,0.00,0.01,-0.07,
12:38:25:820,1.45,-1.96,2.72,0.00,0.01,-0.07,
12:38:25:821,1.45,-1.96,2.72,0.01,-0.07,-0.08,
12:38:25:821,1.45,-1.96,2.72,0.01,-0.07,-0.08,
12:38:25:822,1.45,-1.96,2.72,0.01,-0.10,-0.07,
12:38:25:823,1.11,-1.11,2.56,0.01,-0.10,-0.07,
12:38:25:823,1.11,-1.11,2.56,0.02,-0.06,-0.05,
12:38:25:823,1.11,-1.11,2.56,0.02,-0.06,-0.05,
12:38:25:826,1.11,-1.11,2.56,0.04,-0.00,-0.04,
12:38:25:827,0.88,0.02,2.36,0.04,-0.00,-0.04,
12:38:25:828,0.88,0.02,2.36,0.04,0.04,-0.03,
12:38:25:829,0.88,0.02,2.36,0.04,0.04,-0.03,
12:38:25:830,0.88,0.02,2.36,0.03,0.04,-0.02,
12:38:25:831,1.37,-1.66,2.74,0.03,0.04,-0.02,
12:38:25:832,1.37,-1.66,2.74,0.01,-0.01,-0.03,
12:38:25:833,1.38,-1.66,2.74,0.01,-0.01,-0.03,
12:38:25:835,1.38,-1.66,2.74,-0.01,-0.08,-0.04,
12:38:25:836,1.66,-2.71,2.74,-0.01,-0.08,-0.04,
12:38:25:838,1.66,-2.71,2.74,-0.02,-0.13,-0.04,
12:38:25:838,1.66,-2.71,2.74,-0.02,-0.13,-0.04,
12:38:25:840,1.66,-2.71,2.74,-0.01,-0.11,-0.05,
12:38:25:840,1.15,-1.06,2.15,-0.01,-0.11,-0.05,
12:38:25:842,1.15,-1.06,2.15,0.00,-0.01,-0.05,
12:38:25:843,1.15,-1.06,2.15,0.00,-0.01,-0.05,
12:38:25:845,1.15,-1.06,2.15,0.02,0.09,-0.05,
12:38:25:845,1.19,0.96,2.67,0.02,0.09,-0.05,
12:38:25:847,1.19,0.96,2.67,0.03,0.12,-0.05,
12:38:25:848,1.19,0.96,2.67,0.03,0.12,-0.05,
12:38:25:850,1.19,0.96,2.67,0.03,0.09,-0.05,
12:38:25:851,1.45,-1.07,3.80,0.03,0.09,-0.05,
12:38:25:852,1.45,-1.07,3.80,0.01,0.00,-0.05,
12:38:25:853,1.45,-1.07,3.80,0.01,0.00,-0.05,
12:38:25:855,1.45,-1.07,3.80,-0.00,-0.08,-0.06,
12:38:25:856,0.55,-2.49,2.89,-0.00,-0.08,-0.06,
12:38:25:858,0.55,-2.49,2.89,-0.00,-0.12,-0.05,
12:38:25:858,0.55,-2.49,2.89,-0.00,-0.12,-0.05,
12:38:25:860,0.55,-2.49,2.89,0.01,-0.13,-0.04,
12:38:25:861,1.26,-0.24,2.97,0.01,-0.13,-0.04,
12:38:25:863,1.26,-0.24,2.97,0.02,-0.09,-0.03,
12:38:25:863,1.26,-0.24,2.97,0.02,-0.09,-0.03,
12:38:25:865,1.26,-0.24,2.97,0.03,-0.05,-0.02,
12:38:25:866,1.80,-0.42,2.44,0.03,-0.05,-0.02,
12:38:25:868,1.80,-0.42,2.44,0.03,-0.01,-0.02,
12:38:25:868,1.80,-0.42,2.44,0.03,-0.01,-0.02,
12:38:25:870,1.80,-0.42,2.44,0.03,-0.02,-0.03,
12:38:25:871,2.40,-1.62,2.59,0.03,-0.02,-0.03,
12:38:25:873,2.40,-1.62,2.59,0.02,-0.06,-0.04,
12:38:25:874,2.40,-1.62,2.59,0.02,-0.06,-0.04,
12:38:25:875,2.40,-1.62,2.59,0.01,-0.04,-0.06,
12:38:25:876,1.88,-1.37,2.54,0.01,-0.04,-0.06,
12:38:25:877,1.88,-1.37,2.54,0.01,0.04,-0.08,
12:38:25:878,1.88,-1.37,2.54,0.01,0.04,-0.08,
12:38:25:880,1.88,-1.37,2.54,0.03,0.07,-0.09,
12:38:25:881,0.94,-0.77,1.71,0.03,0.07,-0.09,
12:38:25:883,0.94,-0.77,1.71,0.04,0.03,-0.09,
12:38:25:883,0.95,-0.77,1.71,0.04,0.03,-0.09,
12:38:25:886,0.95,-0.77,1.71,0.05,-0.04,-0.07,
12:38:25:886,1.64,-1.02,2.51,0.05,-0.04,-0.07,
12:38:25:888,1.64,-1.02,2.51,0.03,-0.06,-0.05,
12:38:25:888,1.64,-1.02,2.52,0.03,-0.06,-0.05,
12:38:25:890,1.64,-1.02,2.52,0.01,-0.00,-0.04,
12:38:25:891,0.84,-1.50,1.81,0.01,-0.00,-0.04,
12:38:25:892,0.84,-1.50,1.81,0.00,0.02,-0.04,
12:38:25:893,0.84,-1.50,1.81,0.00,0.02,-0.04,
12:38:25:895,0.84,-1.50,1.81,-0.00,-0.04,-0.03,
12:38:25:896,2.52,-0.13,2.83,-0.00,-0.04,-0.03,
12:38:25:898,2.52,-0.13,2.83,-0.01,-0.11,-0.03,
12:38:25:898,2.52,-0.13,2.83,-0.01,-0.11,-0.03,
12:38:25:907,2.52,-0.13,2.83,-0.01,-0.12,-0.04,
12:38:25:908,1.50,-1.54,1.22,-0.01,-0.12,-0.04,
12:38:25:908,1.50,-1.54,1.22,-0.01,-0.03,-0.05,
12:38:25:909,1.50,-1.54,1.22,-0.01,-0.03,-0.05,
12:38:25:909,1.50,-1.54,1.22,-0.02,0.09,-0.06,
12:38:25:910,0.40,-2.09,1.93,-0.02,0.09,-0.06,
12:38:25:910,0.40,-2.09,1.93,-0.03,0.16,-0.07,
12:38:25:911,0.40,-2.09,1.93,-0.03,0.16,-0.07,
12:38:25:911,0.40,-2.09,1.93,-0.02,0.13,-0.07,
12:38:25:912,0.67,-0.11,2.81,-0.02,0.13,-0.07,
12:38:25:913,0.67,-0.11,2.81,-0.00,0.06,-0.06,
12:38:25:914,0.68,-0.11,2.81,-0.00,0.06,-0.06,
12:38:25:918,0.68,-0.11,2.81,0.00,-0.01,-0.05,
12:38:25:919,0.72,-0.16,2.96,0.00,-0.01,-0.05,
12:38:25:919,0.72,-0.16,2.96,0.00,-0.12,-0.03,
12:38:25:919,0.72,-0.16,2.96,0.00,-0.12,-0.03,
12:38:25:920,0.72,-0.16,2.96,0.00,-0.23,-0.01,
12:38:25:923,1.68,-1.54,2.02,0.00,-0.23,-0.01,
12:38:25:924,1.68,-1.54,2.02,-0.00,-0.28,0.00,
12:38:25:924,1.68,-1.54,2.02,-0.00,-0.28,0.00,
12:38:25:925,1.68,-1.54,2.02,-0.01,-0.23,-0.00,
12:38:25:925,1.81,-3.16,0.91,-0.01,-0.23,-0.00,
12:38:25:927,1.81,-3.16,0.91,-0.01,-0.10,-0.02,
12:38:25:928,1.81,-3.16,0.91,-0.01,-0.10,-0.02,
12:38:25:930,1.81,-3.16,0.91,-0.01,0.05,-0.04,
12:38:25:930,1.45,-1.00,1.05,-0.01,0.05,-0.04,
12:38:25:933,1.45,-1.00,1.05,-0.01,0.17,-0.06,
12:38:25:933,1.45,-1.00,1.05,-0.01,0.17,-0.06,
12:38:25:935,1.45,-1.00,1.05,-0.01,0.24,-0.08,
12:38:25:936,1.46,0.07,2.65,-0.01,0.24,-0.08,
12:38:25:938,1.46,0.07,2.65,-0.01,0.21,-0.09,
12:38:25:938,1.46,0.07,2.65,-0.01,0.21,-0.09,
12:38:25:940,1.46,0.07,2.65,-0.03,0.09,-0.08,
12:38:25:941,0.95,-2.09,3.21,-0.03,0.09,-0.08,
12:38:25:943,0.95,-2.09,3.21,-0.04,-0.07,-0.07,
12:38:25:943,0.95,-2.09,3.20,-0.04,-0.07,-0.07,
12:38:25:945,0.95,-2.09,3.20,-0.05,-0.21,-0.04,
12:38:25:946,1.15,-2.61,2.69,-0.05,-0.21,-0.04,
12:38:25:948,1.15,-2.61,2.69,-0.05,-0.26,-0.02,
12:38:25:948,1.15,-2.61,2.68,-0.05,-0.26,-0.02,
12:38:25:950,1.15,-2.61,2.68,-0.04,-0.19,-0.00,
12:38:25:951,0.75,-1.28,1.63,-0.04,-0.19,-0.00,
12:38:25:953,0.75,-1.28,1.63,-0.03,-0.06,0.00,
12:38:25:954,0.75,-1.27,1.63,-0.03,-0.06,0.00,
12:38:25:955,0.75,-1.27,1.63,-0.02,0.06,-0.01,
12:38:25:956,1.33,-1.59,2.19,-0.02,0.06,-0.01,
12:38:25:958,1.33,-1.59,2.19,-0.02,0.13,-0.03,
12:38:25:958,1.33,-1.59,2.19,-0.02,0.13,-0.03,
12:38:25:960,1.33,-1.59,2.19,-0.01,0.12,-0.05,
12:38:25:961,1.49,-1.22,2.95,-0.01,0.12,-0.05,
12:38:25:963,1.49,-1.22,2.95,-0.02,0.06,-0.06,
12:38:25:963,1.50,-1.22,2.95,-0.02,0.06,-0.06,
12:38:25:966,1.50,-1.22,2.95,-0.01,0.00,-0.07,
12:38:25:966,0.87,-1.03,3.29,-0.01,0.00,-0.07,
12:38:25:968,0.87,-1.03,3.29,-0.00,-0.05,-0.06,
12:38:25:969,0.87,-1.03,3.29,-0.00,-0.05,-0.06,
12:38:25:971,0.87,-1.03,3.29,0.01,-0.12,-0.04,
12:38:25:971,0.79,-0.88,2.30,0.01,-0.12,-0.04,
12:38:25:973,0.79,-0.88,2.30,0.02,-0.15,-0.02,
12:38:25:973,0.79,-0.88,2.30,0.02,-0.15,-0.02,
12:38:25:975,0.79,-0.88,2.30,0.03,-0.12,-0.00,
12:38:25:976,1.72,-0.44,2.20,0.03,-0.12,-0.00,
12:38:25:977,1.72,-0.44,2.20,0.02,-0.05,0.00,
12:38:25:978,1.72,-0.44,2.21,0.02,-0.05,0.00,
12:38:25:980,1.72,-0.44,2.21,0.01,0.01,-0.01,
12:38:25:981,2.02,-0.43,2.26,0.01,0.01,-0.01,
12:38:25:983,2.02,-0.43,2.26,-0.00,0.05,-0.03,
12:38:25:983,2.02,-0.43,2.26,-0.00,0.05,-0.03,
12:38:25:986,2.02,-0.43,2.26,-0.01,0.04,-0.05,
12:38:25:986,1.60,-1.57,2.22,-0.01,0.04,-0.05,
12:38:25:988,1.60,-1.57,2.22,-0.02,-0.00,-0.07,
12:38:25:988,1.60,-1.57,2.22,-0.02,-0.00,-0.07,
12:38:25:990,1.60,-1.57,2.22,-0.02,-0.02,-0.07,
12:38:25:991,0.82,-1.64,2.15,-0.02,-0.02,-0.07,
12:38:25:993,0.82,-1.64,2.15,-0.03,-0.02,-0.06,
12:38:25:993,0.82,-1.64,2.15,-0.03,-0.02,-0.06,
12:38:25:995,0.82,-1.64,2.15,-0.03,-0.04,-0.05,
12:38:25:996,1.30,-0.84,2.35,-0.03,-0.04,-0.05,
12:38:25:998,1.30,-0.84,2.35,-0.03,-0.07,-0.03,
12:38:25:998,1.30,-0.84,2.35,-0.03,-0.07,-0.03,
12:38:26:008,1.30,-0.84,2.35,-0.02,-0.09,-0.02,
12:38:26:008,1.68,-0.89,2.22,-0.02,-0.09,-0.02,
12:38:26:009,1.68,-0.89,2.22,-0.01,-0.11,-0.01,
12:38:26:009,1.68,-0.89,2.21,-0.01,-0.11,-0.01,
12:38:26:010,1.68,-0.89,2.21,-0.01,-0.13,-0.01,
12:38:26:010,2.17,-2.17,1.63,-0.01,-0.13,-0.01,
12:38:26:011,2.17,-2.17,1.63,-0.01,-0.11,-0.02,
12:38:26:011,2.17,-2.17,1.63,-0.01,-0.11,-0.02,
12:38:26:011,2.17,-2.17,1.63,-0.01,-0.04,-0.04,
12:38:26:012,1.81,-1.87,1.30,-0.01,-0.04,-0.04,
12:38:26:013,1.81,-1.87,1.30,-0.01,0.05,-0.06,
12:38:26:014,1.81,-1.87,1.30,-0.01,0.05,-0.06,
12:38:26:019,1.81,-1.87,1.30,-0.01,0.15,-0.08,
12:38:26:019,1.21,-0.82,2.57,-0.01,0.15,-0.08,
12:38:26:020,1.21,-0.82,2.57,-0.02,0.19,-0.08,
12:38:26:020,1.21,-0.82,2.57,-0.02,0.19,-0.08,
12:38:26:021,1.21,-0.82,2.57,-0.01,0.14,-0.08,
12:38:26:021,0.06,-1.53,2.32,-0.01,0.14,-0.08,
12:38:26:024,0.06,-1.53,2.32,-0.00,0.01,-0.06,
12:38:26:025,0.06,-1.53,2.32,-0.00,0.01,-0.06,
12:38:26:026,0.06,-1.53,2.32,0.01,-0.10,-0.03,
12:38:26:026,0.37,-0.46,3.00,0.01,-0.10,-0.03,
12:38:26:029,0.37,-0.46,3.00,-0.01,-0.11,-0.01,
12:38:26:029,0.37,-0.46,3.00,-0.01,-0.11,-0.01,
12:38:26:030,0.37,-0.46,3.00,-0.03,-0.06,0.00,
12:38:26:031,0.43,-1.07,3.04,-0.03,-0.06,0.00,
12:38:26:033,0.43,-1.07,3.04,-0.03,-0.06,0.01,
12:38:26:033,0.43,-1.07,3.04,-0.03,-0.06,0.01,
12:38:26:035,0.43,-1.07,3.04,-0.03,-0.13,0.01,
12:38:26:036,1.69,-1.30,2.75,-0.03,-0.13,0.01,
12:38:26:039,1.69,-1.30,2.75,-0.03,-0.15,0.01,
12:38:26:039,1.69,-1.30,2.75,-0.03,-0.15,0.01,
12:38:26:040,1.69,-1.30,2.75,-0.03,-0.09,-0.01,
12:38:26:041,1.38,-0.90,2.19,-0.03,-0.09,-0.01,
12:38:26:043,1.38,-0.90,2.19,-0.02,0.02,-0.04,
12:38:26:043,1.38,-0.90,2.19,-0.02,0.02,-0.04,
12:38:26:045,1.38,-0.90,2.19,-0.02,0.09,-0.05,
12:38:26:050,1.69,-0.02,3.23,-0.02,0.09,-0.05,
12:38:26:050,1.69,-0.02,3.23,-0.01,0.06,-0.06,
12:38:26:050,1.70,-0.02,3.23,-0.01,0.06,-0.06,
12:38:26:051,1.70,-0.02,3.23,0.01,-0.02,-0.06,
12:38:26:051,1.28,-1.22,2.78,0.01,-0.02,-0.06,
12:38:26:053,1.28,-1.22,2.78,0.01,-0.05,-0.06,
12:38:26:053,1.28,-1.22,2.78,0.01,-0.05,-0.06,
12:38:26:055,1.28,-1.22,2.78,0.00,-0.04,-0.05,
12:38:26:056,1.14,-1.16,2.89,0.00,-0.04,-0.05,
12:38:26:058,1.14,-1.16,2.89,0.01,-0.07,-0.04,
12:38:26:058,1.14,-1.16,2.89,0.01,-0.07,-0.04,
12:38:26:060,1.14,-1.16,2.89,0.02,-0.11,-0.03,
12:38:26:060,1.85,-0.30,2.47,0.02,-0.11,-0.03,
12:38:26:063,1.85,-0.30,2.47,0.02,-0.10,-0.02,
12:38:26:063,1.85,-0.30,2.47,0.02,-0.10,-0.02,
12:38:26:066,1.85,-0.30,2.47,0.02,-0.07,-0.02,
12:38:26:067,2.41,-1.05,2.41,0.02,-0.07,-0.02,
12:38:26:068,2.41,-1.05,2.41,0.02,-0.03,-0.03,
12:38:26:069,2.41,-1.05,2.41,0.02,-0.03,-0.03,
12:38:26:070,2.41,-1.05,2.41,0.02,-0.02,-0.04,
12:38:26:071,2.10,-1.63,1.95,0.02,-0.02,-0.04,
12:38:26:072,2.10,-1.63,1.95,0.01,-0.02,-0.06,
12:38:26:073,2.10,-1.63,1.95,0.01,-0.02,-0.06,
12:38:26:075,2.10,-1.63,1.95,0.02,-0.05,-0.07,
12:38:26:075,2.06,-1.61,1.50,0.02,-0.05,-0.07,
12:38:26:077,2.06,-1.61,1.50,0.02,-0.05,-0.07,
12:38:26:078,2.06,-1.61,1.50,0.02,-0.05,-0.07,
12:38:26:080,2.06,-1.61,1.50,0.02,0.04,-0.08,
12:38:26:080,1.19,-0.18,2.22,0.02,0.04,-0.08,
12:38:26:082,1.19,-0.18,2.22,0.01,0.16,-0.08,
12:38:26:083,1.19,-0.18,2.23,0.01,0.16,-0.08,
12:38:26:085,1.19,-0.18,2.23,0.01,0.18,-0.08,
12:38:26:086,0.71,-0.90,2.66,0.01,0.18,-0.08,
12:38:26:088,0.71,-0.90,2.66,-0.01,0.08,-0.07,
12:38:26:088,0.71,-0.90,2.66,-0.01,0.08,-0.07,
12:38:26:090,0.71,-0.90,2.66,-0.02,-0.11,-0.05,
12:38:26:091,1.51,-1.57,2.85,-0.02,-0.11,-0.05,
12:38:26:093,1.51,-1.57,2.85,-0.02,-0.25,-0.03,
12:38:26:093,1.51,-1.57,2.85,-0.02,-0.25,-0.03,
12:38:26:095,1.51,-1.57,2.85,-0.00,-0.26,-0.01,
12:38:26:096,0.91,-0.99,1.45,-0.00,-0.26,-0.01,
12:38:26:098,0.91,-0.99,1.45,0.00,-0.12,-0.01,
12:38:26:099,0.91,-0.99,1.45,0.00,-0.12,-0.01,
12:38:26:108,0.91,-0.99,1.45,0.00,0.05,-0.01,
12:38:26:109,1.46,0.54,2.44,0.00,0.05,-0.01,
12:38:26:110,1.46,0.54,2.44,0.00,0.14,-0.03,
12:38:26:110,1.46,0.54,2.44,0.00,0.14,-0.03,
12:38:26:110,1.46,0.54,2.44,-0.00,0.13,-0.05,
12:38:26:111,1.22,-1.67,3.07,-0.00,0.13,-0.05,
12:38:26:111,1.22,-1.67,3.07,-0.01,0.07,-0.06,
12:38:26:112,1.22,-1.67,3.07,-0.01,0.07,-0.06,
12:38:26:112,1.22,-1.67,3.07,-0.01,0.01,-0.08,
12:38:26:113,0.46,-0.60,3.40,-0.01,0.01,-0.08,
12:38:26:113,0.46,-0.60,3.40,0.01,-0.05,-0.07,
12:38:26:114,0.46,-0.60,3.40,0.01,-0.05,-0.07,
12:38:26:118,0.46,-0.60,3.40,0.03,-0.09,-0.06,
12:38:26:118,0.31,0.43,2.93,0.03,-0.09,-0.06,
12:38:26:119,0.31,0.43,2.93,0.03,-0.11,-0.03,
12:38:26:119,0.31,0.43,2.93,0.03,-0.11,-0.03,
12:38:26:120,0.31,0.43,2.93,0.03,-0.13,-0.00,
12:38:26:120,1.40,-1.29,2.61,0.03,-0.13,-0.00,
12:38:26:122,1.40,-1.29,2.61,0.03,-0.16,0.01,
12:38:26:123,1.40,-1.29,2.61,0.03,-0.16,0.01,
12:38:26:125,1.40,-1.29,2.61,0.03,-0.18,0.02,
12:38:26:125,2.15,-1.74,2.05,0.03,-0.18,0.02,
12:38:26:127,2.15,-1.74,2.05,0.03,-0.11,-0.00,
12:38:26:128,2.14,-1.74,2.05,0.03,-0.11,-0.00,
12:38:26:130,2.14,-1.74,2.05,0.04,0.01,-0.03,
12:38:26:131,1.33,-0.89,1.47,0.04,0.01,-0.03,
12:38:26:133,1.33,-0.89,1.47,0.04,0.13,-0.06,
12:38:26:133,1.33,-0.89,1.47,0.04,0.13,-0.06,
12:38:26:135,1.33,-0.89,1.47,0.04,0.21,-0.08,
12:38:26:137,0.91,0.63,2.97,0.04,0.21,-0.08,
12:38:26:138,0.91,0.63,2.97,0.04,0.21,-0.09,
12:38:26:138,0.91,0.63,2.97,0.04,0.21,-0.09,
12:38:26:140,0.91,0.63,2.97,0.02,0.08,-0.08,
12:38:26:141,1.39,-0.99,3.89,0.02,0.08,-0.08,
12:38:26:143,1.39,-0.99,3.89,0.01,-0.13,-0.06,
12:38:26:143,1.39,-0.99,3.89,0.01,-0.13,-0.06,
12:38:26:145,1.39,-0.99,3.89,0.01,-0.28,-0.03,
12:38:26:146,1.16,-1.74,2.26,0.01,-0.28,-0.03,
12:38:26:148,1.16,-1.74,2.26,0.02,-0.31,-0.01,
12:38:26:148,1.16,-1.74,2.26,0.02,-0.31,-0.01,
12:38:26:150,1.16,-1.74,2.26,0.03,-0.24,0.00,
12:38:26:151,1.58,-0.07,1.33,0.03,-0.24,0.00,
12:38:26:153,1.58,-0.07,1.33,0.03,-0.08,0.00,
12:38:26:154,1.58,-0.07,1.34,0.03,-0.08,0.00,
12:38:26:155,1.58,-0.07,1.34,0.02,0.07,-0.01,
12:38:26:156,2.41,-0.36,2.36,0.02,0.07,-0.01,
12:38:26:158,2.41,-0.36,2.36,0.01,0.17,-0.04,
12:38:26:158,2.41,-0.36,2.36,0.01,0.17,-0.04,
12:38:26:160,2.41,-0.36,2.36,0.01,0.15,-0.06,
12:38:26:161,1.35,-1.76,2.49,0.01,0.15,-0.06,
12:38:26:163,1.35,-1.76,2.49,0.02,0.05,-0.08,
12:38:26:163,1.36,-1.76,2.49,0.02,0.05,-0.08,
12:38:26:166,1.36,-1.76,2.49,0.02,-0.06,-0.08,
12:38:26:166,1.51,-0.54,3.11,0.02,-0.06,-0.08,
12:38:26:170,1.51,-0.54,3.11,0.03,-0.12,-0.06,
12:38:26:171,1.51,-0.54,3.11,0.04,-0.08,-0.05,
12:38:26:171,1.51,-0.54,3.11,0.04,-0.08,-0.05,
12:38:26:177,0.15,0.14,2.21,0.04,-0.08,-0.05,
12:38:26:177,0.15,0.14,2.21,0.06,-0.02,-0.03,
12:38:26:178,0.15,0.14,2.21,0.06,-0.02,-0.03,
12:38:26:178,0.15,0.14,2.21,0.06,-0.04,-0.01,
12:38:26:179,1.58,-0.23,2.43,0.06,-0.04,-0.01,
12:38:26:179,1.58,-0.23,2.43,0.05,-0.10,0.01,
12:38:26:180,1.58,-0.23,2.43,0.05,-0.10,0.01,
12:38:26:180,1.58,-0.23,2.43,0.03,-0.11,0.01,
12:38:26:180,1.81,-1.26,2.13,0.03,-0.11,0.01,
12:38:26:183,1.81,-1.26,2.13,0.02,-0.07,-0.01,
12:38:26:183,1.81,-1.26,2.13,0.02,-0.07,-0.01,
12:38:26:186,1.81,-1.26,2.13,0.02,-0.04,-0.04,
12:38:26:186,1.29,-1.03,1.51,0.02,-0.04,-0.04,
12:38:26:188,1.29,-1.03,1.51,0.03,-0.00,-0.05,
12:38:26:188,1.29,-1.03,1.51,0.03,-0.00,-0.05,
12:38:26:190,1.29,-1.03,1.51,0.03,0.06,-0.06,
12:38:26:191,0.83,-0.57,2.29,0.03,0.06,-0.06,
12:38:26:193,0.83,-0.57,2.29,0.02,0.09,-0.07,
12:38:26:193,0.83,-0.57,2.29,0.02,0.09,-0.07,
12:38:26:195,0.83,-0.57,2.29,0.01,0.07,-0.06,
12:38:26:196,0.84,-1.25,3.16,0.01,0.07,-0.06,
12:38:26:198,0.84,-1.25,3.16,0.00,0.00,-0.05,
12:38:26:198,0.84,-1.25,3.16,0.00,0.00,-0.05,
12:38:26:205,0.84,-1.25,3.16,0.01,-0.07,-0.03,
12:38:26:205,0.76,-0.50,2.89,0.01,-0.07,-0.03,
12:38:26:206,0.76,-0.50,2.89,0.02,-0.14,-0.01,
12:38:26:206,0.76,-0.50,2.89,0.02,-0.14,-0.01,
12:38:26:206,0.76,-0.50,2.89,0.03,-0.13,0.00,
12:38:26:207,0.82,0.07,2.70,0.03,-0.13,0.00,
12:38:26:208,0.82,0.07,2.70,0.04,-0.07,0.00,
12:38:26:208,0.82,0.07,2.70,0.04,-0.07,0.00,
12:38:26:210,0.82,0.07,2.70,0.04,-0.05,-0.00,
12:38:26:210,1.50,-0.96,2.19,0.04,-0.05,-0.00,
12:38:26:213,1.50,-0.96,2.19,0.05,-0.07,-0.01,
12:38:26:213,1.50,-0.96,2.20,0.05,-0.07,-0.01,
12:38:26:215,1.50,-0.96,2.20,0.04,-0.07,-0.01,
12:38:26:216,1.92,-0.53,2.56,0.04,-0.07,-0.01,
12:38:26:218,1.92,-0.53,2.56,0.04,-0.01,-0.03,
12:38:26:218,1.93,-0.53,2.56,0.04,-0.01,-0.03,
12:38:26:220,1.93,-0.53,2.56,0.04,0.05,-0.05,
12:38:26:221,0.84,-0.58,1.97,0.04,0.05,-0.05,
12:38:26:223,0.84,-0.58,1.97,0.04,0.07,-0.06,
12:38:26:224,0.84,-0.58,1.97,0.04,0.07,-0.06,
12:38:26:225,0.84,-0.58,1.97,0.05,0.06,-0.06,
12:38:26:226,0.64,0.04,2.72,0.05,0.06,-0.06,
12:38:26:228,0.64,0.04,2.72,0.05,-0.01,-0.05,
12:38:26:228,0.64,0.04,2.72,0.05,-0.01,-0.05,
12:38:26:230,0.64,0.04,2.72,0.04,-0.11,-0.02,
12:38:26:231,1.43,-1.07,2.65,0.04,-0.11,-0.02,
12:38:26:233,1.43,-1.07,2.65,0.04,-0.20,0.00,
12:38:26:234,1.43,-1.07,2.65,0.04,-0.20,0.00,
12:38:26:236,1.43,-1.07,2.65,0.05,-0.20,0.02,
12:38:26:237,0.98,-0.52,1.25,0.05,-0.20,0.02,
12:38:26:238,0.98,-0.52,1.25,0.05,-0.10,0.01,
12:38:26:238,0.98,-0.52,1.25,0.05,-0.10,0.01,
12:38:26:240,0.98,-0.52,1.25,0.04,0.00,-0.01,
12:38:26:240,1.68,-0.38,1.87,0.04,0.00,-0.01,
12:38:26:243,1.68,-0.38,1.87,0.03,0.04,-0.01,
12:38:26:243,1.68,-0.38,1.87,0.03,0.04,-0.01,
12:38:26:245,1.68,-0.38,1.87,0.02,0.04,-0.03,
12:38:26:246,1.90,-0.67,2.45,0.02,0.04,-0.03,
12:38:26:248,1.90,-0.67,2.45,0.01,0.03,-0.04,
12:38:26:249,1.90,-0.67,2.45,0.01,0.03,-0.04,
12:38:26:250,1.90,-0.67,2.45,-0.00,0.00,-0.05,
12:38:26:251,1.10,-1.40,2.58,-0.00,0.00,-0.05,
12:38:26:252,1.10,-1.40,2.58,-0.01,-0.01,-0.05,
12:38:26:253,1.10,-1.40,2.58,-0.01,-0.01,-0.05,
12:38:26:255,1.10,-1.40,2.58,0.00,-0.03,-0.04,
12:38:26:256,0.56,0.25,2.41,0.00,-0.03,-0.04,
12:38:26:258,0.56,0.25,2.41,0.01,-0.07,-0.02,
12:38:26:258,0.56,0.25,2.41,0.01,-0.07,-0.02,
12:38:26:260,0.56,0.25,2.41,0.01,-0.10,0.00,
12:38:26:261,1.47,-0.42,2.93,0.01,-0.10,0.00,
12:38:26:263,1.47,-0.42,2.93,0.02,-0.11,0.02,
12:38:26:263,1.47,-0.42,2.93,0.02,-0.11,0.02,
12:38:26:266,1.47,-0.42,2.93,0.02,-0.11,0.02,
12:38:26:267,1.62,-1.37,1.96,0.02,-0.11,0.02,
12:38:26:268,1.62,-1.37,1.96,0.02,-0.11,0.01,
12:38:26:269,1.62,-1.37,1.96,0.02,-0.11,0.01,
12:38:26:270,1.62,-1.37,1.96,0.02,-0.06,-0.00,
12:38:26:271,1.47,-1.36,2.03,0.02,-0.06,-0.00,
12:38:26:273,1.47,-1.36,2.03,0.03,0.02,-0.03,
12:38:26:273,1.47,-1.36,2.03,0.03,0.02,-0.03,
12:38:26:275,1.47,-1.36,2.03,0.05,0.06,-0.05,
12:38:26:276,0.78,-0.11,1.83,0.05,0.06,-0.05,
12:38:26:278,0.78,-0.11,1.83,0.07,0.06,-0.05,
12:38:26:278,0.78,-0.11,1.83,0.07,0.06,-0.05,
12:38:26:280,0.78,-0.11,1.83,0.07,0.03,-0.04,
12:38:26:281,1.13,0.59,3.14,0.07,0.03,-0.04,
12:38:26:283,1.13,0.59,3.14,0.06,-0.01,-0.03,
12:38:26:283,1.13,0.59,3.14,0.06,-0.01,-0.03,
12:38:26:286,1.13,0.59,3.14,0.05,-0.06,-0.01,
12:38:26:286,0.81,-1.13,2.48,0.05,-0.06,-0.01,
12:38:26:288,0.81,-1.13,2.48,0.03,-0.09,-0.00,
12:38:26:288,0.81,-1.13,2.48,0.03,-0.09,-0.00,
12:38:26:290,0.81,-1.13,2.48,0.01,-0.09,0.00,
12:38:26:291,0.75,-0.99,2.27,0.01,-0.09,0.00,
12:38:26:293,0.75,-0.99,2.27,0.01,-0.09,0.00,
12:38:26:293,0.75,-0.99,2.27,0.01,-0.09,0.00,
12:38:26:295,0.75,-0.99,2.27,0.01,-0.12,0.00,
12:38:26:302,1.68,-0.08,2.22,0.01,-0.12,0.00,
12:38:26:304,1.68,-0.08,2.22,0.01,-0.12,0.00,
12:38:26:305,1.68,-0.08,2.22,0.01,-0.12,0.00,
12:38:26:306,1.68,-0.08,2.22,0.01,-0.09,0.00,
12:38:26:307,2.11,-0.37,1.92,0.01,-0.09,0.00,
12:38:26:307,2.11,-0.37,1.92,0.01,-0.03,-0.01,
12:38:26:308,2.11,-0.37,1.92,0.01,-0.03,-0.01,
12:38:26:309,2.11,-0.37,1.92,0.02,0.03,-0.03,
12:38:26:310,1.73,-0.30,2.30,0.02,0.03,-0.03,
12:38:26:310,1.73,-0.30,2.30,0.02,0.05,-0.04,
12:38:26:311,1.73,-0.30,2.30,0.02,0.05,-0.04,
12:38:26:312,1.73,-0.30,2.30,0.02,0.04,-0.05,
12:38:26:312,1.32,-1.05,2.47,0.02,0.04,-0.05,
12:38:26:313,1.32,-1.05,2.47,0.02,0.01,-0.05,
12:38:26:314,1.33,-1.05,2.47,0.02,0.01,-0.05,
12:38:26:318,1.33,-1.05,2.47,0.03,-0.00,-0.06,
12:38:26:319,1.14,0.38,2.81,0.03,-0.00,-0.06,
12:38:26:320,1.14,0.38,2.81,0.02,-0.03,-0.04,
12:38:26:321,1.14,0.38,2.81,0.02,-0.03,-0.04,
12:38:26:322,1.14,0.38,2.81,0.02,-0.09,-0.02,
12:38:26:323,1.86,-0.23,2.96,0.02,-0.09,-0.02,
12:38:26:323,1.86,-0.23,2.96,0.02,-0.14,0.00,
12:38:26:324,1.86,-0.23,2.96,0.02,-0.14,0.00,
12:38:26:325,1.86,-0.23,2.96,0.02,-0.16,0.01,
12:38:26:326,1.59,-0.90,1.65,0.02,-0.16,0.01,
12:38:26:328,1.59,-0.90,1.65,0.03,-0.12,-0.00,
12:38:26:328,1.59,-0.90,1.65,0.03,-0.12,-0.00,
12:38:26:330,1.59,-0.90,1.65,0.04,-0.05,-0.02,
12:38:26:331,1.93,0.20,1.83,0.04,-0.05,-0.02,
12:38:26:333,1.93,0.20,1.83,0.03,0.05,-0.03,
12:38:26:333,1.93,0.20,1.83,0.03,0.05,-0.03,
12:38:26:335,1.93,0.20,1.83,0.02,0.12,-0.05,
12:38:26:336,1.56,-0.49,2.39,0.02,0.12,-0.05,
12:38:26:338,1.56,-0.49,2.39,0.02,0.12,-0.08,
12:38:26:338,1.56,-0.49,2.39,0.02,0.12,-0.08,
12:38:26:340,1.56,-0.49,2.39,0.01,0.05,-0.08,
12:38:26:340,0.82,-1.21,2.58,0.01,0.05,-0.08,
12:38:26:343,0.82,-1.21,2.58,0.02,-0.05,-0.06,
12:38:26:343,0.82,-1.21,2.58,0.02,-0.05,-0.06,
12:38:26:345,0.82,-1.21,2.58,0.02,-0.15,-0.04,
12:38:26:346,1.19,-0.38,2.08,0.02,-0.15,-0.04,
12:38:26:348,1.19,-0.38,2.08,0.03,-0.20,-0.01,
12:38:26:348,1.19,-0.38,2.08,0.03,-0.20,-0.01,
12:38:26:350,1.19,-0.38,2.08,0.03,-0.16,0.00,
12:38:26:351,1.84,0.38,2.01,0.03,-0.16,0.00,
12:38:26:353,1.84,0.38,2.01,0.03,-0.08,0.00,
12:38:26:353,1.84,0.38,2.01,0.03,-0.08,0.00,
12:38:26:355,1.84,0.38,2.01,0.02,-0.01,-0.01,
12:38:26:356,2.11,-1.20,2.01,0.02,-0.01,-0.01,
12:38:26:358,2.11,-1.20,2.01,-0.00,0.04,-0.03,
12:38:26:358,2.11,-1.20,2.01,-0.00,0.04,-0.03,
12:38:26:360,2.11,-1.20,2.01,-0.02,0.06,-0.05,
12:38:26:361,1.42,-1.58,2.08,-0.02,0.06,-0.05,
12:38:26:363,1.42,-1.58,2.08,-0.02,0.05,-0.07,
12:38:26:363,1.42,-1.58,2.08,-0.02,0.05,-0.07,
12:38:26:365,1.42,-1.58,2.08,-0.01,0.01,-0.08,
12:38:26:366,1.31,-0.04,2.61,-0.01,0.01,-0.08,
12:38:26:368,1.31,-0.04,2.61,0.01,-0.03,-0.08,
12:38:26:369,1.31,-0.04,2.61,0.01,-0.03,-0.08,
12:38:26:371,1.31,-0.04,2.61,0.01,0.00,-0.06,
12:38:26:372,0.73,1.16,3.22,0.01,0.00,-0.06,
12:38:26:373,0.73,1.16,3.22,0.01,0.06,-0.05,
12:38:26:373,0.73,1.16,3.22,0.01,0.06,-0.05,
12:38:26:375,0.73,1.16,3.22,0.01,0.01,-0.02,
12:38:26:376,1.51,-1.02,3.06,0.01,0.01,-0.02,
12:38:26:378,1.51,-1.02,3.06,0.01,-0.15,-0.01,
12:38:26:378,1.51,-1.02,3.06,0.01,-0.15,-0.01,
12:38:26:380,1.51,-1.02,3.06,0.03,-0.28,0.00,
12:38:26:381,2.15,-1.08,1.73,0.03,-0.28,0.00,
12:38:26:385,2.15,-1.08,1.73,0.04,-0.26,-0.01,
12:38:26:386,2.15,-1.08,1.73,0.04,-0.26,-0.01,
12:38:26:387,2.15,-1.08,1.73,0.04,-0.03,-0.03,
12:38:26:387,1.02,0.35,1.76,0.04,-0.03,-0.03,
12:38:26:388,1.02,0.35,1.76,0.04,0.20,-0.05,
12:38:26:388,1.02,0.35,1.76,0.04,0.20,-0.05,
12:38:26:390,1.02,0.35,1.76,0.04,0.25,-0.06,
12:38:26:391,1.81,0.80,2.68,0.04,0.25,-0.06,
12:38:26:393,1.81,0.80,2.68,0.04,0.12,-0.07,
12:38:26:393,1.81,0.80,2.69,0.04,0.12,-0.07,
12:38:26:395,1.81,0.80,2.69,0.02,-0.06,-0.07,
12:38:26:396,2.18,-1.61,3.08,0.02,-0.06,-0.07,
12:38:26:398,2.18,-1.61,3.08,0.00,-0.19,-0.07,
12:38:26:398,2.18,-1.61,3.08,0.00,-0.19,-0.07,
12:38:26:408,2.18,-1.61,3.08,-0.00,-0.21,-0.06,
12:38:26:409,1.01,-0.98,1.69,-0.00,-0.21,-0.06,
12:38:26:410,1.01,-0.98,1.69,0.01,-0.15,-0.05,
12:38:26:411,1.01,-0.98,1.69,0.01,-0.15,-0.05,
12:38:26:411,1.01,-0.98,1.69,0.02,-0.07,-0.04,
12:38:26:412,1.79,0.84,1.68,0.02,-0.07,-0.04,
12:38:26:413,1.79,0.84,1.68,0.03,0.01,-0.03,
12:38:26:413,1.79,0.84,1.68,0.03,0.01,-0.03,
12:38:26:414,1.79,0.84,1.68,0.03,0.07,-0.04,
12:38:26:414,2.26,-0.10,2.36,0.03,0.07,-0.04,
12:38:26:414,2.26,-0.10,2.36,0.02,0.06,-0.05,
12:38:26:415,2.26,-0.10,2.36,0.02,0.06,-0.05,
12:38:26:415,2.26,-0.10,2.36,0.01,-0.02,-0.06,
12:38:26:415,1.78,-2.15,1.61,0.01,-0.02,-0.06,
12:38:26:418,1.78,-2.15,1.61,0.01,-0.09,-0.08,
12:38:26:419,1.78,-2.15,1.61,0.01,-0.09,-0.08,
12:38:26:420,1.78,-2.15,1.61,0.01,-0.09,-0.08,
12:38:26:425,1.49,-0.47,1.76,0.01,-0.09,-0.08,
12:38:26:426,1.49,-0.47,1.76,0.00,-0.02,-0.07,
12:38:26:426,1.49,-0.47,1.76,0.00,-0.02,-0.07,
12:38:26:427,1.49,-0.47,1.76,-0.01,0.05,-0.06,
12:38:26:428,1.35,-0.29,2.17,-0.01,0.05,-0.06,
12:38:26:428,1.35,-0.29,2.17,-0.01,0.08,-0.06,
12:38:26:428,1.35,-0.29,2.17,-0.01,0.08,-0.06,
12:38:26:430,1.35,-0.29,2.17,-0.01,0.00,-0.05,
12:38:26:431,1.45,-1.84,1.90,-0.01,0.00,-0.05,
12:38:26:433,1.45,-1.84,1.90,-0.00,-0.11,-0.04,
12:38:26:433,1.45,-1.84,1.90,-0.00,-0.11,-0.04,
12:38:26:436,1.45,-1.84,1.90,0.01,-0.17,-0.02,
12:38:26:437,1.78,-1.19,1.75,0.01,-0.17,-0.02,
12:38:26:438,1.78,-1.19,1.75,0.00,-0.11,-0.03,
12:38:26:438,1.78,-1.19,1.75,0.00,-0.11,-0.03,
12:38:26:440,1.78,-1.19,1.75,-0.00,0.01,-0.04,
12:38:26:441,1.07,-0.59,1.67,-0.00,0.01,-0.04,
12:38:26:442,1.07,-0.59,1.67,0.00,0.11,-0.05,
12:38:26:443,1.07,-0.59,1.67,0.00,0.11,-0.05,
12:38:26:445,1.07,-0.59,1.67,0.01,0.14,-0.06,
12:38:26:446,0.78,-1.11,1.95,0.01,0.14,-0.06,
12:38:26:448,0.78,-1.11,1.95,0.00,0.06,-0.06,
12:38:26:448,0.78,-1.11,1.95,0.00,0.06,-0.06,
12:38:26:450,0.78,-1.11,1.95,-0.00,-0.04,-0.05,
12:38:26:451,1.10,-0.97,2.52,-0.00,-0.04,-0.05,
12:38:26:453,1.10,-0.97,2.52,-0.00,-0.07,-0.04,
12:38:26:454,1.11,-0.97,2.52,-0.00,-0.07,-0.04,
12:38:26:455,1.11,-0.97,2.52,0.01,-0.07,-0.04,
12:38:26:456,0.60,-0.18,1.88,0.01,-0.07,-0.04,
12:38:26:458,0.60,-0.18,1.88,0.02,-0.09,-0.03,
12:38:26:459,0.60,-0.18,1.88,0.02,-0.09,-0.03,
12:38:26:460,0.60,-0.18,1.88,0.02,-0.12,-0.01,
12:38:26:461,1.88,-0.12,2.03,0.02,-0.12,-0.01,
12:38:26:463,1.88,-0.12,2.03,0.02,-0.12,-0.00,
12:38:26:463,1.88,-0.13,2.04,0.02,-0.12,-0.00,
12:38:26:465,1.88,-0.13,2.04,0.01,-0.09,-0.01,
12:38:26:466,1.54,-2.28,1.11,0.01,-0.09,-0.01,
12:38:26:469,1.54,-2.28,1.11,-0.00,-0.02,-0.03,
12:38:26:469,1.54,-2.28,1.11,-0.00,-0.02,-0.03,
12:38:26:471,1.54,-2.28,1.11,-0.01,0.05,-0.04,
12:38:26:472,1.28,-0.79,1.63,-0.01,0.05,-0.04,
12:38:26:473,1.28,-0.79,1.63,-0.01,0.10,-0.06,
12:38:26:473,1.29,-0.79,1.63,-0.01,0.10,-0.06,
12:38:26:475,1.29,-0.79,1.63,-0.02,0.11,-0.07,
12:38:26:476,1.06,-0.30,2.57,-0.02,0.11,-0.07,
12:38:26:478,1.06,-0.30,2.57,-0.02,0.06,-0.06,
12:38:26:478,1.06,-0.30,2.57,-0.02,0.06,-0.06,
12:38:26:480,1.06,-0.30,2.57,-0.02,-0.05,-0.04,
12:38:26:481,1.51,-1.12,2.43,-0.02,-0.05,-0.04,
12:38:26:483,1.51,-1.12,2.43,-0.02,-0.16,-0.02,
12:38:26:484,1.51,-1.12,2.43,-0.02,-0.16,-0.02,
12:38:26:486,1.51,-1.12,2.43,-0.02,-0.21,-0.01,
12:38:26:486,1.45,-1.38,1.62,-0.02,-0.21,-0.01,
12:38:26:488,1.45,-1.38,1.62,-0.02,-0.15,0.00,
12:38:26:488,1.45,-1.38,1.62,-0.02,-0.15,0.00,
12:38:26:490,1.45,-1.38,1.62,-0.01,-0.06,-0.01,
12:38:26:491,1.52,-0.56,1.24,-0.01,-0.06,-0.01,
12:38:26:493,1.52,-0.56,1.24,-0.00,0.00,-0.02,
12:38:26:494,1.52,-0.56,1.24,-0.00,0.00,-0.02,
12:38:26:495,1.52,-0.56,1.24,0.01,0.05,-0.03,
12:38:26:496,1.75,-0.08,1.72,0.01,0.05,-0.03,
12:38:26:499,1.75,-0.08,1.72,0.01,0.07,-0.05,
12:38:26:500,1.76,-0.08,1.72,0.01,0.07,-0.05,
12:38:26:501,1.76,-0.08,1.72,0.00,0.05,-0.05,
12:38:26:501,1.25,-1.59,1.81,0.00,0.05,-0.05,
12:38:26:503,1.25,-1.59,1.81,0.00,-0.00,-0.06,
12:38:26:504,1.25,-1.59,1.81,0.00,-0.00,-0.06,
12:38:26:505,1.25,-1.59,1.81,0.01,-0.06,-0.05,
12:38:26:506,0.57,-1.08,0.87,0.01,-0.06,-0.05,
12:38:26:508,0.57,-1.08,0.87,0.01,-0.10,-0.03,
12:38:26:508,0.57,-1.08,0.87,0.01,-0.10,-0.03,
12:38:26:510,0.57,-1.08,0.87,0.00,-0.10,-0.01,
12:38:26:511,1.54,-0.21,1.75,0.00,-0.10,-0.01,
12:38:26:513,1.54,-0.21,1.75,-0.01,-0.07,0.00,
12:38:26:513,1.54,-0.21,1.75,-0.01,-0.07,0.00,
12:38:26:521,1.54,-0.21,1.75,-0.03,-0.03,0.00,
12:38:26:521,1.38,-1.44,1.21,-0.03,-0.03,0.00,
12:38:26:522,1.38,-1.44,1.21,-0.04,-0.00,-0.01,
12:38:26:522,1.38,-1.44,1.21,-0.04,-0.00,-0.01,
12:38:26:522,1.38,-1.44,1.21,-0.05,-0.02,-0.02,
12:38:26:522,0.96,-2.60,0.61,-0.05,-0.02,-0.02,
12:38:26:523,0.96,-2.60,0.61,-0.05,-0.06,-0.02,
12:38:26:523,0.96,-2.60,0.61,-0.05,-0.06,-0.02,
12:38:26:525,0.96,-2.60,0.61,-0.05,-0.09,-0.03,
12:38:26:526,1.61,-0.90,1.54,-0.05,-0.09,-0.03,
12:38:26:528,1.61,-0.90,1.54,-0.05,-0.05,-0.03,
12:38:26:529,1.61,-0.90,1.53,-0.05,-0.05,-0.03,
12:38:26:530,1.61,-0.90,1.53,-0.04,0.01,-0.03,
12:38:26:531,0.67,-1.73,0.99,-0.04,0.01,-0.03,
12:38:26:533,0.67,-1.73,0.99,-0.05,0.02,-0.03,
12:38:26:534,0.67,-1.73,0.99,-0.05,0.02,-0.03,
12:38:26:536,0.67,-1.73,0.99,-0.05,-0.01,-0.02,
12:38:26:538,1.59,-1.44,1.76,-0.05,-0.01,-0.02,
12:38:26:538,1.59,-1.44,1.76,-0.06,-0.06,-0.01,
12:38:26:539,1.59,-1.44,1.76,-0.06,-0.06,-0.01,
12:38:26:540,1.59,-1.44,1.76,-0.06,-0.06,-0.01,
12:38:26:541,1.26,-1.86,1.56,-0.06,-0.06,-0.01,
12:38:26:543,1.26,-1.86,1.56,-0.06,-0.03,-0.02,
12:38:26:543,1.26,-1.86,1.55,-0.06,-0.03,-0.02,
12:38:26:545,1.26,-1.86,1.55,-0.06,0.01,-0.03,
12:38:26:552,1.33,-0.65,2.07,-0.06,0.01,-0.03,
12:38:26:553,1.33,-0.65,2.07,-0.05,-0.01,-0.03,
12:38:26:553,1.33,-0.65,2.07,-0.05,-0.01,-0.03,
12:38:26:554,1.33,-0.65,2.07,-0.05,-0.05,-0.02,
12:38:26:554,1.32,-1.51,1.67,-0.05,-0.05,-0.02,
12:38:26:554,1.32,-1.51,1.67,-0.05,-0.05,-0.02,
12:38:26:555,1.32,-1.51,1.67,-0.05,-0.05,-0.02,
12:38:26:555,1.32,-1.51,1.67,-0.05,-0.02,-0.02,
12:38:26:556,0.99,-1.88,1.62,-0.05,-0.02,-0.02,
12:38:26:558,0.99,-1.88,1.62,-0.05,-0.00,-0.03,
12:38:26:559,0.99,-1.88,1.61,-0.05,-0.00,-0.03,
12:38:26:561,0.99,-1.88,1.61,-0.04,0.03,-0.03,
12:38:26:562,1.11,-0.13,2.49,-0.04,0.03,-0.03,
12:38:26:563,1.11,-0.13,2.49,-0.04,0.06,-0.03,
12:38:26:565,1.11,-0.13,2.48,-0.04,0.06,-0.03,
12:38:26:565,1.11,-0.13,2.48,-0.03,0.05,-0.03,
12:38:26:566,0.88,-0.16,2.44,-0.03,0.05,-0.03,
12:38:26:568,0.88,-0.16,2.44,-0.03,-0.02,-0.03,
12:38:26:569,0.88,-0.16,2.44,-0.03,-0.02,-0.03,
12:38:26:570,0.88,-0.16,2.44,-0.03,-0.12,-0.01,
12:38:26:571,1.73,-1.19,2.20,-0.03,-0.12,-0.01,
12:38:26:573,1.73,-1.19,2.20,-0.03,-0.20,-0.01,
12:38:26:573,1.73,-1.19,2.20,-0.03,-0.20,-0.01,
12:38:26:575,1.73,-1.19,2.20,-0.03,-0.23,-0.00,
12:38:26:576,1.65,-2.39,0.89,-0.03,-0.23,-0.00,
12:38:26:578,1.65,-2.39,0.89,-0.03,-0.17,-0.01,
12:38:26:578,1.64,-2.39,0.89,-0.03,-0.17,-0.01,
12:38:26:580,1.64,-2.39,0.89,-0.02,-0.03,-0.02,
12:38:26:581,1.47,-0.59,0.95,-0.02,-0.03,-0.02,
12:38:26:583,1.47,-0.59,0.95,-0.01,0.07,-0.03,
12:38:26:584,1.47,-0.59,0.95,-0.01,0.07,-0.03,
12:38:26:585,1.47,-0.59,0.95,-0.01,0.12,-0.04,
12:38:26:586,1.31,-0.95,1.51,-0.01,0.12,-0.04,
12:38:26:588,1.31,-0.95,1.51,-0.03,0.14,-0.05,
12:38:26:588,1.31,-0.95,1.51,-0.03,0.14,-0.05,
12:38:26:590,1.31,-0.95,1.51,-0.05,0.10,-0.05,
12:38:26:591,0.67,-2.15,1.93,-0.05,0.10,-0.05,
12:38:26:593,0.67,-2.15,1.93,-0.06,-0.01,-0.05,
12:38:26:593,0.67,-2.15,1.93,-0.06,-0.01,-0.05,
12:38:26:595,0.67,-2.15,1.93,-0.06,-0.14,-0.02,
12:38:26:596,1.30,-1.83,1.96,-0.06,-0.14,-0.02,
12:38:26:604,1.30,-1.83,1.96,-0.05,-0.24,-0.00,
12:38:26:605,1.30,-1.83,1.95,-0.05,-0.24,-0.00,
12:38:26:605,1.30,-1.83,1.95,-0.03,-0.26,0.01,
12:38:26:605,1.77,-0.51,0.92,-0.03,-0.26,0.01,
12:38:26:606,1.77,-0.51,0.92,-0.02,-0.20,0.02,
12:38:26:606,1.77,-0.51,0.92,-0.02,-0.20,0.02,
12:38:26:606,1.77,-0.51,0.92,-0.03,-0.07,0.01,
12:38:26:606,1.70,-1.64,0.85,-0.03,-0.07,0.01,
12:38:26:608,1.70,-1.64,0.85,-0.05,0.08,-0.01,
12:38:26:608,1.70,-1.64,0.85,-0.05,0.08,-0.01,
12:38:26:610,1.70,-1.64,0.85,-0.06,0.17,-0.02,
12:38:26:611,0.52,-2.87,1.16,-0.06,0.17,-0.02,
12:38:26:613,0.52,-2.87,1.16,-0.07,0.17,-0.04,
12:38:26:613,0.52,-2.87,1.16,-0.07,0.17,-0.04,
12:38:26:615,0.52,-2.87,1.16,-0.06,0.11,-0.04,
12:38:26:616,0.28,-0.97,2.03,-0.06,0.11,-0.04,
12:38:26:618,0.28,-0.97,2.03,-0.05,0.02,-0.03,
12:38:26:619,0.28,-0.97,2.03,-0.05,0.02,-0.03,
12:38:26:620,0.28,-0.97,2.03,-0.05,-0.05,-0.03,
12:38:26:621,1.05,0.89,3.09,-0.05,-0.05,-0.03,
12:38:26:623,1.05,0.89,3.09,-0.05,-0.08,-0.01,
12:38:26:624,1.05,0.89,3.09,-0.05,-0.08,-0.01,
12:38:26:625,1.05,0.89,3.09,-0.05,-0.11,-0.00,
12:38:26:626,0.90,-1.52,2.13,-0.05,-0.11,-0.00,
12:38:26:628,0.90,-1.52,2.13,-0.05,-0.19,0.01,
12:38:26:629,0.90,-1.52,2.13,-0.05,-0.19,0.01,
12:38:26:630,0.90,-1.52,2.13,-0.04,-0.27,0.01,
12:38:26:631,2.05,-2.90,1.24,-0.04,-0.27,0.01,
12:38:26:633,2.05,-2.90,1.24,-0.05,-0.26,-0.00,
12:38:26:634,2.04,-2.90,1.24,-0.05,-0.26,-0.00,
12:38:26:635,2.04,-2.90,1.24,-0.06,-0.05,-0.01,
12:38:26:636,0.96,-0.48,1.41,-0.06,-0.05,-0.01,
12:38:26:638,0.96,-0.48,1.41,-0.05,0.22,-0.02,
12:38:26:638,0.96,-0.48,1.40,-0.05,0.22,-0.02,
12:38:26:640,0.96,-0.48,1.40,-0.04,0.36,-0.03,
12:38:26:641,-0.09,0.04,2.44,-0.04,0.36,-0.03,
12:38:26:643,-0.09,0.04,2.44,-0.04,0.28,-0.03,
12:38:26:643,-0.09,0.04,2.44,-0.04,0.28,-0.03,
12:38:26:646,-0.09,0.04,2.44,-0.04,0.02,-0.02,
12:38:26:646,1.71,-1.83,4.00,-0.04,0.02,-0.02,
12:38:26:649,1.71,-1.83,4.00,-0.03,-0.25,-0.02,
12:38:26:650,1.71,-1.83,4.00,-0.03,-0.25,-0.02,
12:38:26:650,1.71,-1.83,4.00,-0.01,-0.40,-0.01,
12:38:26:651,1.55,-1.34,1.86,-0.01,-0.40,-0.01,
12:38:26:653,1.55,-1.34,1.86,0.00,-0.38,-0.00,
12:38:26:654,1.54,-1.34,1.86,0.00,-0.38,-0.00,
12:38:26:655,1.54,-1.34,1.86,0.01,-0.22,0.01,
12:38:26:656,1.34,-0.53,1.26,0.01,-0.22,0.01,
12:38:26:658,1.34,-0.53,1.26,0.01,-0.05,0.02,
12:38:26:658,1.34,-0.53,1.26,0.01,-0.05,0.02,
12:38:26:660,1.34,-0.53,1.26,0.01,0.04,0.01,
12:38:26:661,2.14,-1.79,1.03,0.01,0.04,0.01,
12:38:26:663,2.14,-1.79,1.03,0.00,0.09,-0.01,
12:38:26:663,2.14,-1.79,1.03,0.00,0.09,-0.01,
12:38:26:666,2.14,-1.79,1.03,-0.00,0.12,-0.03,
12:38:26:667,1.64,-1.31,2.10,-0.00,0.12,-0.03,
12:38:26:668,1.64,-1.31,2.10,-0.01,0.09,-0.05,
12:38:26:669,1.64,-1.31,2.10,-0.01,0.09,-0.05,
12:38:26:670,1.64,-1.31,2.10,-0.00,0.01,-0.06,
12:38:26:674,0.93,-0.81,1.86,-0.00,0.01,-0.06,
12:38:26:675,0.93,-0.81,1.86,0.01,-0.07,-0.05,
12:38:26:675,0.93,-0.81,1.86,0.01,-0.07,-0.05,
12:38:26:676,0.93,-0.81,1.86,0.02,-0.08,-0.03,
12:38:26:676,0.91,0.23,2.20,0.02,-0.08,-0.03,
12:38:26:678,0.91,0.23,2.20,-0.00,-0.05,-0.01,
12:38:26:678,0.91,0.23,2.20,-0.00,-0.05,-0.01,
12:38:26:680,0.91,0.23,2.20,-0.02,-0.06,0.01,
12:38:26:681,1.60,-1.31,1.89,-0.02,-0.06,0.01,
12:38:26:683,1.60,-1.31,1.89,-0.02,-0.14,0.02,
12:38:26:684,1.60,-1.31,1.89,-0.02,-0.14,0.02,
12:38:26:685,1.60,-1.31,1.89,-0.01,-0.22,0.02,
12:38:26:686,2.04,-1.39,1.03,-0.01,-0.22,0.02,
12:38:26:688,2.04,-1.39,1.03,-0.01,-0.20,0.01,
12:38:26:688,2.03,-1.39,1.03,-0.01,-0.20,0.01,
12:38:26:690,2.03,-1.39,1.03,-0.01,-0.04,-0.01,
12:38:26:691,1.22,-0.63,1.30,-0.01,-0.04,-0.01,
12:38:26:693,1.22,-0.63,1.30,-0.02,0.18,-0.04,
12:38:26:693,1.22,-0.63,1.30,-0.02,0.18,-0.04,
12:38:26:695,1.22,-0.63,1.30,-0.03,0.29,-0.05,
12:38:26:696,0.38,-0.48,2.17,-0.03,0.29,-0.05,
12:38:26:699,0.38,-0.48,2.17,-0.03,0.19,-0.05,
12:38:26:700,0.38,-0.48,2.17,-0.03,0.19,-0.05,
12:38:26:700,0.38,-0.48,2.17,-0.03,-0.02,-0.04,
12:38:26:701,1.91,-0.90,3.45,-0.03,-0.02,-0.04,
12:38:26:703,1.91,-0.90,3.45,-0.04,-0.20,-0.02,
12:38:26:703,1.90,-0.90,3.45,-0.04,-0.20,-0.02,
12:38:26:705,1.90,-0.90,3.45,-0.04,-0.23,-0.01,
12:38:26:706,0.57,-0.90,2.47,-0.04,-0.23,-0.01,
12:38:26:708,0.57,-0.90,2.47,-0.03,-0.13,-0.01,
12:38:26:709,0.57,-0.90,2.47,-0.03,-0.13,-0.01,
12:38:26:711,0.57,-0.90,2.47,-0.02,-0.08,0.00,
12:38:26:711,1.18,0.11,2.16,-0.02,-0.08,0.00,
12:38:26:713,1.18,0.11,2.16,0.00,-0.09,0.01,
12:38:26:713,1.18,0.11,2.16,0.00,-0.09,0.01,
12:38:26:721,1.18,0.11,2.16,0.00,-0.07,0.01,
12:38:26:722,1.87,-1.51,2.36,0.00,-0.07,0.01,
12:38:26:722,1.87,-1.51,2.36,-0.00,0.00,-0.00,
12:38:26:722,1.87,-1.51,2.36,-0.00,0.00,-0.00,
12:38:26:723,1.87,-1.51,2.36,0.00,0.05,-0.02,
12:38:26:723,1.40,-0.22,2.62,0.00,0.05,-0.02,
12:38:26:723,1.40,-0.22,2.62,0.02,0.04,-0.04,
12:38:26:723,1.40,-0.22,2.62,0.02,0.04,-0.04,
12:38:26:726,1.40,-0.22,2.62,0.03,-0.02,-0.04,
12:38:26:727,1.33,-0.10,2.72,0.03,-0.02,-0.04,
12:38:26:728,1.33,-0.10,2.72,0.04,-0.05,-0.04,
12:38:26:729,1.33,-0.10,2.72,0.04,-0.05,-0.04,
12:38:26:730,1.33,-0.10,2.72,0.04,-0.03,-0.03,
12:38:26:731,0.75,-0.49,2.40,0.04,-0.03,-0.03,
12:38:26:733,0.75,-0.49,2.40,0.03,-0.05,-0.02,
12:38:26:734,0.75,-0.49,2.40,0.03,-0.05,-0.02,
12:38:26:735,0.75,-0.49,2.40,0.03,-0.13,0.00,
12:38:26:736,1.88,-0.94,2.35,0.03,-0.13,0.00,
12:38:26:738,1.88,-0.94,2.35,0.03,-0.20,0.02,
12:38:26:738,1.88,-0.94,2.35,0.03,-0.20,0.02,
12:38:26:740,1.88,-0.94,2.35,0.03,-0.19,0.02,
12:38:26:741,2.43,-0.31,2.17,0.03,-0.19,0.02,
12:38:26:743,2.43,-0.31,2.17,0.02,-0.06,0.01,
12:38:26:743,2.43,-0.31,2.17,0.02,-0.06,0.01,
12:38:26:745,2.43,-0.31,2.17,0.01,0.10,-0.01,
12:38:26:746,1.41,0.42,2.39,0.01,0.10,-0.01,
12:38:26:748,1.41,0.42,2.39,0.01,0.21,-0.03,
12:38:26:750,1.41,0.42,2.39,0.01,0.21,-0.03,
12:38:26:750,1.41,0.42,2.39,0.01,0.18,-0.05,
12:38:26:751,0.78,-0.63,3.40,0.01,0.18,-0.05,
12:38:26:753,0.78,-0.63,3.40,0.01,0.05,-0.05,
12:38:26:754,0.78,-0.63,3.40,0.01,0.05,-0.05,
12:38:26:755,0.78,-0.63,3.40,0.02,-0.10,-0.04,
12:38:26:756,0.67,0.05,3.44,0.02,-0.10,-0.04,
12:38:26:758,0.67,0.05,3.44,0.04,-0.18,-0.02,
12:38:26:758,0.67,0.05,3.44,0.04,-0.18,-0.02,
12:38:26:760,0.67,0.05,3.44,0.05,-0.18,0.00,
12:38:26:761,0.72,1.37,2.89,0.05,-0.18,0.00,
12:38:26:763,0.72,1.37,2.89,0.06,-0.16,0.02,
12:38:26:763,0.72,1.37,2.89,0.06,-0.16,0.02,
12:38:26:766,0.72,1.37,2.89,0.06,-0.17,0.04,
12:38:26:766,2.53,-0.06,2.54,0.06,-0.17,0.04,
12:38:26:768,2.53,-0.06,2.54,0.06,-0.21,0.04,
12:38:26:769,2.53,-0.06,2.54,0.06,-0.21,0.04,
12:38:26:771,2.53,-0.06,2.54,0.06,-0.24,0.02,
12:38:26:771,2.73,-1.90,0.90,0.06,-0.24,0.02,
12:38:26:773,2.73,-1.90,0.90,0.08,-0.18,-0.01,
12:38:26:773,2.73,-1.90,0.90,0.08,-0.18,-0.01,
12:38:26:775,2.73,-1.90,0.90,0.07,0.01,-0.05,
12:38:26:776,1.40,-0.14,1.02,0.07,0.01,-0.05,
12:38:26:778,1.40,-0.14,1.02,0.05,0.26,-0.07,
12:38:26:778,1.40,-0.14,1.02,0.05,0.26,-0.07,
12:38:26:780,1.40,-0.14,1.02,0.04,0.39,-0.09,
12:38:26:781,1.19,1.13,3.51,0.04,0.39,-0.09,
12:38:26:783,1.19,1.13,3.51,0.03,0.30,-0.09,
12:38:26:784,1.19,1.13,3.51,0.03,0.30,-0.09,
12:38:26:786,1.19,1.13,3.51,0.03,0.05,-0.07,
12:38:26:786,1.44,0.05,3.98,0.03,0.05,-0.07,
12:38:26:788,1.44,0.05,3.98,0.03,-0.20,-0.04,
12:38:26:788,1.44,0.05,3.98,0.03,-0.20,-0.04,
12:38:26:790,1.44,0.05,3.98,0.03,-0.37,-0.01,
12:38:26:791,2.29,-0.69,3.23,0.03,-0.37,-0.01,
12:38:26:793,2.29,-0.69,3.23,0.03,-0.42,0.01,
12:38:26:793,2.29,-0.69,3.23,0.03,-0.42,0.01,
12:38:26:795,2.29,-0.69,3.23,0.04,-0.32,0.01,
12:38:26:802,1.92,0.84,1.42,0.04,-0.32,0.01,
12:38:26:803,1.92,0.84,1.42,0.05,-0.07,-0.01,
12:38:26:804,1.92,0.84,1.42,0.05,-0.07,-0.01,
12:38:26:804,1.92,0.84,1.42,0.06,0.22,-0.04,
12:38:26:804,1.58,0.40,2.20,0.06,0.22,-0.04,
12:38:26:805,1.58,0.40,2.20,0.05,0.35,-0.07,
12:38:26:805,1.59,0.40,2.20,0.05,0.35,-0.07,
12:38:26:806,1.59,0.40,2.20,0.03,0.25,-0.09,
12:38:26:806,2.68,-0.26,4.65,0.03,0.25,-0.09,
12:38:26:808,2.68,-0.26,4.65,0.04,0.03,-0.10,
12:38:26:808,2.68,-0.26,4.65,0.04,0.03,-0.10,
12:38:26:810,2.68,-0.26,4.65,0.07,-0.14,-0.09,
12:38:26:811,1.16,0.53,2.58,0.07,-0.14,-0.09,
12:38:26:813,1.16,0.53,2.58,0.09,-0.18,-0.08,
12:38:26:814,1.16,0.52,2.58,0.09,-0.18,-0.08,
12:38:26:820,1.16,0.52,2.58,0.10,-0.10,-0.05,
12:38:26:820,1.28,2.31,4.10,0.10,-0.10,-0.05,
12:38:26:821,1.28,2.31,4.10,0.11,-0.03,-0.03,
12:38:26:821,1.28,2.31,4.10,0.11,-0.03,-0.03,
12:38:26:822,1.28,2.31,4.10,0.12,-0.06,-0.02,
12:38:26:822,1.26,-0.46,1.47,0.12,-0.06,-0.02,
12:38:26:823,1.26,-0.46,1.47,0.13,-0.11,-0.02,
12:38:26:824,1.26,-0.46,1.48,0.13,-0.11,-0.02,
12:38:26:825,1.26,-0.46,1.48,0.11,-0.09,-0.03,
12:38:26:826,2.17,-0.28,2.54,0.11,-0.09,-0.03,
12:38:26:828,2.17,-0.28,2.54,0.09,0.00,-0.05,
12:38:26:828,2.17,-0.28,2.54,0.09,0.00,-0.05,
12:38:26:830,2.17,-0.28,2.54,0.07,0.08,-0.07,
12:38:26:831,1.19,0.33,2.36,0.07,0.08,-0.07,
12:38:26:833,1.19,0.33,2.36,0.07,0.10,-0.08,
12:38:26:833,1.19,0.33,2.36,0.07,0.10,-0.08,
12:38:26:837,1.19,0.33,2.36,0.07,0.02,-0.08,
12:38:26:838,1.63,-0.28,2.70,0.07,0.02,-0.08,
12:38:26:838,1.63,-0.28,2.70,0.08,-0.12,-0.06,
12:38:26:839,1.63,-0.28,2.70,0.08,-0.12,-0.06,
12:38:26:840,1.63,-0.28,2.70,0.09,-0.23,-0.04,
12:38:26:841,1.89,-0.09,2.10,0.09,-0.23,-0.04,
12:38:26:843,1.89,-0.09,2.10,0.09,-0.16,-0.03,
12:38:26:843,1.89,-0.09,2.11,0.09,-0.16,-0.03,
12:38:26:845,1.89,-0.09,2.11,0.08,0.02,-0.03,
12:38:26:846,0.34,-0.45,1.41,0.08,0.02,-0.03,
12:38:26:849,0.34,-0.45,1.41,0.08,0.13,-0.04,
12:38:26:850,0.34,-0.45,1.42,0.08,0.13,-0.04,
12:38:26:851,0.34,-0.45,1.42,0.08,0.11,-0.04,
12:38:26:852,2.24,1.16,3.45,0.08,0.11,-0.04,
12:38:26:853,2.24,1.16,3.45,0.07,0.03,-0.05,
12:38:26:853,2.24,1.16,3.45,0.07,0.03,-0.05,
12:38:26:855,2.24,1.16,3.45,0.06,-0.04,-0.05,
12:38:26:856,2.02,-0.52,3.11,0.06,-0.04,-0.05,
12:38:26:858,2.02,-0.52,3.11,0.05,-0.12,-0.06,
12:38:26:858,2.02,-0.52,3.11,0.05,-0.12,-0.06,
12:38:26:860,2.02,-0.52,3.11,0.05,-0.20,-0.05,
12:38:26:861,1.83,-1.31,2.08,0.05,-0.20,-0.05,
12:38:26:863,1.83,-1.31,2.08,0.08,-0.21,-0.04,
12:38:26:863,1.83,-1.31,2.08,0.08,-0.21,-0.04,
12:38:26:866,1.83,-1.31,2.08,0.10,-0.10,-0.04,
12:38:26:866,1.55,1.47,1.60,0.10,-0.10,-0.04,
12:38:26:868,1.55,1.47,1.60,0.11,0.11,-0.05,
12:38:26:869,1.55,1.47,1.61,0.11,0.11,-0.05,
12:38:26:870,1.55,1.47,1.61,0.10,0.30,-0.06,
12:38:26:872,0.73,1.54,2.93,0.10,0.30,-0.06,
12:38:26:873,0.73,1.54,2.93,0.10,0.33,-0.07,
12:38:26:874,0.74,1.54,2.93,0.10,0.33,-0.07,
12:38:26:875,0.74,1.54,2.93,0.10,0.15,-0.08,
12:38:26:876,1.15,-0.11,3.11,0.10,0.15,-0.08,
12:38:26:878,1.15,-0.11,3.11,0.10,-0.11,-0.06,
12:38:26:878,1.15,-0.11,3.12,0.10,-0.11,-0.06,
12:38:26:880,1.15,-0.11,3.12,0.10,-0.32,-0.05,
12:38:26:881,2.86,1.14,2.87,0.10,-0.32,-0.05,
12:38:26:883,2.86,1.14,2.87,0.10,-0.40,-0.04,
12:38:26:884,2.86,1.14,2.87,0.10,-0.40,-0.04,
12:38:26:885,2.86,1.14,2.87,0.10,-0.30,-0.04,
12:38:26:886,1.83,0.45,0.97,0.10,-0.30,-0.04,
12:38:26:888,1.83,0.45,0.97,0.10,-0.09,-0.04,
12:38:26:888,1.83,0.45,0.97,0.10,-0.09,-0.04,
12:38:26:890,1.83,0.45,0.97,0.09,0.09,-0.06,
12:38:26:891,1.99,-0.56,0.81,0.09,0.09,-0.06,
12:38:26:893,1.99,-0.56,0.81,0.07,0.17,-0.07,
12:38:26:893,2.00,-0.56,0.81,0.07,0.17,-0.07,
12:38:26:895,2.00,-0.56,0.81,0.04,0.19,-0.09,
12:38:26:896,2.49,-0.22,2.91,0.04,0.19,-0.09,
12:38:26:898,2.49,-0.22,2.91,0.02,0.18,-0.11,
12:38:26:899,2.49,-0.22,2.91,0.02,0.18,-0.11,
12:38:26:901,2.49,-0.22,2.91,0.01,0.16,-0.12,
12:38:26:901,1.16,0.99,3.54,0.01,0.16,-0.12,
12:38:26:903,1.16,0.99,3.54,0.01,0.09,-0.11,
12:38:26:904,1.16,0.99,3.54,0.01,0.09,-0.11,
12:38:26:905,1.16,0.99,3.54,0.03,-0.06,-0.09,
12:38:26:906,1.47,0.16,3.14,0.03,-0.06,-0.09,
12:38:26:908,1.47,0.16,3.14,0.05,-0.25,-0.06,
12:38:26:908,1.47,0.16,3.15,0.05,-0.25,-0.06,
12:38:26:910,1.47,0.16,3.15,0.06,-0.37,-0.04,
12:38:26:911,2.24,-2.08,1.04,0.06,-0.37,-0.04,
12:38:26:913,2.24,-2.08,1.04,0.07,-0.36,-0.03,
12:38:26:913,2.24,-2.08,1.04,0.07,-0.36,-0.03,
12:38:26:920,2.24,-2.08,1.04,0.07,-0.14,-0.03,
12:38:26:921,1.25,-0.51,0.81,0.07,-0.14,-0.03,
12:38:26:921,1.25,-0.51,0.81,0.07,0.17,-0.03,
12:38:26:921,1.25,-0.51,0.81,0.07,0.17,-0.03,
12:38:26:921,1.25,-0.51,0.81,0.09,0.40,-0.03,
12:38:26:924,0.49,2.24,1.51,0.09,0.40,-0.03,
12:38:26:925,0.49,2.24,1.51,0.09,0.45,-0.05,
12:38:26:925,0.49,2.24,1.51,0.09,0.45,-0.05,
12:38:26:926,0.49,2.24,1.51,0.08,0.27,-0.06,
12:38:26:926,1.45,-0.97,3.43,0.08,0.27,-0.06,
12:38:26:928,1.45,-0.97,3.43,0.08,-0.02,-0.07,
12:38:26:928,1.45,-0.97,3.43,0.08,-0.02,-0.07,
12:38:26:931,1.45,-0.97,3.43,0.09,-0.27,-0.06,
12:38:26:931,1.35,-1.46,1.05,0.09,-0.27,-0.06,
12:38:26:933,1.35,-1.46,1.05,0.08,-0.38,-0.05,
12:38:26:933,1.35,-1.47,1.05,0.08,-0.38,-0.05,
12:38:26:935,1.35,-1.47,1.05,0.07,-0.31,-0.04,
12:38:26:936,1.84,0.89,1.95,0.07,-0.31,-0.04,
12:38:26:938,1.84,0.89,1.95,0.06,-0.12,-0.04,
12:38:26:938,1.84,0.89,1.95,0.06,-0.12,-0.04,
12:38:26:940,1.84,0.89,1.95,0.05,0.02,-0.05,
12:38:26:941,1.04,-0.92,-0.14,0.05,0.02,-0.05,
12:38:26:943,1.04,-0.92,-0.14,0.04,0.09,-0.05,
12:38:26:943,1.04,-0.92,-0.14,0.04,0.09,-0.05,
12:38:26:945,1.04,-0.92,-0.14,0.01,0.15,-0.06,
12:38:26:946,1.17,-0.72,1.67,0.01,0.15,-0.06,
12:38:26:948,1.17,-0.72,1.67,-0.00,0.18,-0.08,
12:38:26:949,1.17,-0.72,1.67,-0.00,0.18,-0.08,
12:38:26:951,1.17,-0.72,1.67,-0.01,0.15,-0.08,
12:38:26:952,0.76,0.02,2.31,-0.01,0.15,-0.08,
12:38:26:953,0.76,0.02,2.31,-0.02,0.05,-0.07,
12:38:26:953,0.77,0.02,2.31,-0.02,0.05,-0.07,
12:38:26:957,0.77,0.02,2.31,-0.01,-0.10,-0.05,
12:38:26:957,1.57,-0.50,1.96,-0.01,-0.10,-0.05,
12:38:26:958,1.57,-0.50,1.96,-0.00,-0.22,-0.03,
12:38:26:958,1.57,-0.50,1.96,-0.00,-0.22,-0.03,
12:38:26:960,1.57,-0.50,1.96,0.01,-0.25,-0.02,
12:38:26:961,1.79,-0.99,1.18,0.01,-0.25,-0.02,
12:38:26:963,1.79,-0.99,1.18,-0.00,-0.16,-0.02,
12:38:26:963,1.79,-0.99,1.18,-0.00,-0.16,-0.02,
12:38:26:965,1.79,-0.99,1.18,-0.01,-0.01,-0.03,
12:38:26:966,1.54,-0.95,1.10,-0.01,-0.01,-0.03,
12:38:26:968,1.54,-0.95,1.10,-0.01,0.08,-0.05,
12:38:26:970,1.54,-0.95,1.10,-0.01,0.08,-0.05,
12:38:26:971,1.54,-0.95,1.10,-0.00,0.11,-0.07,
12:38:26:972,1.85,-0.40,1.75,-0.00,0.11,-0.07,
12:38:26:973,1.85,-0.40,1.75,-0.00,0.13,-0.09,
12:38:26:973,1.85,-0.40,1.75,-0.00,0.13,-0.09,
12:38:26:975,1.85,-0.40,1.75,-0.01,0.16,-0.10,
12:38:26:976,0.24,-0.76,2.06,-0.01,0.16,-0.10,
12:38:26:978,0.24,-0.76,2.06,-0.01,0.12,-0.09,
12:38:26:978,0.25,-0.76,2.06,-0.01,0.12,-0.09,
12:38:26:980,0.25,-0.76,2.06,-0.00,-0.01,-0.07,
12:38:26:981,1.16,-0.39,1.98,-0.00,-0.01,-0.07,
12:38:26:983,1.16,-0.39,1.98,0.01,-0.18,-0.04,
12:38:26:984,1.16,-0.39,1.98,0.01,-0.18,-0.04,
12:38:26:985,1.16,-0.39,1.98,0.02,-0.28,-0.02,
12:38:26:986,2.70,-0.72,1.48,0.02,-0.28,-0.02,
12:38:26:988,2.70,-0.72,1.48,0.00,-0.27,-0.01,
12:38:26:988,2.70,-0.72,1.48,0.00,-0.27,-0.01,
12:38:26:990,2.70,-0.72,1.48,-0.01,-0.11,-0.03,
12:38:26:991,1.76,-0.84,0.47,-0.01,-0.11,-0.03,
12:38:26:993,1.76,-0.84,0.47,-0.02,0.01,-0.04,
12:38:26:993,1.76,-0.84,0.47,-0.02,0.01,-0.04,
12:38:26:995,1.76,-0.84,0.47,-0.02,0.03,-0.06,
12:38:26:996,2.10,-1.90,0.06,-0.02,0.03,-0.06,
12:38:27:005,2.10,-1.90,0.06,-0.01,0.04,-0.07,
12:38:27:006,2.10,-1.90,0.06,-0.01,0.04,-0.07,
12:38:27:007,2.10,-1.90,0.06,-0.02,0.12,-0.08,
12:38:27:007,1.07,-0.43,1.29,-0.02,0.12,-0.08,
12:38:27:008,1.07,-0.43,1.29,-0.04,0.24,-0.08,
12:38:27:009,1.08,-0.43,1.29,-0.04,0.24,-0.08,
12:38:27:010,1.08,-0.43,1.29,-0.06,0.33,-0.07,
12:38:27:010,-0.20,1.21,2.89,-0.06,0.33,-0.07,
12:38:27:011,-0.20,1.21,2.89,-0.07,0.30,-0.06,
12:38:27:012,-0.20,1.21,2.89,-0.07,0.30,-0.06,
12:38:27:013,-0.20,1.21,2.89,-0.07,0.13,-0.04,
12:38:27:013,0.08,-1.16,2.62,-0.07,0.13,-0.04,
12:38:27:013,0.08,-1.16,2.62,-0.06,-0.14,-0.02,
12:38:27:013,0.08,-1.16,2.61,-0.06,-0.14,-0.02,
12:38:27:015,0.08,-1.16,2.61,-0.06,-0.37,-0.00,
12:38:27:016,1.80,-2.22,1.63,-0.06,-0.37,-0.00,
12:38:27:018,1.80,-2.22,1.63,-0.05,-0.46,0.01,
12:38:27:019,1.80,-2.22,1.63,-0.05,-0.46,0.01,
12:38:27:021,1.80,-2.22,1.63,-0.04,-0.36,0.01,
12:38:27:021,1.51,0.36,1.04,-0.04,-0.36,0.01,
12:38:27:024,1.51,0.36,1.04,-0.03,-0.08,-0.00,
12:38:27:024,1.51,0.36,1.04,-0.03,-0.08,-0.00,
12:38:27:025,1.51,0.36,1.04,-0.02,0.15,-0.01,
12:38:27:026,0.18,-0.70,0.03,-0.02,0.15,-0.01,
12:38:27:028,0.18,-0.70,0.03,-0.02,0.25,-0.02,
12:38:27:028,0.18,-0.70,0.03,-0.02,0.25,-0.02,
12:38:27:031,0.18,-0.70,0.03,-0.04,0.24,-0.03,
12:38:27:032,0.33,-2.92,1.86,-0.04,0.24,-0.03,
12:38:27:034,0.33,-2.92,1.86,-0.06,0.17,-0.03,
12:38:27:035,0.33,-2.92,1.86,-0.06,0.17,-0.03,
12:38:27:036,0.33,-2.92,1.86,-0.07,0.03,-0.04,
12:38:27:036,1.23,-1.12,2.63,-0.07,0.03,-0.04,
12:38:27:038,1.23,-1.12,2.63,-0.07,-0.13,-0.03,
12:38:27:038,1.23,-1.12,2.63,-0.07,-0.13,-0.03,
12:38:27:040,1.23,-1.12,2.63,-0.07,-0.24,-0.02,
12:38:27:041,2.06,0.45,2.31,-0.07,-0.24,-0.02,
12:38:27:043,2.06,0.45,2.31,-0.05,-0.27,-0.01,
12:38:27:043,2.06,0.45,2.31,-0.05,-0.27,-0.01,
12:38:27:045,2.06,0.45,2.31,-0.04,-0.20,-0.01,
12:38:27:052,0.81,-2.09,0.17,-0.04,-0.20,-0.01,
12:38:27:053,0.81,-2.09,0.17,-0.05,-0.08,-0.01,
12:38:27:053,0.81,-2.08,0.17,-0.05,-0.08,-0.01,
12:38:27:054,0.81,-2.08,0.17,-0.07,0.04,-0.01,
12:38:27:054,1.26,-1.72,1.21,-0.07,0.04,-0.01,
12:38:27:055,1.26,-1.72,1.21,-0.08,0.14,-0.02,
12:38:27:055,1.26,-1.72,1.20,-0.08,0.14,-0.02,
12:38:27:058,1.26,-1.72,1.20,-0.08,0.23,-0.03,
12:38:27:059,0.58,0.82,2.31,-0.08,0.23,-0.03,
12:38:27:059,0.58,0.82,2.31,-0.08,0.29,-0.04,
12:38:27:060,0.58,0.82,2.30,-0.08,0.29,-0.04,
12:38:27:060,0.58,0.82,2.30,-0.07,0.25,-0.04,
12:38:27:061,-0.07,0.53,3.43,-0.07,0.25,-0.04,
12:38:27:063,-0.07,0.53,3.43,-0.07,0.06,-0.03,
12:38:27:063,-0.07,0.53,3.43,-0.07,0.06,-0.03,
12:38:27:065,-0.07,0.53,3.43,-0.07,-0.22,-0.02,
12:38:27:066,1.81,-2.10,2.52,-0.07,-0.22,-0.02,
12:38:27:068,1.81,-2.10,2.52,-0.05,-0.45,-0.02,
12:38:27:070,1.81,-2.10,2.51,-0.05,-0.45,-0.02,
12:38:27:070,1.81,-2.10,2.51,-0.05,-0.54,-0.02,
12:38:27:071,2.79,-3.47,0.92,-0.05,-0.54,-0.02,
12:38:27:073,2.79,-3.47,0.92,-0.06,-0.44,-0.02,
12:38:27:073,2.79,-3.47,0.92,-0.06,-0.44,-0.02,
12:38:27:075,2.79,-3.47,0.92,-0.06,-0.10,-0.02,
12:38:27:076,0.94,0.29,0.30,-0.06,-0.10,-0.02,
12:38:27:078,0.94,0.29,0.30,-0.05,0.26,-0.02,
12:38:27:078,0.94,0.29,0.30,-0.05,0.26,-0.02,
12:38:27:080,0.94,0.29,0.30,-0.04,0.46,-0.02,
12:38:27:081,0.04,-0.43,1.31,-0.04,0.46,-0.02,
12:38:27:083,0.04,-0.43,1.31,-0.05,0.45,-0.02,
12:38:27:083,0.04,-0.43,1.31,-0.05,0.45,-0.02,
12:38:27:085,0.04,-0.43,1.31,-0.08,0.24,-0.01,
12:38:27:086,1.64,-2.53,4.06,-0.08,0.24,-0.01,
12:38:27:088,1.64,-2.53,4.06,-0.08,-0.08,-0.01,
12:38:27:088,1.64,-2.53,4.06,-0.08,-0.08,-0.01,
12:38:27:091,1.64,-2.53,4.06,-0.07,-0.31,-0.01,
12:38:27:091,1.72,-1.58,1.90,-0.07,-0.31,-0.01,
12:38:27:093,1.72,-1.58,1.90,-0.05,-0.40,-0.00,
12:38:27:093,1.72,-1.57,1.90,-0.05,-0.40,-0.00,
12:38:27:095,1.72,-1.57,1.90,-0.04,-0.33,-0.00,
12:38:27:096,1.33,-0.66,1.52,-0.04,-0.33,-0.00,
12:38:27:103,1.33,-0.66,1.52,-0.05,-0.15,-0.01,
12:38:27:104,1.33,-0.66,1.52,-0.05,-0.15,-0.01,
12:38:27:106,1.33,-0.66,1.52,-0.07,-0.02,-0.02,
12:38:27:107,2.19,-2.64,1.21,-0.07,-0.02,-0.02,
12:38:27:107,2.19,-2.64,1.21,-0.08,0.05,-0.03,
12:38:27:108,2.19,-2.64,1.21,-0.08,0.05,-0.03,
12:38:27:108,2.19,-2.64,1.21,-0.08,0.10,-0.04,
12:38:27:108,1.31,-1.98,1.59,-0.08,0.10,-0.04,
12:38:27:109,1.31,-1.98,1.59,-0.08,0.15,-0.06,
12:38:27:110,1.31,-1.98,1.59,-0.08,0.15,-0.06,
12:38:27:110,1.31,-1.98,1.59,-0.08,0.18,-0.06,
12:38:27:110,0.43,-0.33,2.52,-0.08,0.18,-0.06,
12:38:27:113,0.43,-0.33,2.52,-0.07,0.15,-0.06,
12:38:27:113,0.43,-0.33,2.51,-0.07,0.15,-0.06,
12:38:27:115,0.43,-0.33,2.51,-0.07,0.04,-0.04,
12:38:27:116,0.73,-1.30,2.99,-0.07,0.04,-0.04,
12:38:27:118,0.73,-1.30,2.99,-0.05,-0.13,-0.01,
12:38:27:118,0.73,-1.30,2.99,-0.05,-0.13,-0.01,
12:38:27:120,0.73,-1.30,2.99,-0.04,-0.25,0.01,
12:38:27:121,1.02,-2.13,1.75,-0.04,-0.25,0.01,
12:38:27:123,1.02,-2.13,1.75,-0.04,-0.23,0.02,
12:38:27:123,1.01,-2.13,1.75,-0.04,-0.23,0.02,
12:38:27:125,1.01,-2.13,1.75,-0.05,-0.08,0.02,
12:38:27:126,0.66,-0.49,2.03,-0.05,-0.08,0.02,
12:38:27:128,0.66,-0.49,2.03,-0.05,0.10,0.01,
12:38:27:128,0.66,-0.49,2.03,-0.05,0.10,0.01,
12:38:27:131,0.66,-0.49,2.03,-0.04,0.16,-0.01,
12:38:27:131,0.48,-0.63,1.85,-0.04,0.16,-0.01,
12:38:27:133,0.48,-0.63,1.85,-0.04,0.09,-0.02,
12:38:27:133,0.48,-0.63,1.85,-0.04,0.09,-0.02,
12:38:27:136,0.48,-0.63,1.85,-0.06,-0.03,-0.03,
12:38:27:137,1.41,-2.85,3.16,-0.06,-0.03,-0.03,
12:38:27:138,1.41,-2.85,3.16,-0.07,-0.12,-0.03,
12:38:27:138,1.41,-2.85,3.15,-0.07,-0.12,-0.03,
12:38:27:140,1.41,-2.85,3.15,-0.06,-0.17,-0.03,
12:38:27:141,0.54,-1.12,1.55,-0.06,-0.17,-0.03,
12:38:27:143,0.54,-1.12,1.55,-0.04,-0.15,-0.01,
12:38:27:143,0.54,-1.12,1.54,-0.04,-0.15,-0.01,
12:38:27:145,0.54,-1.12,1.54,-0.03,-0.10,0.00,
12:38:27:146,1.89,0.68,2.25,-0.03,-0.10,0.00,
12:38:27:148,1.89,0.68,2.25,-0.04,-0.04,0.00,
12:38:27:149,1.89,0.68,2.25,-0.04,-0.04,0.00,
12:38:27:151,1.89,0.68,2.25,-0.06,0.02,-0.00,
12:38:27:152,1.76,-1.85,2.14,-0.06,0.02,-0.00,
12:38:27:153,1.76,-1.85,2.14,-0.07,0.02,-0.01,
12:38:27:153,1.76,-1.85,2.14,-0.07,0.02,-0.01,
12:38:27:155,1.76,-1.85,2.14,-0.09,-0.03,-0.03,
12:38:27:156,1.49,-3.36,2.03,-0.09,-0.03,-0.03,
12:38:27:158,1.49,-3.36,2.03,-0.10,-0.07,-0.03,
12:38:27:158,1.49,-3.36,2.02,-0.10,-0.07,-0.03,
12:38:27:161,1.49,-3.36,2.02,-0.11,-0.06,-0.03,
12:38:27:161,1.58,-1.61,2.66,-0.11,-0.06,-0.03,
12:38:27:163,1.58,-1.61,2.66,-0.10,-0.00,-0.03,
12:38:27:163,1.58,-1.61,2.66,-0.10,-0.00,-0.03,
12:38:27:166,1.58,-1.61,2.66,-0.08,0.04,-0.03,
12:38:27:166,0.79,-0.41,2.36,-0.08,0.04,-0.03,
12:38:27:169,0.79,-0.41,2.36,-0.06,0.03,-0.01,
12:38:27:169,0.79,-0.41,2.36,-0.06,0.03,-0.01,
12:38:27:170,0.79,-0.41,2.36,-0.06,-0.03,-0.01,
12:38:27:175,1.47,-1.88,3.12,-0.06,-0.03,-0.01,
12:38:27:176,1.47,-1.88,3.12,-0.05,-0.11,-0.00,
12:38:27:176,1.47,-1.88,3.12,-0.05,-0.11,-0.00,
12:38:27:177,1.47,-1.88,3.12,-0.04,-0.17,0.00,
12:38:27:177,1.18,-2.80,1.52,-0.04,-0.17,0.00,
12:38:27:178,1.18,-2.80,1.52,-0.03,-0.18,0.01,
12:38:27:179,1.18,-2.80,1.52,-0.03,-0.18,0.01,
12:38:27:181,1.18,-2.80,1.52,-0.02,-0.11,0.00,
12:38:27:181,1.89,-0.86,1.92,-0.02,-0.11,0.00,
12:38:27:183,1.89,-0.86,1.92,-0.02,-0.03,-0.01,
12:38:27:184,1.89,-0.86,1.91,-0.02,-0.03,-0.01,
12:38:27:185,1.89,-0.86,1.91,-0.01,0.04,-0.02,
12:38:27:186,1.06,-1.82,1.25,-0.01,0.04,-0.02,
12:38:27:188,1.06,-1.82,1.25,-0.01,0.10,-0.03,
12:38:27:188,1.06,-1.82,1.25,-0.01,0.10,-0.03,
12:38:27:190,1.06,-1.82,1.25,-0.02,0.09,-0.04,
12:38:27:191,0.75,-2.27,1.76,-0.02,0.09,-0.04,
12:38:27:193,0.75,-2.27,1.76,-0.03,-0.00,-0.03,
12:38:27:193,0.75,-2.27,1.76,-0.03,-0.00,-0.03,
12:38:27:195,0.75,-2.27,1.76,-0.05,-0.10,-0.02,
12:38:27:196,1.57,-0.80,2.48,-0.05,-0.10,-0.02,
12:38:27:204,1.57,-0.80,2.48,-0.06,-0.10,-0.01,
12:38:27:204,1.57,-0.80,2.48,-0.06,-0.10,-0.01,
12:38:27:205,1.57,-0.80,2.48,-0.08,-0.03,-0.01,
12:38:27:205,0.48,-1.22,2.21,-0.08,-0.03,-0.01,
12:38:27:205,0.48,-1.22,2.21,-0.08,0.02,-0.01,
12:38:27:205,0.48,-1.22,2.21,-0.08,0.02,-0.01,
12:38:27:206,0.48,-1.22,2.21,-0.08,-0.03,-0.00,
12:38:27:206,1.44,-1.98,2.27,-0.08,-0.03,-0.00,
12:38:27:208,1.44,-1.98,2.27,-0.08,-0.13,0.01,
12:38:27:209,1.44,-1.98,2.27,-0.08,-0.13,0.01,
12:38:27:210,1.44,-1.98,2.27,-0.08,-0.17,0.01,
12:38:27:211,1.62,-2.19,2.06,-0.08,-0.17,0.01,
12:38:27:213,1.62,-2.19,2.06,-0.08,-0.11,-0.00,
12:38:27:213,1.62,-2.19,2.06,-0.08,-0.11,-0.00,
12:38:27:215,1.62,-2.19,2.06,-0.07,0.03,-0.01,
12:38:27:216,1.22,0.09,2.62,-0.07,0.03,-0.01,
12:38:27:218,1.22,0.09,2.62,-0.06,0.13,-0.02,
12:38:27:218,1.22,0.09,2.62,-0.06,0.13,-0.02,
12:38:27:221,1.22,0.09,2.62,-0.05,0.11,-0.03,
12:38:27:221,1.65,-1.42,3.32,-0.05,0.11,-0.03,
12:38:27:223,1.65,-1.42,3.32,-0.05,-0.02,-0.03,
12:38:27:224,1.65,-1.42,3.32,-0.05,-0.02,-0.03,
12:38:27:226,1.65,-1.42,3.32,-0.04,-0.17,-0.03,
12:38:27:226,1.63,-2.13,2.23,-0.04,-0.17,-0.03,
12:38:27:228,1.63,-2.13,2.23,-0.03,-0.23,-0.01,
12:38:27:228,1.63,-2.13,2.23,-0.03,-0.23,-0.01,
12:38:27:231,1.63,-2.13,2.23,-0.02,-0.17,-0.01,
12:38:27:232,1.32,-1.49,1.89,-0.02,-0.17,-0.01,
12:38:27:234,1.32,-1.49,1.89,-0.02,-0.05,-0.01,
12:38:27:235,1.32,-1.49,1.89,-0.02,-0.05,-0.01,
12:38:27:236,1.32,-1.49,1.89,-0.01,0.04,-0.01,
12:38:27:238,1.25,-0.92,1.78,-0.01,0.04,-0.01,
12:38:27:238,1.25,-0.92,1.78,-0.01,0.08,-0.02,
12:38:27:239,1.25,-0.92,1.78,-0.01,0.08,-0.02,
12:38:27:240,1.25,-0.92,1.78,-0.02,0.06,-0.02,
12:38:27:241,1.74,-1.71,2.57,-0.02,0.06,-0.02,
12:38:27:243,1.74,-1.71,2.57,-0.03,-0.02,-0.03,
12:38:27:243,1.74,-1.71,2.57,-0.03,-0.02,-0.03,
12:38:27:246,1.74,-1.71,2.57,-0.03,-0.07,-0.03,
12:38:27:246,1.20,-1.68,2.51,-0.03,-0.07,-0.03,
12:38:27:248,1.20,-1.68,2.51,-0.05,-0.07,-0.02,
12:38:27:249,1.20,-1.68,2.51,-0.05,-0.07,-0.02,
12:38:27:250,1.20,-1.68,2.51,-0.06,-0.07,-0.02,
12:38:27:251,0.97,-1.69,2.24,-0.06,-0.07,-0.02,
12:38:27:253,0.97,-1.69,2.24,-0.06,-0.06,-0.01,
12:38:27:254,0.97,-1.69,2.24,-0.06,-0.06,-0.01,
12:38:27:255,0.97,-1.69,2.24,-0.06,-0.05,-0.01,
12:38:27:256,1.28,-1.75,2.53,-0.06,-0.05,-0.01,
12:38:27:258,1.28,-1.75,2.53,-0.06,-0.06,0.00,
12:38:27:258,1.28,-1.75,2.53,-0.06,-0.06,0.00,
12:38:27:260,1.28,-1.75,2.53,-0.06,-0.09,0.00,
12:38:27:261,1.58,-2.17,2.07,-0.06,-0.09,0.00,
12:38:27:263,1.58,-2.17,2.07,-0.05,-0.10,0.00,
12:38:27:263,1.58,-2.17,2.07,-0.05,-0.10,0.00,
12:38:27:265,1.58,-2.17,2.07,-0.04,-0.06,-0.00,
12:38:27:266,1.39,-1.53,2.46,-0.04,-0.06,-0.00,
12:38:27:268,1.39,-1.53,2.46,-0.04,0.02,-0.01,
12:38:27:269,1.39,-1.53,2.46,-0.04,0.02,-0.01,
12:38:27:271,1.39,-1.53,2.46,-0.04,0.04,-0.02,
12:38:27:271,1.21,-1.64,2.28,-0.04,0.04,-0.02,
12:38:27:273,1.21,-1.64,2.28,-0.03,-0.00,-0.03,
12:38:27:273,1.21,-1.64,2.28,-0.03,-0.00,-0.03,
12:38:27:275,1.21,-1.64,2.28,-0.02,-0.09,-0.02,
12:38:27:276,1.54,-1.95,2.24,-0.02,-0.09,-0.02,
12:38:27:278,1.54,-1.95,2.24,-0.02,-0.15,-0.01,
12:38:27:278,1.54,-1.95,2.24,-0.02,-0.15,-0.01,
12:38:27:281,1.54,-1.95,2.24,-0.02,-0.12,0.00,
12:38:27:281,1.83,-1.02,2.63,-0.02,-0.12,0.00,
12:38:27:283,1.83,-1.02,2.63,-0.03,-0.01,0.00,
12:38:27:284,1.83,-1.02,2.63,-0.03,-0.01,0.00,
12:38:27:285,1.83,-1.02,2.63,-0.03,0.08,-0.01,
12:38:27:286,0.90,-1.59,2.03,-0.03,0.08,-0.01,
12:38:27:288,0.90,-1.59,2.03,-0.04,0.06,-0.02,
12:38:27:289,0.90,-1.59,2.03,-0.04,0.06,-0.02,
12:38:27:290,0.90,-1.59,2.03,-0.04,-0.03,-0.02,
12:38:27:291,1.91,-1.14,3.23,-0.04,-0.03,-0.02,
12:38:27:293,1.91,-1.14,3.23,-0.05,-0.10,-0.02,
12:38:27:293,1.91,-1.14,3.23,-0.05,-0.10,-0.02,
12:38:27:295,1.91,-1.14,3.23,-0.06,-0.12,-0.01,
12:38:27:303,1.21,-2.21,2.53,-0.06,-0.12,-0.01,
12:38:27:304,1.21,-2.21,2.53,-0.05,-0.08,-0.02,
12:38:27:305,1.21,-2.21,2.53,-0.05,-0.08,-0.02,
12:38:27:305,1.21,-2.21,2.53,-0.04,-0.01,-0.01,
12:38:27:305,1.32,-0.39,3.12,-0.04,-0.01,-0.01,
12:38:27:306,1.32,-0.39,3.12,-0.04,0.03,-0.01,
12:38:27:306,1.32,-0.39,3.11,-0.04,0.03,-0.01,
12:38:27:306,1.32,-0.39,3.11,-0.03,-0.00,-0.01,
12:38:27:307,1.72,-1.51,3.20,-0.03,-0.00,-0.01,
12:38:27:312,1.72,-1.51,3.20,-0.02,-0.07,-0.01,
12:38:27:312,1.72,-1.51,3.20,-0.02,-0.07,-0.01,
12:38:27:313,1.72,-1.51,3.20,-0.01,-0.14,-0.01,
12:38:27:313,1.64,-2.00,2.24,-0.01,-0.14,-0.01,
12:38:27:314,1.64,-2.00,2.24,0.00,-0.19,-0.00,
12:38:27:314,1.64,-2.00,2.24,0.00,-0.19,-0.00,
12:38:27:322,1.64,-2.00,2.24,-0.00,-0.17,0.00,
12:38:27:322,2.55,-1.13,2.61,-0.00,-0.17,0.00,
12:38:27:323,2.55,-1.13,2.61,-0.00,-0.04,-0.01,
12:38:27:323,2.55,-1.13,2.61,-0.00,-0.04,-0.01,
12:38:27:323,2.55,-1.13,2.61,-0.00,0.08,-0.03,
12:38:27:323,1.36,-1.54,1.61,-0.00,0.08,-0.03,
12:38:27:324,1.36,-1.54,1.61,-0.00,0.09,-0.04,
12:38:27:324,1.37,-1.54,1.61,-0.00,0.09,-0.04,
12:38:27:325,1.37,-1.54,1.61,-0.01,0.01,-0.04,
12:38:27:326,1.90,-2.11,2.57,-0.01,0.01,-0.04,
12:38:27:328,1.90,-2.11,2.57,-0.01,-0.05,-0.04,
12:38:27:328,1.90,-2.11,2.57,-0.01,-0.05,-0.04,
12:38:27:330,1.90,-2.11,2.57,-0.01,-0.04,-0.04,
12:38:27:331,0.74,-1.95,2.32,-0.01,-0.04,-0.04,
12:38:27:333,0.74,-1.95,2.32,-0.03,-0.02,-0.03,
12:38:27:333,0.74,-1.95,2.32,-0.03,-0.02,-0.03,
12:38:27:336,0.74,-1.95,2.32,-0.03,-0.04,-0.02,
12:38:27:337,1.59,-1.22,2.87,-0.03,-0.04,-0.02,
12:38:27:338,1.59,-1.22,2.87,-0.03,-0.11,-0.00,
12:38:27:338,1.59,-1.22,2.86,-0.03,-0.11,-0.00,
12:38:27:340,1.59,-1.22,2.86,-0.03,-0.19,0.01,
12:38:27:341,2.40,-1.60,2.05,-0.03,-0.19,0.01,
12:38:27:343,2.40,-1.60,2.05,-0.03,-0.20,0.02,
12:38:27:343,2.40,-1.60,2.05,-0.03,-0.20,0.02,
12:38:27:345,2.40,-1.60,2.05,-0.03,-0.09,0.00,
12:38:27:346,1.82,-1.66,1.73,-0.03,-0.09,0.00,
12:38:27:348,1.82,-1.66,1.73,-0.03,0.06,-0.02,
12:38:27:349,1.82,-1.66,1.73,-0.03,0.06,-0.02,
12:38:27:351,1.82,-1.66,1.73,-0.04,0.16,-0.05,
12:38:27:352,1.78,-1.20,2.94,-0.04,0.16,-0.05,
12:38:27:353,1.78,-1.20,2.94,-0.04,0.16,-0.07,
12:38:27:353,1.78,-1.19,2.94,-0.04,0.16,-0.07,
12:38:27:355,1.78,-1.19,2.94,-0.05,0.05,-0.07,
12:38:27:356,1.77,-1.62,3.51,-0.05,0.05,-0.07,
12:38:27:358,1.77,-1.62,3.51,-0.05,-0.10,-0.06,
12:38:27:358,1.77,-1.62,3.51,-0.05,-0.10,-0.06,
12:38:27:360,1.77,-1.62,3.51,-0.04,-0.21,-0.04,
12:38:27:361,1.59,-2.05,2.86,-0.04,-0.21,-0.04,
12:38:27:363,1.59,-2.05,2.86,-0.02,-0.21,-0.02,
12:38:27:363,1.59,-2.05,2.85,-0.02,-0.21,-0.02,
12:38:27:366,1.59,-2.05,2.85,-0.00,-0.09,-0.01,
12:38:27:366,0.69,-0.47,2.05,-0.00,-0.09,-0.01,
12:38:27:368,0.69,-0.47,2.05,0.01,0.05,-0.00,
12:38:27:368,0.69,-0.47,2.05,0.01,0.05,-0.00,
12:38:27:370,0.69,-0.47,2.05,0.00,0.07,-0.00,
12:38:27:371,2.56,-0.58,3.36,0.00,0.07,-0.00,
12:38:27:373,2.56,-0.58,3.36,-0.00,0.03,-0.01,
12:38:27:374,2.56,-0.58,3.36,-0.00,0.03,-0.01,
12:38:27:375,2.56,-0.58,3.36,-0.01,-0.02,-0.03,
12:38:27:376,1.81,-2.19,2.87,-0.01,-0.02,-0.03,
12:38:27:378,1.81,-2.19,2.87,-0.02,-0.08,-0.04,
12:38:27:378,1.81,-2.19,2.87,-0.02,-0.08,-0.04,
12:38:27:380,1.81,-2.19,2.87,-0.03,-0.10,-0.04,
12:38:27:381,1.85,-0.92,3.13,-0.03,-0.10,-0.04,
12:38:27:383,1.85,-0.92,3.13,-0.02,-0.07,-0.04,
12:38:27:384,1.85,-0.92,3.12,-0.02,-0.07,-0.04,
12:38:27:386,1.85,-0.92,3.12,-0.02,-0.04,-0.04,
12:38:27:387,1.51,-1.67,2.48,-0.02,-0.04,-0.04,
12:38:27:388,1.51,-1.67,2.48,-0.02,-0.04,-0.03,
12:38:27:388,1.51,-1.67,2.48,-0.02,-0.04,-0.03,
12:38:27:391,1.51,-1.67,2.48,-0.01,-0.06,-0.03,
12:38:27:392,2.36,-0.70,2.99,-0.01,-0.06,-0.03,
12:38:27:396,2.36,-0.70,2.99,-0.00,-0.06,-0.02,
12:38:27:396,2.36,-0.70,2.99,-0.00,-0.06,-0.02,
12:38:27:397,2.36,-0.70,2.99,-0.01,-0.03,-0.03,
12:38:27:398,2.32,-1.33,3.16,-0.01,-0.03,-0.03,
12:38:27:398,2.32,-1.33,3.16,-0.02,0.01,-0.04,
12:38:27:399,2.32,-1.33,3.16,-0.02,0.01,-0.04,
12:38:27:408,2.32,-1.33,3.16,-0.02,0.01,-0.05,
12:38:27:409,1.60,-1.72,2.36,-0.02,0.01,-0.05,
12:38:27:410,1.60,-1.72,2.36,-0.01,-0.03,-0.06,
12:38:27:410,1.60,-1.72,2.36,-0.01,-0.03,-0.06,
12:38:27:411,1.60,-1.72,2.36,-0.01,-0.07,-0.05,
12:38:27:411,2.11,-1.18,3.08,-0.01,-0.07,-0.05,
12:38:27:412,2.11,-1.18,3.08,-0.01,-0.05,-0.05,
12:38:27:412,2.11,-1.18,3.08,-0.01,-0.05,-0.05,
12:38:27:413,2.11,-1.18,3.08,-0.00,0.00,-0.05,
12:38:27:413,1.22,-1.45,2.39,-0.00,0.00,-0.05,
12:38:27:414,1.22,-1.45,2.39,0.01,-0.00,-0.05,
12:38:27:414,1.22,-1.45,2.39,0.01,-0.00,-0.05,
12:38:27:421,1.22,-1.45,2.39,0.01,-0.06,-0.03,
12:38:27:422,2.46,-0.61,3.04,0.01,-0.06,-0.03,
12:38:27:422,2.46,-0.61,3.04,0.01,-0.10,-0.02,
12:38:27:423,2.46,-0.61,3.04,0.01,-0.10,-0.02,
12:38:27:423,2.46,-0.61,3.04,0.00,-0.08,-0.02,
12:38:27:426,1.65,-1.30,1.96,0.00,-0.08,-0.02,
12:38:27:427,1.65,-1.30,1.96,-0.00,-0.02,-0.03,
12:38:27:427,1.65,-1.30,1.96,-0.00,-0.02,-0.03,
12:38:27:427,1.65,-1.30,1.96,-0.02,0.03,-0.04,
12:38:27:427,1.59,-1.95,2.81,-0.02,0.03,-0.04,
12:38:27:428,1.59,-1.95,2.81,-0.04,0.06,-0.05,
12:38:27:428,1.60,-1.95,2.81,-0.04,0.06,-0.05,
12:38:27:431,1.60,-1.95,2.81,-0.05,0.04,-0.06,
12:38:27:432,1.30,-1.65,2.93,-0.05,0.04,-0.06,
12:38:27:433,1.30,-1.65,2.93,-0.05,0.00,-0.06,
12:38:27:433,1.30,-1.65,2.93,-0.05,0.00,-0.06,
12:38:27:435,1.30,-1.65,2.93,-0.04,-0.05,-0.05,
12:38:27:436,1.55,-0.82,3.81,-0.04,-0.05,-0.05,
12:38:27:438,1.55,-0.82,3.81,-0.04,-0.09,-0.03,
12:38:27:438,1.55,-0.82,3.81,-0.04,-0.09,-0.03,
12:38:27:440,1.55,-0.82,3.81,-0.02,-0.09,-0.02,
12:38:27:441,1.14,-0.97,3.14,-0.02,-0.09,-0.02,
12:38:27:443,1.14,-0.97,3.14,-0.01,-0.05,-0.01,
12:38:27:443,1.14,-0.97,3.14,-0.01,-0.05,-0.01,
12:38:27:446,1.14,-0.97,3.14,0.00,-0.01,-0.01,
12:38:27:446,1.42,-1.68,3.37,0.00,-0.01,-0.01,
12:38:27:449,1.42,-1.68,3.37,0.01,-0.03,-0.02,
12:38:27:449,1.42,-1.68,3.37,0.01,-0.03,-0.02,
12:38:27:451,1.42,-1.68,3.37,0.01,-0.06,-0.03,
12:38:27:451,1.82,-1.27,3.26,0.01,-0.06,-0.03,
12:38:27:453,1.82,-1.27,3.26,0.01,-0.06,-0.04,
12:38:27:453,1.82,-1.27,3.26,0.01,-0.06,-0.04,
12:38:27:455,1.82,-1.27,3.26,0.01,-0.02,-0.05,
12:38:27:456,1.79,-0.96,3.22,0.01,-0.02,-0.05,
12:38:27:458,1.79,-0.96,3.22,0.00,-0.01,-0.05,
12:38:27:458,1.79,-0.96,3.22,0.00,-0.01,-0.05,
12:38:27:461,1.79,-0.96,3.22,0.00,-0.03,-0.04,
12:38:27:461,2.04,-0.48,3.67,0.00,-0.03,-0.04,
12:38:27:463,2.04,-0.48,3.67,0.01,-0.04,-0.04,
12:38:27:463,2.04,-0.48,3.67,0.01,-0.04,-0.04,
12:38:27:466,2.04,-0.48,3.67,0.01,-0.07,-0.03,
12:38:27:466,1.88,-1.76,2.79,0.01,-0.07,-0.03,
12:38:27:468,1.88,-1.76,2.79,0.00,-0.10,-0.02,
12:38:27:469,1.88,-1.76,2.79,0.00,-0.10,-0.02,
12:38:27:471,1.88,-1.76,2.79,-0.00,-0.06,-0.01,
12:38:27:472,2.40,-0.44,3.90,-0.00,-0.06,-0.01,
12:38:27:473,2.40,-0.44,3.90,-0.00,0.03,-0.03,
12:38:27:473,2.40,-0.44,3.90,-0.00,0.03,-0.03,
12:38:27:476,2.40,-0.44,3.90,-0.00,0.06,-0.05,
12:38:27:476,1.70,-0.90,3.36,-0.00,0.06,-0.05,
12:38:27:478,1.70,-0.90,3.36,-0.00,0.04,-0.06,
12:38:27:478,1.70,-0.90,3.36,-0.00,0.04,-0.06,
12:38:27:481,1.70,-0.90,3.36,0.00,-0.01,-0.05,
12:38:27:481,1.54,-0.89,3.86,0.00,-0.01,-0.05,
12:38:27:483,1.54,-0.89,3.86,0.01,-0.07,-0.04,
12:38:27:484,1.54,-0.89,3.86,0.01,-0.07,-0.04,
12:38:27:485,1.54,-0.89,3.86,0.01,-0.10,-0.03,
12:38:27:486,1.29,-0.96,3.24,0.01,-0.10,-0.03,
12:38:27:488,1.29,-0.96,3.24,0.01,-0.10,-0.02,
12:38:27:488,1.29,-0.96,3.24,0.01,-0.10,-0.02,
12:38:27:491,1.29,-0.96,3.24,0.02,-0.09,-0.00,
12:38:27:491,2.31,-0.78,3.52,0.02,-0.09,-0.00,
12:38:27:493,2.31,-0.78,3.52,0.02,-0.10,0.01,
12:38:27:494,2.31,-0.78,3.52,0.02,-0.10,0.01,
12:38:27:496,2.31,-0.78,3.52,0.03,-0.08,0.00,
12:38:27:496,1.96,-0.88,2.80,0.03,-0.08,0.00,
12:38:27:504,1.96,-0.88,2.80,0.03,0.01,-0.02,
12:38:27:505,1.97,-0.88,2.80,0.03,0.01,-0.02,
12:38:27:505,1.97,-0.88,2.80,0.04,0.09,-0.04,
12:38:27:505,1.19,-0.41,2.85,0.04,0.09,-0.04,
12:38:27:506,1.19,-0.41,2.85,0.03,0.10,-0.05,
12:38:27:506,1.19,-0.41,2.85,0.03,0.10,-0.05,
12:38:27:506,1.19,-0.41,2.85,0.02,0.06,-0.06,
12:38:27:506,1.40,-0.36,4.29,0.02,0.06,-0.06,
12:38:27:508,1.40,-0.36,4.29,0.01,-0.03,-0.04,
12:38:27:508,1.40,-0.36,4.29,0.01,-0.03,-0.04,
12:38:27:510,1.40,-0.36,4.29,0.01,-0.13,-0.03,
12:38:27:511,1.62,-0.69,3.64,0.01,-0.13,-0.03,
12:38:27:513,1.62,-0.69,3.64,0.00,-0.22,0.00,
12:38:27:513,1.62,-0.69,3.64,0.00,-0.22,0.00,
12:38:27:515,1.62,-0.69,3.64,-0.00,-0.23,0.02,
12:38:27:516,2.36,-0.77,3.19,-0.00,-0.23,0.02,
12:38:27:518,2.36,-0.77,3.19,-0.00,-0.16,0.03,
12:38:27:518,2.36,-0.77,3.19,-0.00,-0.16,0.03,
12:38:27:520,2.36,-0.77,3.19,-0.01,-0.05,0.01,
12:38:27:521,2.10,-1.80,2.30,-0.01,-0.05,0.01,
12:38:27:523,2.10,-1.80,2.30,-0.01,0.04,-0.01,
12:38:27:523,2.10,-1.80,2.30,-0.01,0.04,-0.01,
12:38:27:525,2.10,-1.80,2.30,-0.01,0.06,-0.04,
12:38:27:526,2.54,-1.31,3.25,-0.01,0.06,-0.04,
12:38:27:528,2.54,-1.31,3.25,0.01,0.03,-0.06,
12:38:27:528,2.54,-1.31,3.26,0.01,0.03,-0.06,
12:38:27:531,2.54,-1.31,3.26,0.03,-0.02,-0.08,
12:38:27:532,1.59,-1.54,2.85,0.03,-0.02,-0.08,
12:38:27:534,1.59,-1.54,2.85,0.04,-0.05,-0.07,
12:38:27:535,1.59,-1.54,2.85,0.04,-0.05,-0.07,
12:38:27:536,1.59,-1.54,2.85,0.04,-0.07,-0.05,
12:38:27:536,2.50,-0.59,3.52,0.04,-0.07,-0.05,
12:38:27:538,2.50,-0.59,3.52,0.04,-0.10,-0.03,
12:38:27:538,2.51,-0.59,3.52,0.04,-0.10,-0.03,
12:38:27:540,2.51,-0.59,3.52,0.04,-0.13,-0.02,
12:38:27:541,2.37,-1.80,1.97,0.04,-0.13,-0.02,
12:38:27:543,2.37,-1.80,1.97,0.03,-0.11,-0.02,
12:38:27:543,2.37,-1.80,1.97,0.03,-0.11,-0.02,
12:38:27:545,2.37,-1.80,1.97,0.01,-0.03,-0.04,
12:38:27:552,2.44,-1.35,2.28,0.01,-0.03,-0.04,
12:38:27:553,2.44,-1.35,2.28,-0.00,0.08,-0.06,
12:38:27:553,2.44,-1.35,2.28,-0.00,0.08,-0.06,
12:38:27:553,2.44,-1.35,2.28,-0.02,0.16,-0.09,
12:38:27:554,1.76,-1.10,3.11,-0.02,0.16,-0.09,
12:38:27:554,1.76,-1.10,3.11,-0.03,0.16,-0.10,
12:38:27:554,1.76,-1.09,3.11,-0.03,0.16,-0.10,
12:38:27:556,1.76,-1.09,3.11,-0.04,0.07,-0.10,
12:38:27:556,1.67,-1.95,4.02,-0.04,0.07,-0.10,
12:38:27:558,1.67,-1.95,4.02,-0.05,-0.05,-0.08,
12:38:27:559,1.67,-1.95,4.02,-0.05,-0.05,-0.08,
12:38:27:561,1.67,-1.95,4.02,-0.04,-0.11,-0.06,
12:38:27:561,1.20,-0.54,4.18,-0.04,-0.11,-0.06,
12:38:27:563,1.20,-0.54,4.18,-0.02,-0.09,-0.04,
12:38:27:564,1.20,-0.54,4.18,-0.02,-0.09,-0.04,
12:38:27:567,1.20,-0.54,4.18,-0.00,-0.04,-0.02,
12:38:27:569,1.01,-0.14,3.64,-0.00,-0.04,-0.02,
12:38:27:570,1.01,-0.14,3.64,0.02,-0.01,-0.01,
12:38:27:571,1.01,-0.14,3.64,0.02,-0.01,-0.01,
12:38:27:571,1.01,-0.14,3.64,0.04,-0.00,-0.02,
12:38:27:572,1.69,-0.09,3.94,0.04,-0.00,-0.02,
12:38:27:573,1.69,-0.09,3.94,0.06,-0.01,-0.03,
12:38:27:573,1.69,-0.09,3.94,0.06,-0.01,-0.03,
12:38:27:575,1.69,-0.09,3.94,0.07,-0.02,-0.04,
12:38:27:576,1.42,-0.29,3.27,0.07,-0.02,-0.04,
12:38:27:578,1.42,-0.29,3.27,0.07,-0.03,-0.05,
12:38:27:578,1.42,-0.29,3.28,0.07,-0.03,-0.05,
12:38:27:580,1.42,-0.29,3.28,0.05,-0.08,-0.05,
12:38:27:581,1.92,-1.99,3.13,0.05,-0.08,-0.05,
12:38:27:583,1.92,-1.99,3.13,0.04,-0.15,-0.03,
12:38:27:583,1.92,-1.99,3.13,0.04,-0.15,-0.03,
12:38:27:586,1.92,-1.99,3.13,0.04,-0.20,-0.02,
12:38:27:586,2.17,-1.23,1.89,0.04,-0.20,-0.02,
12:38:27:588,2.17,-1.23,1.89,0.05,-0.18,-0.01,
12:38:27:588,2.17,-1.23,1.89,0.05,-0.18,-0.01,
12:38:27:590,2.17,-1.23,1.89,0.04,-0.10,-0.01,
12:38:27:591,2.05,-1.91,1.01,0.04,-0.10,-0.01,
12:38:27:593,2.05,-1.91,1.01,0.03,-0.03,-0.01,
12:38:27:593,2.05,-1.91,1.01,0.03,-0.03,-0.01,
12:38:27:596,2.05,-1.91,1.01,0.02,0.02,-0.02,
12:38:27:596,2.03,-2.83,1.18,0.02,0.02,-0.02,
12:38:27:603,2.03,-2.83,1.18,0.00,0.05,-0.04,
12:38:27:604,2.03,-2.83,1.18,0.00,0.05,-0.04,
12:38:27:605,2.03,-2.83,1.18,-0.02,0.09,-0.05,
12:38:27:605,1.00,-3.21,1.81,-0.02,0.09,-0.05,
12:38:27:605,1.00,-3.21,1.81,-0.03,0.10,-0.06,
12:38:27:606,1.00,-3.21,1.81,-0.03,0.10,-0.06,
12:38:27:606,1.00,-3.21,1.81,-0.04,0.04,-0.05,
12:38:27:606,1.36,-0.84,2.86,-0.04,0.04,-0.05,
12:38:27:608,1.36,-0.84,2.86,-0.04,-0.03,-0.03,
12:38:27:608,1.36,-0.84,2.86,-0.04,-0.03,-0.03,
12:38:27:610,1.36,-0.84,2.86,-0.03,-0.10,-0.02,
12:38:27:611,1.37,-0.93,2.54,-0.03,-0.10,-0.02,
12:38:27:613,1.37,-0.93,2.54,-0.04,-0.14,0.00,
12:38:27:613,1.37,-0.93,2.54,-0.04,-0.14,0.00,
12:38:27:615,1.37,-0.93,2.54,-0.04,-0.14,0.01,
12:38:27:616,1.98,-1.27,2.40,-0.04,-0.14,0.01,
12:38:27:618,1.98,-1.27,2.40,-0.04,-0.10,0.00,
12:38:27:618,1.98,-1.27,2.40,-0.04,-0.10,0.00,
12:38:27:620,1.98,-1.27,2.40,-0.05,-0.02,-0.01,
12:38:27:621,1.97,-1.41,2.40,-0.05,-0.02,-0.01,
12:38:27:624,1.97,-1.41,2.40,-0.06,0.06,-0.04,
12:38:27:624,1.97,-1.41,2.40,-0.06,0.06,-0.04,
12:38:27:626,1.97,-1.41,2.40,-0.06,0.11,-0.06,
12:38:27:626,1.85,-0.83,3.39,-0.06,0.11,-0.06,
12:38:27:628,1.85,-0.83,3.39,-0.06,0.12,-0.08,
12:38:27:628,1.85,-0.83,3.39,-0.06,0.12,-0.08,
12:38:27:632,1.85,-0.83,3.39,-0.05,0.10,-0.08,
12:38:27:633,1.75,0.57,4.82,-0.05,0.10,-0.08,
12:38:27:633,1.75,0.57,4.82,-0.05,0.03,-0.07,
12:38:27:633,1.75,0.57,4.82,-0.05,0.03,-0.07,
12:38:27:635,1.75,0.57,4.82,-0.03,-0.11,-0.05,
12:38:27:636,1.76,-1.35,3.65,-0.03,-0.11,-0.05,
12:38:27:638,1.76,-1.35,3.65,-0.02,-0.25,-0.03,
12:38:27:638,1.76,-1.35,3.65,-0.02,-0.25,-0.03,
12:38:27:640,1.76,-1.35,3.65,-0.01,-0.30,-0.01,
12:38:27:641,2.63,-1.16,2.84,-0.01,-0.30,-0.01,
12:38:27:643,2.63,-1.16,2.84,-0.01,-0.18,-0.01,
12:38:27:643,2.63,-1.16,2.84,-0.01,-0.18,-0.01,
12:38:27:646,2.63,-1.16,2.84,-0.01,0.06,-0.03,
12:38:27:646,1.86,-1.16,2.43,-0.01,0.06,-0.03,
12:38:27:648,1.86,-1.16,2.43,-0.02,0.23,-0.05,
12:38:27:649,1.86,-1.16,2.43,-0.02,0.23,-0.05,
12:38:27:651,1.86,-1.16,2.43,-0.01,0.19,-0.07,
12:38:27:652,2.54,-1.85,3.47,-0.01,0.19,-0.07,
12:38:27:653,2.54,-1.85,3.47,-0.01,0.01,-0.08,
12:38:27:653,2.54,-1.85,3.47,-0.01,0.01,-0.08,
12:38:27:655,2.54,-1.85,3.47,-0.00,-0.12,-0.07,
12:38:27:656,2.14,-1.73,3.55,-0.00,-0.12,-0.07,
12:38:27:658,2.14,-1.73,3.55,-0.02,-0.12,-0.06,
12:38:27:658,2.14,-1.73,3.55,-0.02,-0.12,-0.06,
12:38:27:660,2.14,-1.73,3.55,-0.04,-0.06,-0.05,
12:38:27:661,1.44,-2.83,2.93,-0.04,-0.06,-0.05,
12:38:27:663,1.44,-2.83,2.93,-0.03,-0.06,-0.03,
12:38:27:663,1.45,-2.83,2.93,-0.03,-0.06,-0.03,
12:38:27:666,1.45,-2.83,2.93,-0.01,-0.10,-0.02,
12:38:27:666,1.95,-1.80,2.46,-0.01,-0.10,-0.02,
12:38:27:669,1.95,-1.80,2.46,-0.01,-0.06,-0.01,
12:38:27:670,1.95,-1.80,2.46,-0.01,-0.06,-0.01,
12:38:27:671,1.95,-1.80,2.46,-0.01,0.03,-0.02,
12:38:27:675,1.49,-1.43,2.59,-0.01,0.03,-0.02,
12:38:27:675,1.49,-1.43,2.59,-0.00,0.12,-0.03,
12:38:27:676,1.49,-1.43,2.59,-0.00,0.12,-0.03,
12:38:27:676,1.49,-1.43,2.59,0.01,0.12,-0.03,
12:38:27:677,1.60,0.25,3.57,0.01,0.12,-0.03,
12:38:27:678,1.60,0.25,3.57,0.01,0.06,-0.04,
12:38:27:679,1.60,0.25,3.57,0.01,0.06,-0.04,
12:38:27:680,1.60,0.25,3.57,0.01,-0.07,-0.03,
12:38:27:681,2.02,-0.60,3.70,0.01,-0.07,-0.03,
12:38:27:683,2.02,-0.60,3.70,0.01,-0.17,-0.03,
12:38:27:683,2.02,-0.60,3.70,0.01,-0.17,-0.03,
12:38:27:686,2.02,-0.60,3.70,0.01,-0.20,-0.02,
12:38:27:686,0.89,-1.93,1.46,0.01,-0.20,-0.02,
12:38:27:688,0.89,-1.93,1.46,0.00,-0.13,-0.02,
12:38:27:688,0.89,-1.93,1.46,0.00,-0.13,-0.02,
12:38:27:690,0.89,-1.93,1.46,-0.00,-0.02,-0.02,
12:38:27:691,1.27,-1.25,1.93,-0.00,-0.02,-0.02,
12:38:27:693,1.27,-1.25,1.93,-0.01,0.06,-0.02,
12:38:27:694,1.27,-1.25,1.93,-0.01,0.06,-0.02,
12:38:27:695,1.27,-1.25,1.93,-0.02,0.08,-0.04,
12:38:27:696,1.66,-1.32,2.76,-0.02,0.08,-0.04,
12:38:27:702,1.66,-1.32,2.76,-0.04,0.08,-0.05,
12:38:27:703,1.66,-1.32,2.75,-0.04,0.08,-0.05,
12:38:27:704,1.66,-1.32,2.75,-0.06,0.05,-0.06,
12:38:27:704,1.58,-0.61,3.57,-0.06,0.05,-0.06,
12:38:27:704,1.58,-0.61,3.57,-0.06,-0.03,-0.05,
12:38:27:705,1.58,-0.61,3.57,-0.06,-0.03,-0.05,
12:38:27:706,1.58,-0.61,3.57,-0.06,-0.16,-0.04,
12:38:27:706,2.14,-2.38,3.09,-0.06,-0.16,-0.04,
12:38:27:708,2.14,-2.38,3.09,-0.07,-0.24,-0.02,
12:38:27:709,2.14,-2.38,3.09,-0.07,-0.24,-0.02,
12:38:27:710,2.14,-2.38,3.09,-0.08,-0.20,-0.02,
12:38:27:711,2.15,-3.08,2.47,-0.08,-0.20,-0.02,
12:38:27:713,2.15,-3.08,2.47,-0.08,-0.05,-0.03,
12:38:27:713,2.15,-3.07,2.47,-0.08,-0.05,-0.03,
12:38:27:716,2.15,-3.07,2.47,-0.07,0.12,-0.04,
12:38:27:716,1.93,-1.60,3.23,-0.07,0.12,-0.04,
12:38:27:718,1.93,-1.60,3.23,-0.06,0.20,-0.05,
12:38:27:718,1.94,-1.60,3.23,-0.06,0.20,-0.05,
12:38:27:720,1.94,-1.60,3.23,-0.04,0.17,-0.06,
12:38:27:721,1.58,-1.93,4.18,-0.04,0.17,-0.06,
12:38:27:723,1.58,-1.93,4.18,-0.01,0.06,-0.08,
12:38:27:723,1.59,-1.93,4.18,-0.01,0.06,-0.08,
12:38:27:725,1.59,-1.93,4.18,0.02,-0.07,-0.07,
12:38:27:726,1.29,-2.15,3.83,0.02,-0.07,-0.07,
12:38:27:728,1.29,-2.15,3.83,0.03,-0.19,-0.04,
12:38:27:729,1.29,-2.15,3.83,0.03,-0.19,-0.04,
12:38:27:732,1.29,-2.15,3.83,0.05,-0.25,-0.02,
12:38:27:733,2.15,-1.34,2.59,0.05,-0.25,-0.02,
12:38:27:733,2.15,-1.34,2.59,0.06,-0.24,0.00,
12:38:27:734,2.14,-1.34,2.59,0.06,-0.24,0.00,
12:38:27:736,2.14,-1.34,2.59,0.06,-0.12,0.00,
12:38:27:736,2.67,-1.15,1.86,0.06,-0.12,0.00,
12:38:27:738,2.67,-1.15,1.86,0.05,0.05,-0.02,
12:38:27:739,2.68,-1.15,1.86,0.05,0.05,-0.02,
12:38:27:740,2.68,-1.15,1.86,0.04,0.15,-0.05,
12:38:27:741,1.85,-2.12,1.55,0.04,0.15,-0.05,
12:38:27:743,1.85,-2.12,1.55,0.02,0.17,-0.08,
12:38:27:743,1.85,-2.12,1.55,0.02,0.17,-0.08,
12:38:27:745,1.85,-2.12,1.55,-0.01,0.15,-0.09,
12:38:27:746,1.66,-2.11,3.31,-0.01,0.15,-0.09,
12:38:27:748,1.66,-2.11,3.31,-0.04,0.08,-0.09,
12:38:27:749,1.66,-2.11,3.30,-0.04,0.08,-0.09,
12:38:27:750,1.66,-2.11,3.30,-0.05,-0.02,-0.07,
12:38:27:751,1.09,-1.10,3.29,-0.05,-0.02,-0.07,
12:38:27:753,1.09,-1.10,3.29,-0.05,-0.12,-0.04,
12:38:27:754,1.09,-1.10,3.29,-0.05,-0.12,-0.04,
12:38:27:755,1.09,-1.10,3.29,-0.04,-0.18,-0.01,
12:38:27:756,0.97,-1.53,2.48,-0.04,-0.18,-0.01,
12:38:27:758,0.97,-1.53,2.48,-0.03,-0.19,0.02,
12:38:27:759,0.97,-1.53,2.48,-0.03,-0.19,0.02,
12:38:27:760,0.97,-1.53,2.48,-0.02,-0.13,0.03,
12:38:27:761,1.70,-0.74,2.07,-0.02,-0.13,0.03,
12:38:27:763,1.70,-0.74,2.07,-0.02,-0.01,0.02,
12:38:27:763,1.70,-0.74,2.07,-0.02,-0.01,0.02,
12:38:27:766,1.70,-0.74,2.07,-0.03,0.10,0.00,
12:38:27:766,1.98,-1.72,3.03,-0.03,0.10,0.00,
12:38:27:768,1.98,-1.72,3.03,-0.04,0.12,-0.03,
12:38:27:769,1.98,-1.72,3.02,-0.04,0.12,-0.03,
12:38:27:770,1.98,-1.72,3.02,-0.04,0.09,-0.06,
12:38:27:771,1.07,-1.68,3.65,-0.04,0.09,-0.06,
12:38:27:773,1.07,-1.68,3.65,-0.04,0.06,-0.07,
12:38:27:774,1.07,-1.68,3.65,-0.04,0.06,-0.07,
12:38:27:775,1.07,-1.68,3.65,-0.03,0.01,-0.06,
12:38:27:776,0.69,-0.54,3.81,-0.03,0.01,-0.06,
12:38:27:778,0.69,-0.54,3.81,-0.02,-0.08,-0.04,
12:38:27:778,0.69,-0.54,3.81,-0.02,-0.08,-0.04,
12:38:27:780,0.69,-0.54,3.81,-0.01,-0.13,-0.01,
12:38:27:781,1.19,-0.63,3.80,-0.01,-0.13,-0.01,
12:38:27:783,1.19,-0.63,3.80,-0.02,-0.17,0.02,
12:38:27:784,1.19,-0.63,3.80,-0.02,-0.17,0.02,
12:38:27:786,1.19,-0.63,3.80,-0.02,-0.18,0.03,
12:38:27:787,2.24,-1.20,2.75,-0.02,-0.18,0.03,
12:38:27:788,2.24,-1.20,2.75,-0.02,-0.15,0.03,
12:38:27:788,2.24,-1.20,2.75,-0.02,-0.15,0.03,
12:38:27:791,2.24,-1.20,2.75,-0.02,-0.07,0.00,
12:38:27:791,2.25,-1.75,2.32,-0.02,-0.07,0.00,
12:38:27:793,2.25,-1.75,2.32,-0.03,0.03,-0.03,
12:38:27:794,2.25,-1.75,2.32,-0.03,0.03,-0.03,
12:38:27:796,2.25,-1.75,2.32,-0.03,0.07,-0.05,
12:38:27:803,2.13,-2.27,2.53,-0.03,0.07,-0.05,
12:38:27:804,2.13,-2.27,2.53,-0.03,0.03,-0.07,
12:38:27:806,2.13,-2.27,2.53,-0.03,0.03,-0.07,
12:38:27:807,2.13,-2.27,2.53,-0.02,-0.05,-0.07,
12:38:27:808,2.05,-2.21,2.69,-0.02,-0.05,-0.07,
12:38:27:808,2.05,-2.21,2.69,-0.02,-0.08,-0.06,
12:38:27:809,2.05,-2.21,2.69,-0.02,-0.08,-0.06,
12:38:27:810,2.05,-2.21,2.69,-0.03,-0.03,-0.04,
12:38:27:811,1.03,-2.51,2.42,-0.03,-0.03,-0.04,
12:38:27:812,1.03,-2.51,2.42,-0.03,0.01,-0.03,
12:38:27:813,1.03,-2.51,2.41,-0.03,0.01,-0.03,
12:38:27:814,1.03,-2.51,2.41,-0.02,-0.01,-0.02,
12:38:27:814,1.50,-2.22,2.31,-0.02,-0.01,-0.02,
12:38:27:815,1.50,-2.22,2.31,-0.01,-0.08,-0.00,
12:38:27:815,1.50,-2.22,2.30,-0.01,-0.08,-0.00,
12:38:27:816,1.50,-2.22,2.30,-0.01,-0.11,-0.00,
12:38:27:816,2.16,-2.03,2.26,-0.01,-0.11,-0.00,
12:38:27:822,2.16,-2.03,2.26,-0.02,-0.07,-0.01,
12:38:27:823,2.16,-2.03,2.26,-0.02,-0.07,-0.01,
12:38:27:823,2.16,-2.03,2.26,-0.04,0.04,-0.02,
12:38:27:824,1.58,-2.31,2.97,-0.04,0.04,-0.02,
12:38:27:824,1.58,-2.31,2.97,-0.06,0.13,-0.04,
12:38:27:825,1.58,-2.31,2.97,-0.06,0.13,-0.04,
12:38:27:825,1.58,-2.31,2.97,-0.07,0.12,-0.05,
12:38:27:826,1.04,-2.66,3.28,-0.07,0.12,-0.05,
12:38:27:828,1.04,-2.66,3.28,-0.06,0.01,-0.05,
12:38:27:829,1.04,-2.66,3.28,-0.06,0.01,-0.05,
12:38:27:830,1.04,-2.66,3.28,-0.05,-0.10,-0.03,
12:38:27:831,0.94,-2.24,3.66,-0.05,-0.10,-0.03,
12:38:27:836,0.94,-2.24,3.66,-0.04,-0.16,-0.01,
12:38:27:836,0.94,-2.24,3.66,-0.04,-0.16,-0.01,
12:38:27:837,0.94,-2.24,3.66,-0.03,-0.13,0.01,
12:38:27:838,0.70,-1.84,3.03,-0.03,-0.13,0.01,
12:38:27:838,0.70,-1.84,3.03,-0.03,-0.04,0.02,
12:38:27:838,0.69,-1.84,3.03,-0.03,-0.04,0.02,
12:38:27:840,0.69,-1.84,3.03,-0.01,0.05,0.02,
12:38:27:840,1.18,-0.81,3.37,-0.01,0.05,0.02,
12:38:27:843,1.18,-0.81,3.37,0.01,0.03,0.02,
12:38:27:843,1.18,-0.81,3.37,0.01,0.03,0.02,
12:38:27:846,1.18,-0.81,3.37,0.02,-0.07,0.01,
12:38:27:846,2.14,-1.04,3.77,0.02,-0.07,0.01,
12:38:27:848,2.14,-1.04,3.77,0.01,-0.15,0.01,
12:38:27:848,2.14,-1.04,3.77,0.01,-0.15,0.01,
12:38:27:850,2.14,-1.04,3.77,0.01,-0.13,0.00,
12:38:27:851,1.26,-1.68,2.35,0.01,-0.13,0.00,
12:38:27:853,1.26,-1.68,2.35,0.00,-0.03,-0.01,
12:38:27:854,1.26,-1.68,2.35,0.00,-0.03,-0.01,
12:38:27:855,1.26,-1.68,2.35,-0.02,0.06,-0.02,
12:38:27:856,1.51,-1.49,3.30,-0.02,0.06,-0.02,
12:38:27:858,1.51,-1.49,3.30,-0.03,0.03,-0.01,
12:38:27:859,1.51,-1.49,3.30,-0.03,0.03,-0.01,
12:38:27:861,1.51,-1.49,3.30,-0.03,-0.10,-0.01,
12:38:27:861,2.35,-1.76,3.18,-0.03,-0.10,-0.01,
12:38:27:863,2.35,-1.76,3.18,-0.03,-0.18,0.00,
12:38:27:864,2.35,-1.76,3.18,-0.03,-0.18,0.00,
12:38:27:865,2.35,-1.76,3.18,-0.03,-0.10,-0.00,
12:38:27:866,1.45,-0.75,2.85,-0.03,-0.10,-0.00,
12:38:27:868,1.45,-0.75,2.85,-0.04,0.02,-0.01,
12:38:27:869,1.45,-0.75,2.85,-0.04,0.02,-0.01,
12:38:27:871,1.45,-0.75,2.85,-0.04,0.01,-0.00,
12:38:27:871,2.65,-1.36,3.73,-0.04,0.01,-0.00,
12:38:27:873,2.65,-1.36,3.73,-0.04,-0.08,0.00,
12:38:27:874,2.65,-1.36,3.73,-0.04,-0.08,0.00,
12:38:27:875,2.65,-1.36,3.73,-0.03,-0.15,-0.00,
12:38:27:876,1.93,-2.62,2.23,-0.03,-0.15,-0.00,
12:38:27:878,1.93,-2.62,2.23,-0.01,-0.13,-0.01,
12:38:27:878,1.93,-2.62,2.23,-0.01,-0.13,-0.01,
12:38:27:880,1.93,-2.62,2.23,-0.01,-0.06,-0.02,
12:38:27:881,1.71,-1.58,2.64,-0.01,-0.06,-0.02,
12:38:27:883,1.71,-1.58,2.64,-0.00,0.04,-0.03,
12:38:27:884,1.71,-1.58,2.64,-0.00,0.04,-0.03,
12:38:27:886,1.71,-1.58,2.64,-0.00,0.10,-0.03,
12:38:27:887,0.95,-2.17,2.35,-0.00,0.10,-0.03,
12:38:27:888,0.95,-2.17,2.35,-0.00,0.10,-0.03,
12:38:27:889,0.95,-2.17,2.35,-0.00,0.10,-0.03,
12:38:27:890,0.95,-2.17,2.35,-0.00,0.02,-0.03,
12:38:27:891,1.57,-0.80,3.69,-0.00,0.02,-0.03,
12:38:27:893,1.57,-0.80,3.69,0.01,-0.09,-0.01,
12:38:27:894,1.57,-0.80,3.69,0.01,-0.09,-0.01,
12:38:27:895,1.57,-0.80,3.69,0.01,-0.17,0.01,
12:38:27:896,1.92,0.11,3.47,0.01,-0.17,0.01,
12:38:27:903,1.92,0.11,3.47,0.00,-0.13,0.01,
12:38:27:904,1.92,0.11,3.47,0.00,-0.13,0.01,
12:38:27:905,1.92,0.11,3.47,-0.00,-0.01,0.01,
12:38:27:905,0.64,-1.38,2.07,-0.00,-0.01,0.01,
12:38:27:905,0.64,-1.38,2.07,-0.01,0.01,0.01,
12:38:27:906,0.64,-1.38,2.07,-0.01,0.01,0.01,
12:38:27:906,0.64,-1.38,2.07,-0.02,-0.07,0.01,
12:38:27:906,2.35,-1.92,3.32,-0.02,-0.07,0.01,
12:38:27:908,2.35,-1.92,3.32,-0.04,-0.12,0.00,
12:38:27:909,2.35,-1.92,3.32,-0.04,-0.12,0.00,
12:38:27:910,2.35,-1.92,3.32,-0.06,-0.06,-0.01,
12:38:27:911,0.96,-2.74,2.36,-0.06,-0.06,-0.01,
12:38:27:913,0.96,-2.74,2.36,-0.06,0.03,-0.02,
12:38:27:913,0.96,-2.74,2.36,-0.06,0.03,-0.02,
12:38:27:915,0.96,-2.74,2.36,-0.06,0.02,-0.01,
12:38:27:917,1.63,-1.03,3.94,-0.06,0.02,-0.01,
12:38:27:918,1.63,-1.03,3.94,-0.04,-0.05,-0.01,
12:38:27:918,1.63,-1.03,3.94,-0.04,-0.05,-0.01,
12:38:27:920,1.63,-1.03,3.94,-0.01,-0.16,0.00,
12:38:27:925,1.56,-1.71,2.37,-0.01,-0.16,0.00,
12:38:27:925,1.56,-1.71,2.37,-0.01,-0.16,0.00,
12:38:27:926,1.56,-1.71,2.37,-0.01,-0.16,0.00,
12:38:27:926,1.56,-1.71,2.37,-0.03,-0.03,0.01,
12:38:27:926,2.09,-1.70,4.93,-0.03,-0.03,0.01,
12:38:27:928,2.09,-1.70,4.93,-0.04,0.09,0.01,
12:38:27:928,2.09,-1.70,4.93,-0.04,0.09,0.01,
12:38:27:930,2.09,-1.70,4.93,-0.02,0.05,-0.01,
12:38:27:931,1.60,-1.69,2.81,-0.02,0.05,-0.01,
12:38:27:933,1.60,-1.69,2.81,-0.00,-0.05,-0.02,
12:38:27:934,1.60,-1.69,2.81,-0.00,-0.05,-0.02,
12:38:27:935,1.60,-1.69,2.81,0.01,-0.07,-0.02,
12:38:27:936,0.88,-1.61,4.48,0.01,-0.07,-0.02,
12:38:27:938,0.88,-1.61,4.48,0.01,0.00,-0.03,
12:38:27:939,0.88,-1.61,4.48,0.01,0.00,-0.03,
12:38:27:941,0.88,-1.61,4.48,0.01,0.04,-0.02,
12:38:27:941,0.54,-0.46,3.68,0.01,0.04,-0.02,
12:38:27:943,0.54,-0.46,3.68,0.01,0.03,-0.01,
12:38:27:943,0.54,-0.46,3.68,0.01,0.03,-0.01,
12:38:27:946,0.54,-0.46,3.68,0.01,-0.08,0.02,
12:38:27:946,2.79,-0.80,5.41,0.01,-0.08,0.02,
12:38:27:948,2.79,-0.80,5.41,0.01,-0.30,0.02,
12:38:27:949,2.79,-0.80,5.41,0.01,-0.30,0.02,
12:38:27:951,2.79,-0.80,5.41,0.03,-0.47,0.02,
12:38:27:951,3.51,-2.18,1.95,0.03,-0.47,0.02,
12:38:27:953,3.51,-2.18,1.95,0.03,-0.44,0.00,
12:38:27:953,3.50,-2.18,1.95,0.03,-0.44,0.00,
12:38:27:955,3.50,-2.18,1.95,0.03,-0.06,-0.01,
12:38:27:956,1.08,-0.97,1.38,0.03,-0.06,-0.01,
12:38:27:958,1.08,-0.97,1.38,0.03,0.37,-0.02,
12:38:27:958,1.08,-0.97,1.38,0.03,0.37,-0.02,
12:38:27:961,1.08,-0.97,1.38,0.02,0.58,-0.02,
12:38:27:961,0.15,0.27,3.60,0.02,0.58,-0.02,
12:38:27:963,0.15,0.27,3.60,0.01,0.43,-0.01,
12:38:27:964,0.15,0.27,3.60,0.01,0.43,-0.01,
12:38:27:966,0.15,0.27,3.60,0.00,0.01,-0.02,
12:38:27:966,2.45,-3.70,4.84,0.00,0.01,-0.02,
12:38:27:968,2.45,-3.70,4.84,0.01,-0.37,-0.03,
12:38:27:969,2.45,-3.70,4.84,0.01,-0.37,-0.03,
12:38:27:970,2.45,-3.70,4.84,0.02,-0.53,-0.02,
12:38:27:971,0.96,-2.07,2.21,0.02,-0.53,-0.02,
12:38:27:973,0.96,-2.07,2.21,0.03,-0.39,0.00,
12:38:27:973,0.96,-2.07,2.21,0.03,-0.39,0.00,
12:38:27:975,0.96,-2.07,2.21,0.04,-0.10,0.02,
12:38:27:976,0.78,1.65,1.93,0.04,-0.10,0.02,
12:38:27:978,0.78,1.65,1.93,0.05,0.09,0.03,
12:38:27:978,0.78,1.65,1.93,0.05,0.09,0.03,
12:38:27:981,0.78,1.65,1.93,0.04,0.14,0.03,
12:38:27:981,1.44,-1.76,2.53,0.04,0.14,0.03,
12:38:27:983,1.44,-1.76,2.53,0.02,0.14,0.02,
12:38:27:984,1.44,-1.76,2.53,0.02,0.14,0.02,
12:38:27:986,1.44,-1.76,2.53,-0.02,0.05,0.00,
12:38:27:987,1.98,-2.33,3.92,-0.02,0.05,0.00,
12:38:27:988,1.98,-2.33,3.92,-0.04,-0.12,-0.00,
12:38:27:989,1.98,-2.33,3.92,-0.04,-0.12,-0.00,
12:38:27:991,1.98,-2.33,3.92,-0.04,-0.24,0.00,
12:38:27:991,2.01,-1.77,3.12,-0.04,-0.24,0.00,
12:38:27:993,2.01,-1.77,3.12,-0.04,-0.26,0.01,
12:38:27:994,2.01,-1.77,3.12,-0.04,-0.26,0.01,
12:38:27:996,2.01,-1.77,3.12,-0.02,-0.19,0.01,
12:38:27:996,1.77,-0.94,2.36,-0.02,-0.19,0.01,
12:38:28:006,1.77,-0.94,2.36,-0.01,-0.06,0.02,
12:38:28:006,1.77,-0.94,2.36,-0.01,-0.06,0.02,
12:38:28:007,1.77,-0.94,2.36,0.01,0.08,0.01,
12:38:28:008,1.65,-0.37,3.14,0.01,0.08,0.01,
12:38:28:008,1.65,-0.37,3.14,-0.00,0.21,-0.01,
12:38:28:008,1.65,-0.37,3.14,-0.00,0.21,-0.01,
12:38:28:008,1.65,-0.37,3.14,-0.01,0.23,-0.03,
12:38:28:009,1.16,-1.63,4.92,-0.01,0.23,-0.03,
12:38:28:011,1.16,-1.63,4.92,-0.01,0.12,-0.05,
12:38:28:012,1.16,-1.63,4.92,0.00,-0.07,-0.04,
12:38:28:012,1.67,0.00,5.87,0.00,-0.07,-0.04,
12:38:28:012,1.67,0.00,5.87,0.00,-0.07,-0.04,
12:38:28:013,1.67,0.00,5.87,0.02,-0.25,-0.01,
12:38:28:013,1.67,0.00,5.87,0.02,-0.25,-0.01,
12:38:28:016,1.67,0.00,5.87,0.04,-0.33,0.02,
12:38:28:017,1.19,-0.91,3.33,0.04,-0.33,0.02,
12:38:28:018,1.19,-0.91,3.33,0.04,-0.28,0.05,
12:38:28:018,1.19,-0.91,3.33,0.04,-0.28,0.05,
12:38:28:020,1.19,-0.91,3.33,0.05,-0.15,0.05,
12:38:28:021,1.40,-1.74,2.21,0.05,-0.15,0.05,
12:38:28:023,1.40,-1.74,2.21,0.06,-0.04,0.04,
12:38:28:024,1.40,-1.74,2.21,0.06,-0.04,0.04,
12:38:28:025,1.40,-1.74,2.21,0.05,0.04,0.02,
12:38:28:026,2.75,-0.38,3.69,0.05,0.04,0.02,
12:38:28:028,2.75,-0.38,3.69,0.03,0.16,-0.01,
12:38:28:028,2.75,-0.38,3.69,0.03,0.16,-0.01,
12:38:28:031,2.75,-0.38,3.69,-0.00,0.24,-0.05,
12:38:28:032,2.09,-0.53,5.66,-0.00,0.24,-0.05,
12:38:28:033,2.09,-0.53,5.66,-0.02,0.20,-0.07,
12:38:28:034,2.09,-0.53,5.66,-0.02,0.20,-0.07,
12:38:28:036,2.09,-0.53,5.66,-0.02,0.04,-0.07,
12:38:28:036,0.40,-2.04,5.63,-0.02,0.04,-0.07,
12:38:28:038,0.40,-2.04,5.63,-0.01,-0.16,-0.05,
12:38:28:038,0.40,-2.04,5.63,-0.01,-0.16,-0.05,
12:38:28:041,0.40,-2.04,5.63,0.03,-0.34,-0.00,
12:38:28:041,0.20,-1.95,3.07,0.03,-0.34,-0.00,
12:38:28:043,0.20,-1.95,3.07,0.08,-0.39,0.04,
12:38:28:043,0.19,-1.95,3.07,0.08,-0.39,0.04,
12:38:28:046,0.19,-1.95,3.07,0.11,-0.29,0.07,
12:38:28:051,2.72,2.51,3.47,0.11,-0.29,0.07,
12:38:28:051,2.72,2.51,3.47,0.13,-0.13,0.07,
12:38:28:052,2.72,2.50,3.47,0.13,-0.13,0.07,
12:38:28:052,2.72,2.50,3.47,0.14,-0.02,0.04,
12:38:28:053,3.26,-0.38,1.76,0.14,-0.02,0.04,
12:38:28:054,3.26,-0.38,1.76,0.13,0.02,0.01,
12:38:28:054,3.26,-0.38,1.76,0.13,0.02,0.01,
12:38:28:056,3.26,-0.38,1.76,0.10,0.02,-0.02,
12:38:28:057,2.58,-2.96,2.17,0.10,0.02,-0.02,
12:38:28:058,2.58,-2.96,2.17,0.06,0.02,-0.05,
12:38:28:059,2.59,-2.96,2.18,0.06,0.02,-0.05,
12:38:28:061,2.59,-2.96,2.18,0.03,0.05,-0.07,
12:38:28:061,0.87,-2.54,1.85,0.03,0.05,-0.07,
12:38:28:063,0.87,-2.54,1.85,0.00,0.11,-0.07,
12:38:28:064,0.87,-2.54,1.85,0.00,0.11,-0.07,
12:38:28:069,0.87,-2.54,1.85,-0.01,0.10,-0.05,
12:38:28:070,0.29,-1.98,2.57,-0.01,0.10,-0.05,
12:38:28:071,0.29,-1.98,2.57,-0.01,-0.05,-0.02,
12:38:28:071,0.29,-1.98,2.57,-0.01,-0.05,-0.02,
12:38:28:072,0.29,-1.98,2.57,-0.01,-0.21,0.00,
12:38:28:072,2.33,-1.60,2.98,-0.01,-0.21,0.00,
12:38:28:073,2.33,-1.60,2.98,-0.02,-0.27,0.02,
12:38:28:073,2.33,-1.60,2.98,-0.02,-0.27,0.02,
12:38:28:075,2.33,-1.60,2.98,-0.03,-0.15,0.02,
12:38:28:076,2.00,-0.56,2.81,-0.03,-0.15,0.02,
12:38:28:078,2.00,-0.56,2.81,-0.04,0.01,0.02,
12:38:28:078,2.00,-0.56,2.81,-0.04,0.01,0.02,
12:38:28:082,2.00,-0.56,2.81,-0.03,0.10,0.01,
12:38:28:082,2.53,0.62,4.16,-0.03,0.10,0.01,
12:38:28:083,2.53,0.62,4.16,-0.02,0.13,-0.01,
12:38:28:083,2.53,0.62,4.16,-0.02,0.13,-0.01,
12:38:28:086,2.53,0.62,4.16,-0.00,0.10,-0.02,
12:38:28:086,1.09,-1.56,3.89,-0.00,0.10,-0.02,
12:38:28:088,1.09,-1.56,3.89,0.01,0.03,-0.03,
12:38:28:088,1.09,-1.56,3.89,0.01,0.03,-0.03,
12:38:28:091,1.09,-1.56,3.89,0.02,-0.01,-0.02,
12:38:28:091,-0.43,-2.36,4.12,0.02,-0.01,-0.02,
12:38:28:093,-0.43,-2.36,4.12,0.04,-0.06,0.00,
12:38:28:094,-0.43,-2.36,4.12,0.04,-0.06,0.00,
12:38:28:096,-0.43,-2.36,4.12,0.05,-0.13,0.02,
12:38:28:096,1.43,-0.30,4.70,0.05,-0.13,0.02,
12:38:28:098,1.43,-0.30,4.70,0.06,-0.14,0.03,
12:38:28:099,1.43,-0.30,4.70,0.06,-0.14,0.03,
12:38:28:101,1.43,-0.30,4.70,0.07,-0.13,0.03,
12:38:28:102,2.70,1.52,4.29,0.07,-0.13,0.03,
12:38:28:103,2.70,1.52,4.29,0.08,-0.15,0.04,
12:38:28:103,2.69,1.52,4.29,0.08,-0.15,0.04,
12:38:28:105,2.69,1.52,4.29,0.08,-0.14,0.02,
12:38:28:106,2.42,-1.11,2.93,0.08,-0.14,0.02,
12:38:28:108,2.42,-1.11,2.93,0.06,-0.05,0.00,
12:38:28:108,2.42,-1.11,2.93,0.06,-0.05,0.00,
12:38:28:110,2.42,-1.11,2.93,0.04,0.07,-0.03,
12:38:28:111,1.34,-2.24,2.86,0.04,0.07,-0.03,
12:38:28:113,1.34,-2.24,2.86,0.03,0.12,-0.04,
12:38:28:113,1.35,-2.24,2.87,0.03,0.12,-0.04,
12:38:28:116,1.35,-2.24,2.87,0.02,0.06,-0.05,
12:38:28:116,1.89,-0.86,4.15,0.02,0.06,-0.05,
12:38:28:118,1.89,-0.86,4.15,0.02,-0.04,-0.04,
12:38:28:119,1.89,-0.86,4.15,0.02,-0.04,-0.04,
12:38:28:121,1.89,-0.86,4.15,0.01,-0.09,-0.03,
12:38:28:121,1.09,-2.31,3.68,0.01,-0.09,-0.03,
12:38:28:123,1.09,-2.31,3.68,0.00,-0.12,-0.01,
12:38:28:124,1.09,-2.31,3.68,0.00,-0.12,-0.01,
12:38:28:126,1.09,-2.31,3.68,0.02,-0.15,0.01,
12:38:28:127,1.40,-1.29,2.73,0.02,-0.15,0.01,
12:38:28:128,1.40,-1.29,2.73,0.04,-0.16,0.03,
12:38:28:129,1.40,-1.29,2.73,0.04,-0.16,0.03,
12:38:28:136,1.40,-1.29,2.73,0.05,-0.14,0.03,
12:38:28:137,3.17,0.65,3.03,0.05,-0.14,0.03,
12:38:28:137,3.17,0.65,3.03,0.05,-0.06,0.02,
12:38:28:138,3.17,0.65,3.03,0.05,-0.06,0.02,
12:38:28:138,3.17,0.65,3.03,0.04,0.06,-0.00,
12:38:28:138,2.48,-0.76,3.05,0.04,0.06,-0.00,
12:38:28:139,2.48,-0.76,3.05,0.03,0.13,-0.03,
12:38:28:139,2.48,-0.76,3.05,0.03,0.13,-0.03,
12:38:28:141,2.48,-0.76,3.05,0.02,0.08,-0.05,
12:38:28:142,1.62,-2.09,3.02,0.02,0.08,-0.05,
12:38:28:143,1.62,-2.09,3.02,0.01,-0.00,-0.06,
12:38:28:143,1.62,-2.09,3.02,0.01,-0.00,-0.06,
12:38:28:146,1.62,-2.09,3.02,0.00,-0.08,-0.05,
12:38:28:146,2.00,-0.80,3.74,0.00,-0.08,-0.05,
12:38:28:148,2.00,-0.80,3.74,0.00,-0.09,-0.04,
12:38:28:149,2.00,-0.80,3.74,0.00,-0.09,-0.04,
12:38:28:151,2.00,-0.80,3.74,0.02,-0.06,-0.02,
12:38:28:151,1.13,0.81,2.75,0.02,-0.06,-0.02,
12:38:28:153,1.13,0.81,2.75,0.05,-0.02,-0.01,
12:38:28:153,1.13,0.81,2.75,0.05,-0.02,-0.01,
12:38:28:156,1.13,0.81,2.75,0.06,-0.03,-0.00,
12:38:28:156,1.99,0.29,2.64,0.06,-0.03,-0.00,
12:38:28:158,1.99,0.29,2.64,0.05,-0.07,0.00,
12:38:28:159,1.99,0.29,2.64,0.05,-0.07,0.00,
12:38:28:160,1.99,0.29,2.64,0.02,-0.10,-0.01,
12:38:28:161,2.52,-1.98,2.71,0.02,-0.10,-0.01,
12:38:28:163,2.52,-1.98,2.71,-0.00,-0.07,-0.02,
12:38:28:164,2.52,-1.98,2.71,-0.00,-0.07,-0.02,
12:38:28:166,2.52,-1.98,2.71,-0.03,0.00,-0.04,
12:38:28:167,1.88,-2.20,2.81,-0.03,0.00,-0.04,
12:38:28:169,1.88,-2.20,2.81,-0.06,0.05,-0.05,
12:38:28:170,1.88,-2.20,2.81,-0.06,0.05,-0.05,
12:38:28:171,1.88,-2.20,2.81,-0.07,0.05,-0.05,
12:38:28:177,1.25,-3.18,3.47,-0.07,0.05,-0.05,
12:38:28:177,1.25,-3.18,3.47,-0.06,0.01,-0.05,
12:38:28:178,1.25,-3.18,3.47,-0.06,0.01,-0.05,
12:38:28:179,1.25,-3.18,3.47,-0.04,-0.03,-0.04,
12:38:28:179,0.51,-2.38,3.24,-0.04,-0.03,-0.04,
12:38:28:180,0.51,-2.38,3.24,-0.02,-0.04,-0.01,
12:38:28:180,0.51,-2.38,3.24,-0.02,-0.04,-0.01,
12:38:28:181,0.51,-2.38,3.24,-0.01,-0.00,0.01,
12:38:28:182,1.83,-0.35,5.57,-0.01,-0.00,0.01,
12:38:28:183,1.83,-0.35,5.57,0.01,0.01,0.02,
12:38:28:184,1.83,-0.35,5.57,0.01,0.01,0.02,
12:38:28:186,1.83,-0.35,5.57,0.05,-0.06,0.01,
12:38:28:187,1.67,-0.55,3.99,0.05,-0.06,0.01,
12:38:28:188,1.67,-0.55,3.99,0.08,-0.13,0.01,
12:38:28:189,1.67,-0.55,3.99,0.08,-0.13,0.01,
12:38:28:190,1.67,-0.55,3.99,0.08,-0.10,0.00,
12:38:28:191,1.69,-1.37,3.58,0.08,-0.10,0.00,
12:38:28:193,1.69,-1.37,3.58,0.07,-0.04,-0.01,
12:38:28:193,1.69,-1.37,3.58,0.07,-0.04,-0.01,
12:38:28:195,1.69,-1.37,3.58,0.05,-0.02,-0.02,
12:38:28:196,1.60,-2.12,2.74,0.05,-0.02,-0.02,
12:38:28:198,1.60,-2.12,2.74,0.05,-0.02,-0.03,
12:38:28:199,1.60,-2.12,2.74,0.05,-0.02,-0.03,
12:38:28:201,1.60,-2.12,2.74,0.05,-0.03,-0.03,
12:38:28:201,1.61,-0.59,2.59,0.05,-0.03,-0.03,
12:38:28:203,1.61,-0.59,2.59,0.06,-0.05,-0.02,
12:38:28:204,1.61,-0.59,2.59,0.06,-0.05,-0.02,
12:38:28:206,1.61,-0.59,2.59,0.06,-0.03,-0.01,
12:38:28:206,1.71,-0.09,2.85,0.06,-0.03,-0.01,
12:38:28:208,1.71,-0.09,2.85,0.03,-0.00,-0.00,
12:38:28:208,1.71,-0.09,2.86,0.03,-0.00,-0.00,
12:38:28:210,1.71,-0.09,2.86,0.01,-0.02,-0.00,
12:38:28:211,1.32,-2.69,2.18,0.01,-0.02,-0.00,
12:38:28:213,1.32,-2.69,2.18,-0.00,-0.07,0.00,
12:38:28:213,1.31,-2.69,2.18,-0.00,-0.07,0.00,
12:38:28:219,1.31,-2.69,2.18,-0.01,-0.08,0.00,
12:38:28:220,1.37,-1.26,2.60,-0.01,-0.08,0.00,
12:38:28:221,1.37,-1.26,2.60,-0.02,-0.03,0.00,
12:38:28:222,1.37,-1.26,2.60,-0.02,-0.03,0.00,
12:38:28:222,1.37,-1.26,2.60,-0.03,0.05,0.00,
12:38:28:223,1.97,0.84,4.03,-0.03,0.05,0.00,
12:38:28:224,1.97,0.84,4.03,-0.05,0.13,-0.00,
12:38:28:225,1.97,0.84,4.02,-0.05,0.13,-0.00,
12:38:28:226,1.97,0.84,4.02,-0.06,0.14,-0.01,
12:38:28:226,0.92,-1.67,4.31,-0.06,0.14,-0.01,
12:38:28:228,0.92,-1.67,4.31,-0.05,0.01,-0.01,
12:38:28:228,0.92,-1.67,4.31,-0.05,0.01,-0.01,
12:38:28:231,0.92,-1.67,4.31,-0.03,-0.20,0.00,
12:38:28:232,1.08,-2.19,3.41,-0.03,-0.20,0.00,
12:38:28:233,1.08,-2.19,3.41,-0.00,-0.34,0.03,
12:38:28:234,1.08,-2.19,3.41,-0.00,-0.34,0.03,
12:38:28:236,1.08,-2.19,3.41,0.03,-0.32,0.04,
12:38:28:236,1.53,-0.93,2.32,0.03,-0.32,0.04,
12:38:28:238,1.53,-0.93,2.32,0.04,-0.13,0.04,
12:38:28:239,1.53,-0.93,2.32,0.04,-0.13,0.04,
12:38:28:240,1.53,-0.93,2.32,0.06,0.04,0.03,
12:38:28:241,1.89,-0.70,1.84,0.06,0.04,0.03,
12:38:28:243,1.89,-0.70,1.84,0.06,0.09,0.02,
12:38:28:244,1.89,-0.70,1.85,0.06,0.09,0.02,
12:38:28:246,1.89,-0.70,1.85,0.05,0.08,0.01,
12:38:28:246,2.03,-2.09,2.75,0.05,0.08,0.01,
12:38:28:249,2.03,-2.09,2.75,0.02,0.08,-0.01,
12:38:28:249,2.03,-2.09,2.75,0.02,0.08,-0.01,
12:38:28:251,2.03,-2.09,2.75,-0.01,0.08,-0.03,
12:38:28:252,1.20,-2.23,3.17,-0.01,0.08,-0.03,
12:38:28:253,1.20,-2.23,3.17,-0.05,0.02,-0.03,
12:38:28:254,1.20,-2.23,3.17,-0.05,0.02,-0.03,
12:38:28:255,1.20,-2.23,3.17,-0.07,-0.09,-0.01,
12:38:28:256,1.64,-2.80,3.94,-0.07,-0.09,-0.01,
12:38:28:258,1.64,-2.80,3.94,-0.09,-0.20,0.01,
12:38:28:258,1.64,-2.80,3.94,-0.09,-0.20,0.01,
12:38:28:260,1.64,-2.80,3.94,-0.08,-0.24,0.02,
12:38:28:261,1.28,-3.00,2.03,-0.08,-0.24,0.02,
12:38:28:263,1.28,-3.00,2.03,-0.06,-0.18,0.04,
12:38:28:264,1.28,-3.00,2.03,-0.06,-0.18,0.04,
12:38:28:266,1.28,-3.00,2.03,-0.05,-0.04,0.04,
12:38:28:266,3.09,0.96,3.80,-0.05,-0.04,0.04,
12:38:28:268,3.09,0.96,3.80,-0.03,0.10,0.02,
12:38:28:269,3.09,0.96,3.80,-0.03,0.10,0.02,
12:38:28:271,3.09,0.96,3.80,-0.02,0.20,-0.01,
12:38:28:271,2.49,0.31,4.21,-0.02,0.20,-0.01,
12:38:28:273,2.49,0.31,4.21,-0.02,0.21,-0.03,
12:38:28:274,2.49,0.31,4.21,-0.02,0.21,-0.03,
12:38:28:275,2.49,0.31,4.21,-0.01,0.13,-0.04,
12:38:28:276,0.42,-2.77,4.56,-0.01,0.13,-0.04,
12:38:28:278,0.42,-2.77,4.56,-0.01,-0.00,-0.04,
12:38:28:279,0.43,-2.77,4.56,-0.01,-0.00,-0.04,
12:38:28:282,0.43,-2.77,4.56,0.01,-0.18,-0.01,
12:38:28:282,1.42,-1.29,4.41,0.01,-0.18,-0.01,
12:38:28:283,1.42,-1.29,4.41,0.03,-0.28,0.01,
12:38:28:285,1.42,-1.29,4.41,0.03,-0.28,0.01,
12:38:28:286,1.42,-1.29,4.41,0.05,-0.27,0.03,
12:38:28:286,1.51,-0.28,2.46,0.05,-0.27,0.03,
12:38:28:288,1.51,-0.28,2.46,0.06,-0.12,0.03,
12:38:28:289,1.51,-0.28,2.46,0.06,-0.12,0.03,
12:38:28:291,1.51,-0.28,2.46,0.05,0.07,0.02,
12:38:28:292,1.61,-0.33,2.60,0.05,0.07,0.02,
12:38:28:293,1.61,-0.33,2.60,0.03,0.17,0.00,
12:38:28:294,1.61,-0.33,2.60,0.03,0.17,0.00,
12:38:28:296,1.61,-0.33,2.60,0.01,0.13,-0.01,
12:38:28:303,1.38,-2.61,2.83,0.01,0.13,-0.01,
12:38:28:303,1.38,-2.61,2.83,-0.00,0.01,-0.02,
12:38:28:304,1.38,-2.61,2.83,-0.00,0.01,-0.02,
12:38:28:304,1.38,-2.61,2.83,-0.02,-0.12,-0.02,
12:38:28:305,1.28,-2.61,2.52,-0.02,-0.12,-0.02,
12:38:28:305,1.28,-2.61,2.52,-0.02,-0.20,-0.01,
12:38:28:306,1.28,-2.61,2.52,-0.02,-0.20,-0.01,
12:38:28:306,1.28,-2.61,2.52,-0.03,-0.14,0.00,
12:38:28:306,1.12,-1.46,2.52,-0.03,-0.14,0.00,
12:38:28:308,1.12,-1.46,2.52,-0.05,-0.02,0.01,
12:38:28:308,1.12,-1.46,2.52,-0.05,-0.02,0.01,
12:38:28:311,1.12,-1.46,2.52,-0.05,-0.00,0.02,
12:38:28:312,1.97,-2.43,2.12,-0.05,-0.00,0.02,
12:38:28:313,1.97,-2.43,2.12,-0.05,-0.08,0.02,
12:38:28:314,1.97,-2.43,2.12,-0.05,-0.08,0.02,
12:38:28:321,1.97,-2.43,2.12,-0.05,-0.15,0.02,
12:38:28:322,2.97,-2.61,2.55,-0.05,-0.15,0.02,
12:38:28:323,2.97,-2.61,2.55,-0.05,-0.12,-0.00,
12:38:28:324,2.96,-2.61,2.55,-0.05,-0.12,-0.00,
12:38:28:325,2.96,-2.61,2.55,-0.06,0.01,-0.02,
12:38:28:325,2.97,-2.61,2.55,-0.06,0.01,-0.02,
12:38:28:326,2.97,-2.61,2.55,-0.06,0.14,-0.04,
12:38:28:326,1.80,-1.63,2.82,-0.06,0.14,-0.04,
12:38:28:326,1.80,-1.63,2.82,-0.06,0.16,-0.05,
12:38:28:326,1.80,-1.63,2.82,-0.06,0.16,-0.05,
12:38:28:328,1.80,-1.63,2.82,-0.06,0.12,-0.06,
12:38:28:329,1.40,-2.27,3.95,-0.06,0.12,-0.06,
12:38:28:331,1.40,-2.27,3.95,-0.05,0.05,-0.05,
12:38:28:331,1.41,-2.27,3.95,-0.05,0.05,-0.05,
12:38:28:333,1.41,-2.27,3.95,-0.05,-0.05,-0.04,
12:38:28:333,1.34,-1.39,3.98,-0.05,-0.05,-0.04,
12:38:28:335,1.34,-1.39,3.98,-0.04,-0.12,-0.02,
12:38:28:336,1.34,-1.39,3.97,-0.04,-0.12,-0.02,
12:38:28:338,1.34,-1.39,3.97,-0.03,-0.13,0.00,
12:38:28:339,1.46,-0.29,3.54,-0.03,-0.13,0.00,
12:38:28:340,1.46,-0.29,3.54,-0.01,-0.07,0.01,
12:38:28:341,1.46,-0.29,3.54,-0.01,-0.07,0.01,
12:38:28:343,1.46,-0.29,3.54,0.00,-0.01,0.00,
12:38:28:344,1.31,-1.12,2.56,0.00,-0.01,0.00,
12:38:28:345,1.31,-1.12,2.56,0.01,0.01,-0.01,
12:38:28:346,1.31,-1.12,2.56,0.01,0.01,-0.01,
12:38:28:348,1.31,-1.12,2.56,0.01,-0.02,-0.03,
12:38:28:349,2.33,-0.74,2.91,0.01,-0.02,-0.03,
12:38:28:351,2.33,-0.74,2.91,-0.01,-0.01,-0.04,
12:38:28:351,2.33,-0.74,2.91,-0.01,-0.01,-0.04,
12:38:28:353,2.33,-0.74,2.91,-0.04,0.05,-0.05,
12:38:28:354,2.25,-1.30,3.73,-0.04,0.05,-0.05,
12:38:28:356,2.25,-1.30,3.73,-0.07,0.09,-0.06,
12:38:28:356,2.26,-1.30,3.73,-0.07,0.09,-0.06,
12:38:28:358,2.26,-1.30,3.73,-0.09,0.02,-0.06,
12:38:28:358,2.58,-2.00,4.58,-0.09,0.02,-0.06,
12:38:28:360,2.58,-2.00,4.58,-0.10,-0.11,-0.05,
12:38:28:361,2.58,-2.00,4.58,-0.10,-0.11,-0.05,
12:38:28:363,2.58,-2.00,4.58,-0.08,-0.20,-0.04,
12:38:28:364,1.82,-3.09,2.75,-0.08,-0.20,-0.04,
12:38:28:366,1.82,-3.09,2.75,-0.06,-0.19,-0.04,
12:38:28:366,1.82,-3.09,2.75,-0.06,-0.19,-0.04,
12:38:28:368,1.82,-3.09,2.75,-0.05,-0.09,-0.04,
12:38:28:369,2.42,-1.76,3.09,-0.05,-0.09,-0.04,
12:38:28:370,2.42,-1.76,3.09,-0.03,0.06,-0.04,
12:38:28:371,2.42,-1.76,3.09,-0.03,0.06,-0.04,
12:38:28:373,2.42,-1.76,3.09,-0.01,0.19,-0.06,
12:38:28:373,2.48,0.00,3.77,-0.01,0.19,-0.06,
12:38:28:375,2.48,0.00,3.77,0.02,0.21,-0.08,
12:38:28:376,2.48,0.00,3.77,0.02,0.21,-0.08,
12:38:28:378,2.48,0.00,3.77,0.03,0.15,-0.09,
12:38:28:379,1.91,-0.94,4.26,0.03,0.15,-0.09,
12:38:28:381,1.91,-0.94,4.26,0.03,0.03,-0.09,
12:38:28:382,1.92,-0.94,4.26,0.03,0.03,-0.09,
12:38:28:383,1.92,-0.94,4.26,0.02,-0.08,-0.09,
12:38:28:384,0.64,-1.97,2.93,0.02,-0.08,-0.09,
12:38:28:386,0.64,-1.97,2.93,0.02,-0.11,-0.07,
12:38:28:386,0.64,-1.97,2.93,0.02,-0.11,-0.07,
12:38:28:388,0.64,-1.97,2.93,0.01,-0.05,-0.05,
12:38:28:389,0.75,-0.27,3.38,0.01,-0.05,-0.05,
12:38:28:391,0.75,-0.27,3.38,-0.01,0.03,-0.03,
12:38:28:391,0.75,-0.27,3.38,-0.01,0.03,-0.03,
12:38:28:393,0.75,-0.27,3.38,-0.04,0.05,-0.01,
12:38:28:394,2.07,-0.50,4.28,-0.04,0.05,-0.01,
12:38:28:396,2.07,-0.50,4.28,-0.05,0.04,-0.01,
12:38:28:396,2.07,-0.50,4.27,-0.05,0.04,-0.01,
12:38:28:398,2.07,-0.50,4.27,-0.05,0.01,-0.02,
12:38:28:399,0.18,-1.93,2.90,-0.05,0.01,-0.02,
12:38:28:401,0.18,-1.93,2.90,-0.03,-0.03,-0.03,
12:38:28:401,0.18,-1.93,2.90,-0.03,-0.03,-0.03,
12:38:28:418,0.18,-1.93,2.90,-0.02,-0.06,-0.02,
12:38:28:419,-0.02,-1.95,3.14,-0.02,-0.06,-0.02,
12:38:28:420,-0.02,-1.95,3.14,-0.02,-0.08,-0.00,
12:38:28:420,-0.02,-1.95,3.14,-0.02,-0.08,-0.00,
12:38:28:421,-0.02,-1.95,3.14,-0.01,-0.07,0.00,
12:38:28:421,0.93,-0.95,3.25,-0.01,-0.07,0.00,
12:38:28:422,0.93,-0.95,3.25,0.00,-0.04,0.00,
12:38:28:422,0.93,-0.95,3.25,0.00,-0.04,0.00,
12:38:28:423,0.93,-0.95,3.25,0.01,-0.07,0.00,
12:38:28:423,1.92,-1.13,3.89,0.01,-0.07,0.00,
12:38:28:424,1.92,-1.13,3.89,0.00,-0.08,0.01,
12:38:28:424,1.92,-1.13,3.89,0.00,-0.08,0.01,
12:38:28:425,1.92,-1.13,3.89,-0.02,0.00,0.00,
12:38:28:425,0.74,-2.56,3.25,-0.02,0.00,0.00,
12:38:28:426,0.74,-2.56,3.25,-0.03,0.09,-0.01,
12:38:28:432,0.74,-2.56,3.25,-0.03,0.09,-0.01,
12:38:28:433,0.74,-2.56,3.25,-0.04,0.12,-0.01,
12:38:28:434,-0.20,-3.55,3.47,-0.04,0.12,-0.01,
12:38:28:434,-0.20,-3.55,3.47,-0.03,0.01,-0.01,
12:38:28:435,-0.20,-3.55,3.47,-0.03,0.01,-0.01,
12:38:28:435,-0.20,-3.55,3.47,-0.01,-0.16,-0.01,
12:38:28:436,1.95,-1.33,4.54,-0.01,-0.16,-0.01,
12:38:28:436,1.95,-1.33,4.54,-0.01,-0.22,-0.01,
12:38:28:436,1.95,-1.33,4.54,-0.01,-0.22,-0.01,
12:38:28:437,1.95,-1.33,4.54,-0.00,-0.10,-0.01,
12:38:28:437,1.87,0.29,4.29,-0.00,-0.10,-0.01,
12:38:28:437,1.87,0.29,4.29,0.02,0.03,-0.01,
12:38:28:438,1.87,0.29,4.30,0.02,0.03,-0.01,
12:38:28:438,1.87,0.29,4.30,0.03,0.04,-0.00,
12:38:28:438,2.62,0.68,4.36,0.03,0.04,-0.00,
12:38:28:442,2.62,0.68,4.36,0.03,-0.01,-0.01,
12:38:28:442,2.62,0.68,4.36,0.03,-0.01,-0.01,
12:38:28:443,2.62,0.68,4.36,0.01,-0.01,-0.02,
12:38:28:443,1.61,-2.25,3.94,0.01,-0.01,-0.02,
12:38:28:446,1.61,-2.25,3.94,0.00,0.02,-0.03,
12:38:28:447,1.61,-2.25,3.94,0.00,0.02,-0.03,
12:38:28:452,1.61,-2.25,3.94,0.00,0.04,-0.03,
12:38:28:453,0.97,-1.46,4.52,0.00,0.04,-0.03,
12:38:28:453,0.97,-1.46,4.52,0.01,-0.02,-0.02,
12:38:28:454,0.97,-1.46,4.52,0.01,-0.02,-0.02,
12:38:28:454,0.97,-1.46,4.52,0.04,-0.14,-0.01,
12:38:28:454,2.86,0.55,4.69,0.04,-0.14,-0.01,
12:38:28:455,2.86,0.55,4.69,0.05,-0.20,-0.01,
12:38:28:456,2.86,0.55,4.69,0.05,-0.20,-0.01,
12:38:28:458,2.86,0.55,4.69,0.06,-0.14,-0.01,
12:38:28:458,1.73,-0.65,3.16,0.06,-0.14,-0.01,
12:38:28:460,1.73,-0.65,3.16,0.08,-0.02,-0.01,
12:38:28:461,1.73,-0.65,3.16,0.08,-0.02,-0.01,
12:38:28:463,1.73,-0.65,3.16,0.08,0.12,-0.02,
12:38:28:464,1.12,0.00,3.34,0.08,0.12,-0.02,
12:38:28:465,1.12,0.00,3.34,0.07,0.22,-0.03,
12:38:28:466,1.12,0.00,3.34,0.07,0.22,-0.03,
12:38:28:468,1.12,0.00,3.34,0.04,0.18,-0.04,
12:38:28:469,0.96,-1.51,4.89,0.04,0.18,-0.04,
12:38:28:470,0.96,-1.51,4.89,0.03,0.03,-0.03,
12:38:28:471,0.96,-1.51,4.89,0.03,0.03,-0.03,
12:38:28:473,0.96,-1.51,4.89,0.03,-0.16,-0.02,
12:38:28:474,0.77,-0.97,3.86,0.03,-0.16,-0.02,
12:38:28:475,0.77,-0.97,3.86,0.04,-0.27,0.01,
12:38:28:476,0.77,-0.97,3.86,0.04,-0.27,0.01,
12:38:28:478,0.77,-0.97,3.86,0.04,-0.26,0.04,
12:38:28:479,1.78,-0.60,3.75,0.04,-0.26,0.04,
12:38:28:481,1.78,-0.60,3.75,0.03,-0.18,0.06,
12:38:28:482,1.77,-0.60,3.75,0.03,-0.18,0.06,
12:38:28:483,1.77,-0.60,3.75,0.03,-0.12,0.06,
12:38:28:485,2.63,-0.83,2.84,0.03,-0.12,0.06,
12:38:28:485,2.63,-0.83,2.84,0.04,-0.01,0.04,
12:38:28:486,2.63,-0.83,2.84,0.04,-0.01,0.04,
12:38:28:488,2.63,-0.83,2.84,0.04,0.16,0.00,
12:38:28:489,1.01,-0.89,3.35,0.04,0.16,0.00,
12:38:28:491,1.01,-0.89,3.35,0.04,0.26,-0.02,
12:38:28:491,1.01,-0.89,3.35,0.04,0.26,-0.02,
12:38:28:493,1.01,-0.89,3.35,0.04,0.23,-0.04,
12:38:28:494,0.36,-0.34,5.04,0.04,0.23,-0.04,
12:38:28:496,0.36,-0.34,5.04,0.05,0.10,-0.05,
12:38:28:496,0.36,-0.34,5.04,0.05,0.10,-0.05,
12:38:28:499,0.36,-0.34,5.04,0.05,-0.07,-0.03,
12:38:28:500,0.35,-1.45,5.19,0.05,-0.07,-0.03,
12:38:28:502,0.35,-1.45,5.19,0.05,-0.22,0.00,
12:38:28:503,0.35,-1.45,5.19,0.05,-0.22,0.00,
12:38:28:504,0.35,-1.45,5.19,0.05,-0.30,0.04,
12:38:28:504,0.93,-0.38,4.39,0.05,-0.30,0.04,
12:38:28:506,0.93,-0.38,4.39,0.05,-0.26,0.07,
12:38:28:507,0.93,-0.38,4.39,0.05,-0.26,0.07,
12:38:28:508,0.93,-0.38,4.39,0.06,-0.14,0.08,
12:38:28:509,0.99,-0.86,2.67,0.06,-0.14,0.08,
12:38:28:511,0.99,-0.86,2.67,0.07,-0.00,0.07,
12:38:28:512,0.99,-0.86,2.67,0.07,-0.00,0.07,
12:38:28:513,0.99,-0.86,2.67,0.08,0.14,0.04,
12:38:28:514,1.25,0.76,4.17,0.08,0.14,0.04,
12:38:28:516,1.25,0.76,4.17,0.08,0.22,0.00,
12:38:28:516,1.25,0.76,4.18,0.08,0.22,0.00,
12:38:28:518,1.25,0.76,4.18,0.08,0.19,-0.03,
12:38:28:519,0.23,-0.70,5.05,0.08,0.19,-0.03,
12:38:28:521,0.23,-0.70,5.05,0.07,0.06,-0.03,
12:38:28:521,0.23,-0.70,5.05,0.07,0.06,-0.03,
12:38:28:523,0.23,-0.70,5.05,0.07,-0.13,-0.01,
12:38:28:524,0.71,-0.21,5.31,0.07,-0.13,-0.01,
12:38:28:525,0.71,-0.21,5.31,0.07,-0.31,0.02,
12:38:28:526,0.70,-0.21,5.31,0.07,-0.31,0.02,
12:38:28:528,0.70,-0.21,5.31,0.07,-0.36,0.06,
12:38:28:529,1.11,-1.30,3.69,0.07,-0.36,0.06,
12:38:28:536,1.11,-1.30,3.69,0.07,-0.31,0.08,
12:38:28:537,1.11,-1.30,3.70,0.07,-0.31,0.08,
12:38:28:538,1.11,-1.30,3.70,0.07,-0.22,0.08,
12:38:28:538,1.39,-2.57,1.83,0.07,-0.22,0.08,
12:38:28:538,1.39,-2.57,1.83,0.08,-0.12,0.08,
12:38:28:539,1.39,-2.57,1.83,0.08,-0.12,0.08,
12:38:28:539,1.39,-2.57,1.83,0.08,-0.02,0.06,
12:38:28:539,2.75,-1.03,2.98,0.08,-0.02,0.06,
12:38:28:540,2.75,-1.03,2.98,0.07,0.12,0.02,
12:38:28:541,2.75,-1.03,2.98,0.07,0.12,0.02,
12:38:28:543,2.75,-1.03,2.98,0.06,0.23,-0.01,
12:38:28:544,1.26,-1.89,3.87,0.06,0.23,-0.01,
12:38:28:545,1.26,-1.89,3.87,0.06,0.19,-0.03,
12:38:28:550,1.27,-1.89,3.87,0.06,0.19,-0.03,
12:38:28:551,1.27,-1.89,3.87,0.07,0.00,-0.03,
12:38:28:552,1.34,-1.00,4.48,0.07,0.00,-0.03,
12:38:28:552,1.34,-1.00,4.48,0.09,-0.21,-0.00,
12:38:28:553,1.33,-1.00,4.49,0.09,-0.21,-0.00,
12:38:28:553,1.33,-1.00,4.49,0.10,-0.30,0.03,
12:38:28:553,0.96,-1.16,2.91,0.10,-0.30,0.03,
12:38:28:556,0.96,-1.16,2.91,0.09,-0.21,0.06,
12:38:28:556,0.96,-1.16,2.91,0.09,-0.21,0.06,
12:38:28:558,0.96,-1.16,2.91,0.08,-0.04,0.07,
12:38:28:558,0.92,0.06,2.88,0.08,-0.04,0.07,
12:38:28:560,0.92,0.06,2.88,0.09,0.04,0.07,
12:38:28:561,0.92,0.06,2.89,0.09,0.04,0.07,
12:38:28:563,0.92,0.06,2.89,0.09,0.04,0.06,
12:38:28:564,1.64,-0.34,3.04,0.09,0.04,0.06,
12:38:28:565,1.64,-0.34,3.04,0.08,-0.01,0.04,
12:38:28:566,1.64,-0.34,3.04,0.08,-0.01,0.04,
12:38:28:569,1.64,-0.34,3.04,0.05,-0.07,0.03,
12:38:28:569,2.14,-1.28,3.75,0.05,-0.07,0.03,
12:38:28:570,2.14,-1.28,3.75,0.03,-0.11,0.01,
12:38:28:571,2.14,-1.28,3.75,0.03,-0.11,0.01,
12:38:28:573,2.14,-1.28,3.75,0.04,-0.09,0.00,
12:38:28:573,0.50,-0.67,2.55,0.04,-0.09,0.00,
12:38:28:575,0.50,-0.67,2.55,0.05,-0.02,0.00,
12:38:28:576,0.50,-0.67,2.55,0.05,-0.02,0.00,
12:38:28:578,0.50,-0.67,2.55,0.05,0.07,0.02,
12:38:28:579,1.01,1.37,4.54,0.05,0.07,0.02,
12:38:28:581,1.01,1.37,4.54,0.03,0.13,0.02,
12:38:28:581,1.01,1.37,4.54,0.03,0.13,0.02,
12:38:28:583,1.01,1.37,4.54,0.00,0.10,0.03,
12:38:28:584,1.50,-0.91,6.21,0.00,0.10,0.03,
12:38:28:586,1.50,-0.91,6.21,-0.01,-0.04,0.03,
12:38:28:586,1.50,-0.91,6.21,-0.01,-0.04,0.03,
12:38:28:588,1.50,-0.91,6.21,0.01,-0.22,0.04,
12:38:28:589,0.95,-1.69,4.50,0.01,-0.22,0.04,
12:38:28:591,0.95,-1.69,4.50,0.06,-0.35,0.04,
12:38:28:591,0.95,-1.69,4.50,0.06,-0.35,0.04,
12:38:28:593,0.95,-1.69,4.50,0.10,-0.35,0.05,
12:38:28:594,0.62,-1.57,1.79,0.10,-0.35,0.05,
12:38:28:596,0.62,-1.57,1.79,0.11,-0.20,0.05,
12:38:28:596,0.62,-1.57,1.80,0.11,-0.20,0.05,
12:38:28:600,0.62,-1.57,1.80,0.12,0.02,0.05,
12:38:28:601,2.28,0.38,2.94,0.12,0.02,0.05,
12:38:28:601,2.28,0.38,2.94,0.13,0.12,0.04,
12:38:28:602,2.28,0.38,2.95,0.13,0.12,0.04,
12:38:28:603,2.28,0.38,2.95,0.14,0.06,0.02,
12:38:28:604,2.78,-0.51,3.05,0.14,0.06,0.02,
12:38:28:606,2.78,-0.51,3.05,0.11,-0.04,0.00,
12:38:28:607,2.78,-0.51,3.05,0.11,-0.04,0.00,
12:38:28:608,2.78,-0.51,3.05,0.06,-0.10,-0.01,
12:38:28:609,2.37,-3.28,3.20,0.06,-0.10,-0.01,
12:38:28:611,2.37,-3.28,3.20,0.02,-0.10,-0.02,
12:38:28:611,2.37,-3.28,3.20,0.02,-0.10,-0.02,
12:38:28:613,2.37,-3.28,3.20,0.01,-0.06,-0.02,
12:38:28:614,0.23,-3.32,1.43,0.01,-0.06,-0.02,
12:38:28:620,0.23,-3.32,1.43,0.00,-0.02,-0.01,
12:38:28:620,0.23,-3.32,1.43,0.00,-0.02,-0.01,
12:38:28:621,0.23,-3.32,1.43,0.00,-0.02,0.00,
12:38:28:621,2.06,-0.62,3.23,0.00,-0.02,0.00,
12:38:28:621,2.06,-0.62,3.23,0.00,-0.04,0.01,
12:38:28:621,2.06,-0.62,3.23,0.00,-0.04,0.01,
12:38:28:624,2.06,-0.62,3.23,0.01,-0.00,0.01,
12:38:28:625,1.24,0.24,3.13,0.01,-0.00,0.01,
12:38:28:625,1.24,0.24,3.13,0.03,0.09,0.01,
12:38:28:626,1.24,0.24,3.13,0.03,0.09,0.01,
12:38:28:628,1.24,0.24,3.13,0.04,0.14,0.01,
12:38:28:629,1.15,1.49,4.48,0.04,0.14,0.01,
12:38:28:631,1.15,1.49,4.48,0.02,0.11,0.00,
12:38:28:633,1.15,1.49,4.48,0.02,0.11,0.00,
12:38:28:634,1.15,1.49,4.48,0.01,-0.02,0.00,
12:38:28:634,1.24,-1.03,4.69,0.01,-0.02,0.00,
12:38:28:635,1.24,-1.03,4.69,0.02,-0.15,-0.00,
12:38:28:636,1.24,-1.03,4.69,0.02,-0.15,-0.00,
12:38:28:638,1.24,-1.03,4.69,0.04,-0.24,0.01,
12:38:28:638,0.50,-1.82,2.48,0.04,-0.24,0.01,
12:38:28:640,0.50,-1.82,2.48,0.04,-0.23,0.02,
12:38:28:641,0.50,-1.82,2.48,0.04,-0.23,0.02,
12:38:28:643,0.50,-1.82,2.48,0.03,-0.09,0.03,
12:38:28:644,2.49,0.97,4.30,0.03,-0.09,0.03,
12:38:28:645,2.49,0.97,4.30,0.03,0.03,0.02,
12:38:28:646,2.49,0.97,4.30,0.03,0.03,0.02,
12:38:28:648,2.49,0.97,4.30,0.03,0.06,0.01,
12:38:28:649,2.00,-0.39,3.47,0.03,0.06,0.01,
12:38:28:651,2.00,-0.39,3.47,0.04,0.05,-0.01,
12:38:28:651,2.00,-0.39,3.47,0.04,0.05,-0.01,
12:38:28:653,2.00,-0.39,3.47,0.04,0.02,-0.03,
12:38:28:654,1.95,-0.59,4.54,0.04,0.02,-0.03,
12:38:28:656,1.95,-0.59,4.54,0.03,-0.03,-0.03,
12:38:28:656,1.95,-0.59,4.54,0.03,-0.03,-0.03,
12:38:28:658,1.95,-0.59,4.54,0.02,-0.03,-0.03,
12:38:28:659,0.79,-0.77,4.16,0.02,-0.03,-0.03,
12:38:28:661,0.79,-0.77,4.16,0.02,-0.02,-0.02,
12:38:28:661,0.79,-0.77,4.16,0.02,-0.02,-0.02,
12:38:28:663,0.79,-0.77,4.16,0.02,-0.02,-0.01,
12:38:28:664,0.52,-1.81,3.82,0.02,-0.02,-0.01,
12:38:28:666,0.52,-1.81,3.82,0.02,-0.09,0.01,
12:38:28:666,0.52,-1.81,3.82,0.02,-0.09,0.01,
12:38:28:668,0.52,-1.81,3.82,0.02,-0.15,0.03,
12:38:28:669,1.33,-1.11,4.08,0.02,-0.15,0.03,
12:38:28:671,1.33,-1.11,4.08,0.03,-0.09,0.04,
12:38:28:677,1.33,-1.11,4.08,0.03,-0.09,0.04,
12:38:28:678,1.33,-1.11,4.08,0.03,0.01,0.03,
12:38:28:678,1.04,-0.95,4.17,0.03,0.01,0.03,
12:38:28:679,1.04,-0.95,4.17,0.03,0.09,0.03,
12:38:28:679,1.04,-0.95,4.17,0.03,0.09,0.03,
12:38:28:680,1.04,-0.95,4.17,0.05,0.08,0.02,
12:38:28:680,1.10,0.68,4.86,0.05,0.08,0.02,
12:38:28:681,1.10,0.68,4.86,0.07,0.02,0.01,
12:38:28:681,1.10,0.68,4.86,0.07,0.02,0.01,
12:38:28:684,1.10,0.68,4.86,0.07,-0.09,0.01,
12:38:28:685,0.98,-1.10,4.34,0.07,-0.09,0.01,
12:38:28:686,0.98,-1.10,4.34,0.07,-0.16,0.02,
12:38:28:686,0.97,-1.10,4.34,0.07,-0.16,0.02,
12:38:28:688,0.97,-1.10,4.34,0.06,-0.13,0.03,
12:38:28:689,1.05,0.44,4.16,0.06,-0.13,0.03,
12:38:28:691,1.05,0.44,4.16,0.05,-0.03,0.03,
12:38:28:691,1.05,0.44,4.16,0.05,-0.03,0.03,
12:38:28:693,1.05,0.44,4.16,0.05,0.03,0.03,
12:38:28:694,1.01,-0.52,3.85,0.05,0.03,0.03,
12:38:28:696,1.01,-0.52,3.85,0.05,0.01,0.02,
12:38:28:696,1.01,-0.52,3.85,0.05,0.01,0.02,
12:38:28:698,1.01,-0.52,3.85,0.06,-0.06,0.02,
12:38:28:699,1.39,0.04,3.87,0.06,-0.06,0.02,
12:38:28:701,1.39,0.04,3.87,0.06,-0.11,0.02,
12:38:28:702,1.39,0.04,3.87,0.06,-0.11,0.02,
12:38:28:703,1.39,0.04,3.87,0.07,-0.07,0.02,
12:38:28:704,1.23,0.98,4.03,0.07,-0.07,0.02,
12:38:28:706,1.23,0.98,4.03,0.07,0.01,0.02,
12:38:28:706,1.23,0.98,4.03,0.07,0.01,0.02,
12:38:28:708,1.23,0.98,4.03,0.08,-0.01,0.02,
12:38:28:709,1.35,0.05,3.34,0.08,-0.01,0.02,
12:38:28:711,1.35,0.05,3.34,0.07,-0.08,0.03,
12:38:28:711,1.35,0.05,3.34,0.07,-0.08,0.03,
12:38:28:713,1.35,0.05,3.34,0.05,-0.09,0.03,
12:38:28:714,2.03,0.16,4.24,0.05,-0.09,0.03,
12:38:28:719,2.03,0.16,4.24,0.01,0.01,0.03,
12:38:28:719,2.03,0.16,4.24,0.01,0.01,0.03,
12:38:28:720,2.03,0.16,4.24,-0.01,0.07,0.01,
12:38:28:720,1.32,-1.57,4.34,-0.01,0.07,0.01,
12:38:28:721,1.32,-1.57,4.34,-0.02,0.01,0.00,
12:38:28:722,1.32,-1.57,4.34,-0.02,0.01,0.00,
12:38:28:723,1.32,-1.57,4.34,-0.01,-0.14,0.01,
12:38:28:724,2.10,-1.27,5.13,-0.01,-0.14,0.01,
12:38:28:726,2.10,-1.27,5.13,0.01,-0.21,0.02,
12:38:28:727,2.09,-1.27,5.13,0.01,-0.21,0.02,
12:38:28:728,2.09,-1.27,5.13,0.04,-0.13,0.03,
12:38:28:729,1.78,0.73,4.56,0.04,-0.13,0.03,
12:38:28:732,1.78,0.73,4.56,0.06,0.04,0.03,
12:38:28:733,1.78,0.73,4.56,0.06,0.04,0.03,
12:38:28:734,1.78,0.73,4.56,0.09,0.13,0.02,
12:38:28:734,1.40,0.41,5.00,0.09,0.13,0.02,
12:38:28:737,1.40,0.41,5.00,0.11,0.10,0.01,
12:38:28:737,1.40,0.41,5.00,0.11,0.10,0.01,
12:38:28:738,1.40,0.41,5.00,0.12,0.03,0.00,
12:38:28:739,1.21,0.35,5.61,0.12,0.03,0.00,
12:38:28:740,1.21,0.35,5.61,0.11,0.03,-0.01,
12:38:28:741,1.21,0.35,5.62,0.11,0.03,-0.01,
12:38:28:743,1.21,0.35,5.62,0.10,0.02,-0.01,
12:38:28:744,0.21,-0.56,5.22,0.10,0.02,-0.01,
12:38:28:746,0.21,-0.56,5.22,0.09,-0.07,0.01,
12:38:28:746,0.21,-0.56,5.23,0.09,-0.07,0.01,
12:38:28:748,0.21,-0.56,5.23,0.10,-0.21,0.03,
12:38:28:749,0.96,0.28,4.23,0.10,-0.21,0.03,
12:38:28:751,0.96,0.28,4.23,0.12,-0.27,0.06,
12:38:28:755,0.96,0.28,4.24,0.12,-0.27,0.06,
12:38:28:756,0.96,0.28,4.24,0.12,-0.19,0.07,
12:38:28:756,1.75,1.41,3.44,0.12,-0.19,0.07,
12:38:28:756,1.75,1.41,3.44,0.12,-0.05,0.07,
12:38:28:757,1.74,1.41,3.44,0.12,-0.05,0.07,
12:38:28:758,1.74,1.41,3.44,0.11,0.05,0.05,
12:38:28:759,1.57,-0.20,2.99,0.11,0.05,0.05,
12:38:28:761,1.57,-0.20,2.99,0.09,0.11,0.02,
12:38:28:761,1.56,-0.20,2.99,0.09,0.11,0.02,
12:38:28:763,1.56,-0.20,2.99,0.05,0.11,-0.00,
12:38:28:764,1.14,-1.79,4.32,0.05,0.11,-0.00,
12:38:28:766,1.14,-1.79,4.32,0.03,0.10,-0.03,
12:38:28:766,1.14,-1.79,4.32,0.03,0.10,-0.03,
12:38:28:768,1.14,-1.79,4.32,0.02,0.06,-0.03,
12:38:28:769,0.94,0.92,5.72,0.02,0.06,-0.03,
12:38:28:771,0.94,0.92,5.72,0.01,0.00,-0.01,
12:38:28:772,0.94,0.92,5.72,0.01,0.00,-0.01,
12:38:28:773,0.94,0.92,5.72,0.01,-0.06,0.02,
12:38:28:774,1.08,1.01,6.23,0.01,-0.06,0.02,
12:38:28:775,1.08,1.01,6.23,0.04,-0.15,0.05,
12:38:28:776,1.08,1.01,6.23,0.04,-0.15,0.05,
12:38:28:778,1.08,1.01,6.23,0.08,-0.24,0.08,
12:38:28:779,0.64,-0.24,3.20,0.08,-0.24,0.08,
12:38:28:781,0.64,-0.24,3.20,0.13,-0.30,0.09,
12:38:28:782,0.63,-0.24,3.21,0.13,-0.30,0.09,
12:38:28:783,0.63,-0.24,3.21,0.16,-0.26,0.09,
12:38:28:785,1.58,-0.75,2.12,0.16,-0.26,0.09,
12:38:28:786,1.58,-0.75,2.12,0.16,-0.09,0.06,
12:38:28:786,1.58,-0.75,2.12,0.16,-0.09,0.06,
12:38:28:788,1.58,-0.75,2.12,0.16,0.11,0.02,
12:38:28:789,1.68,-0.18,1.99,0.16,0.11,0.02,
12:38:28:791,1.68,-0.18,1.99,0.15,0.21,-0.02,
12:38:28:791,1.68,-0.18,1.99,0.15,0.21,-0.02,
12:38:28:793,1.68,-0.18,1.99,0.13,0.20,-0.04,
12:38:28:794,1.87,0.48,4.04,0.13,0.20,-0.04,
12:38:28:795,1.87,0.48,4.04,0.08,0.14,-0.04,
12:38:28:801,1.87,0.48,4.04,0.08,0.14,-0.04,
12:38:28:802,1.87,0.48,4.04,0.04,0.04,-0.04,
12:38:28:803,0.77,-1.76,4.09,0.04,0.04,-0.04,
12:38:28:803,0.77,-1.76,4.09,0.01,-0.11,-0.02,
12:38:28:804,0.77,-1.76,4.09,0.01,-0.11,-0.02,
12:38:28:805,0.77,-1.76,4.09,-0.00,-0.26,0.01,
12:38:28:805,0.71,-2.53,2.66,-0.00,-0.26,0.01,
12:38:28:807,0.71,-2.53,2.66,-0.01,-0.33,0.04,
12:38:28:807,0.71,-2.53,2.65,-0.01,-0.33,0.04,
12:38:28:808,0.71,-2.53,2.65,-0.01,-0.25,0.06,
12:38:28:809,2.03,-1.24,3.08,-0.01,-0.25,0.06,
12:38:28:811,2.03,-1.24,3.08,-0.01,-0.04,0.05,
12:38:28:811,2.03,-1.24,3.08,-0.01,-0.04,0.05,
12:38:28:813,2.03,-1.24,3.08,0.01,0.14,0.03,
12:38:28:814,1.82,0.43,3.01,0.01,0.14,0.03,
12:38:28:815,1.82,0.43,3.01,0.04,0.21,0.01,
12:38:28:816,1.82,0.43,3.01,0.04,0.21,0.01,
12:38:28:818,1.82,0.43,3.01,0.05,0.21,-0.01,
12:38:28:819,2.48,1.07,5.53,0.05,0.21,-0.01,
12:38:28:821,2.48,1.07,5.53,0.05,0.12,-0.03,
12:38:28:821,2.48,1.07,5.53,0.05,0.12,-0.03,
12:38:28:824,2.48,1.07,5.53,0.06,-0.05,-0.04,
12:38:28:824,1.17,-2.05,3.99,0.06,-0.05,-0.04,
12:38:28:826,1.17,-2.05,3.99,0.07,-0.21,-0.04,
12:38:28:826,1.17,-2.05,4.00,0.07,-0.21,-0.04,
12:38:28:828,1.17,-2.05,4.00,0.07,-0.30,-0.02,
12:38:28:829,0.90,-3.48,2.47,0.07,-0.30,-0.02,
12:38:28:835,0.90,-3.48,2.47,0.08,-0.24,0.00,
12:38:28:836,0.90,-3.48,2.47,0.08,-0.24,0.00,
12:38:28:836,0.90,-3.48,2.47,0.08,-0.01,0.01,
12:38:28:837,1.21,0.96,2.50,0.08,-0.01,0.01,
12:38:28:837,1.21,0.96,2.50,0.08,0.24,0.01,
12:38:28:837,1.21,0.96,2.50,0.08,0.24,0.01,
12:38:28:838,1.21,0.96,2.50,0.07,0.31,0.00,
12:38:28:838,2.51,1.53,4.48,0.07,0.31,0.00,
12:38:28:841,2.51,1.53,4.48,0.06,0.19,-0.01,
12:38:28:841,2.51,1.53,4.48,0.06,0.19,-0.01,
12:38:28:843,2.51,1.53,4.48,0.04,0.03,-0.03,
12:38:28:844,1.45,-0.40,4.18,0.04,0.03,-0.03,
12:38:28:846,1.45,-0.40,4.18,0.02,-0.08,-0.04,
12:38:28:846,1.45,-0.40,4.18,0.02,-0.08,-0.04,
12:38:28:848,1.45,-0.40,4.18,-0.00,-0.12,-0.03,
12:38:28:849,0.11,-2.20,3.56,-0.00,-0.12,-0.03,
12:38:28:851,0.11,-2.20,3.56,-0.01,-0.15,-0.01,
12:38:28:851,0.11,-2.20,3.56,-0.01,-0.15,-0.01,
12:38:28:853,0.11,-2.20,3.56,-0.00,-0.19,0.01,
12:38:28:854,0.85,-1.90,2.25,-0.00,-0.19,0.01,
12:38:28:855,0.85,-1.90,2.25,0.01,-0.17,0.03,
12:38:28:856,0.85,-1.90,2.25,0.01,-0.17,0.03,
12:38:28:858,0.85,-1.90,2.25,0.01,-0.05,0.03,
12:38:28:859,1.76,-0.30,2.92,0.01,-0.05,0.03,
12:38:28:860,1.76,-0.30,2.92,0.01,0.11,0.02,
12:38:28:861,1.76,-0.30,2.92,0.01,0.11,0.02,
12:38:28:863,1.76,-0.30,2.92,0.01,0.20,-0.00,
12:38:28:864,1.01,-0.82,3.19,0.01,0.20,-0.00,
12:38:28:866,1.01,-0.82,3.19,0.03,0.15,-0.02,
12:38:28:866,1.01,-0.82,3.19,0.03,0.15,-0.02,
12:38:28:868,1.01,-0.82,3.19,0.04,0.02,-0.03,
12:38:28:869,0.90,-1.60,2.99,0.04,0.02,-0.03,
12:38:28:871,0.90,-1.60,2.99,0.03,-0.11,-0.02,
12:38:28:871,0.90,-1.60,2.99,0.03,-0.11,-0.02,
12:38:28:873,0.90,-1.60,2.99,0.02,-0.14,-0.01,
12:38:28:874,0.52,-1.99,2.68,0.02,-0.14,-0.01,
12:38:28:876,0.52,-1.99,2.68,0.02,-0.08,-0.00,
12:38:28:876,0.52,-1.99,2.68,0.02,-0.08,-0.00,
12:38:28:878,0.52,-1.99,2.68,0.01,0.01,0.01,
12:38:28:879,0.17,-1.38,2.10,0.01,0.01,0.01,
12:38:28:881,0.17,-1.38,2.10,-0.00,0.05,0.02,
12:38:28:882,0.17,-1.38,2.10,-0.00,0.05,0.02,
12:38:28:883,0.17,-1.38,2.10,-0.03,0.01,0.02,
12:38:28:884,2.05,-2.19,3.26,-0.03,0.01,0.02,
12:38:28:886,2.05,-2.19,3.26,-0.04,-0.06,0.02,
12:38:28:886,2.05,-2.18,3.26,-0.04,-0.06,0.02,
12:38:28:888,2.05,-2.18,3.26,-0.04,-0.06,0.01,
12:38:28:889,1.12,-0.59,2.59,-0.04,-0.06,0.01,
12:38:28:891,1.12,-0.59,2.59,-0.03,-0.00,0.00,
12:38:28:891,1.12,-0.59,2.59,-0.03,-0.00,0.00,
12:38:28:893,1.12,-0.59,2.59,-0.01,0.03,-0.01,
12:38:28:894,1.01,-1.49,2.50,-0.01,0.03,-0.01,
12:38:28:896,1.01,-1.49,2.50,-0.00,-0.03,-0.01,
12:38:28:896,1.01,-1.49,2.50,-0.00,-0.03,-0.01,
12:38:28:898,1.01,-1.49,2.50,0.01,-0.09,-0.00,
12:38:28:899,1.46,-1.87,1.94,0.01,-0.09,-0.00,
12:38:28:901,1.46,-1.87,1.94,-0.01,-0.06,-0.00,
12:38:28:902,1.46,-1.87,1.94,-0.01,-0.06,-0.00,
12:38:28:903,1.46,-1.87,1.94,-0.04,0.03,-0.01,
12:38:28:904,1.77,-2.16,2.85,-0.04,0.03,-0.01,
12:38:28:906,1.77,-2.16,2.85,-0.07,0.08,-0.01,
12:38:28:906,1.77,-2.16,2.85,-0.07,0.08,-0.01,
12:38:28:908,1.77,-2.16,2.85,-0.08,0.04,-0.02,
12:38:28:909,1.45,-3.14,2.87,-0.08,0.04,-0.02,
12:38:28:910,1.45,-3.14,2.87,-0.08,-0.00,-0.02,
12:38:28:911,1.45,-3.14,2.87,-0.08,-0.00,-0.02,
12:38:28:913,1.45,-3.14,2.87,-0.08,0.02,-0.03,
12:38:28:914,0.32,-2.51,2.92,-0.08,0.02,-0.03,
12:38:28:919,0.32,-2.51,2.92,-0.07,0.10,-0.02,
12:38:28:920,0.32,-2.51,2.92,-0.07,0.10,-0.02,
12:38:28:920,0.32,-2.51,2.92,-0.06,0.11,-0.01,
12:38:28:920,1.29,0.05,4.84,-0.06,0.11,-0.01,
12:38:28:921,1.29,0.05,4.84,-0.05,0.04,0.00,
12:38:28:924,1.29,0.05,4.84,-0.05,0.04,0.00,
12:38:28:924,1.29,0.05,4.84,-0.04,-0.05,0.00,
12:38:28:925,1.25,-1.90,4.02,-0.04,-0.05,0.00,
12:38:28:926,1.25,-1.90,4.02,-0.02,-0.13,0.00,
12:38:28:927,1.25,-1.90,4.02,-0.02,-0.13,0.00,
12:38:28:928,1.25,-1.90,4.02,-0.01,-0.16,0.00,
12:38:28:929,2.27,-0.57,3.38,-0.01,-0.16,0.00,
12:38:28:931,2.27,-0.57,3.38,-0.01,-0.10,0.00,
12:38:28:932,2.27,-0.57,3.38,-0.01,-0.10,0.00,
12:38:28:933,2.27,-0.57,3.38,-0.02,0.02,-0.01,
12:38:28:934,1.82,-2.36,2.78,-0.02,0.02,-0.01,
12:38:28:936,1.82,-2.36,2.78,-0.02,0.09,-0.04,
12:38:28:937,1.82,-2.36,2.78,-0.02,0.09,-0.04,
12:38:28:938,1.82,-2.36,2.78,-0.01,0.09,-0.05,
12:38:28:939,1.28,-1.96,2.48,-0.01,0.09,-0.05,
12:38:28:942,1.28,-1.96,2.48,-0.00,0.08,-0.06,
12:38:28:943,1.28,-1.96,2.48,-0.00,0.08,-0.06,
12:38:28:943,1.28,-1.96,2.48,-0.01,0.07,-0.06,
12:38:28:944,1.09,-1.54,3.35,-0.01,0.07,-0.06,
12:38:28:946,1.09,-1.54,3.35,-0.02,0.08,-0.05,
12:38:28:946,1.09,-1.54,3.35,-0.02,0.08,-0.05,
12:38:28:948,1.09,-1.54,3.35,-0.03,0.08,-0.05,
12:38:28:949,0.08,-1.72,2.91,-0.03,0.08,-0.05,
12:38:28:951,0.08,-1.72,2.91,-0.03,0.03,-0.03,
12:38:28:951,0.08,-1.72,2.91,-0.03,0.03,-0.03,
12:38:28:953,0.08,-1.72,2.91,-0.04,-0.07,-0.01,
12:38:28:954,1.19,-2.22,2.99,-0.04,-0.07,-0.01,
12:38:28:956,1.19,-2.22,2.99,-0.05,-0.13,0.01,
12:38:28:956,1.19,-2.22,2.99,-0.05,-0.13,0.01,
12:38:28:958,1.19,-2.22,2.99,-0.06,-0.07,0.01,
12:38:28:959,0.76,-1.98,2.62,-0.06,-0.07,0.01,
12:38:28:960,0.76,-1.98,2.62,-0.07,0.04,0.00,
12:38:28:961,0.76,-1.97,2.62,-0.07,0.04,0.00,
12:38:28:963,0.76,-1.97,2.62,-0.06,0.13,-0.01,
12:38:28:964,0.68,-1.29,3.07,-0.06,0.13,-0.01,
12:38:28:966,0.68,-1.29,3.07,-0.06,0.16,-0.03,
12:38:28:967,0.68,-1.29,3.07,-0.06,0.16,-0.03,
12:38:28:968,0.68,-1.29,3.07,-0.06,0.09,-0.03,
12:38:28:969,0.92,-1.96,3.84,-0.06,0.09,-0.03,
12:38:28:971,0.92,-1.96,3.84,-0.06,-0.01,-0.03,
12:38:28:972,0.92,-1.96,3.84,-0.06,-0.01,-0.03,
12:38:28:973,0.92,-1.96,3.84,-0.05,-0.10,-0.03,
12:38:28:974,1.10,-1.14,3.69,-0.05,-0.10,-0.03,
12:38:28:976,1.10,-1.14,3.69,-0.04,-0.10,-0.01,
12:38:28:976,1.10,-1.14,3.69,-0.04,-0.10,-0.01,
12:38:28:978,1.10,-1.14,3.69,-0.03,0.00,0.00,
12:38:28:979,0.40,-0.50,3.15,-0.03,0.00,0.00,
12:38:28:981,0.40,-0.50,3.15,-0.03,0.10,0.00,
12:38:28:982,0.40,-0.50,3.14,-0.03,0.10,0.00,
12:38:28:984,0.40,-0.50,3.14,-0.04,0.11,-0.01,
12:38:28:985,0.87,-1.40,3.65,-0.04,0.11,-0.01,
12:38:28:986,0.87,-1.40,3.65,-0.03,0.04,-0.01,
12:38:28:986,0.87,-1.40,3.65,-0.03,0.04,-0.01,
12:38:28:988,0.87,-1.40,3.65,-0.03,-0.06,-0.02,
12:38:28:989,0.92,-2.00,3.07,-0.03,-0.06,-0.02,
12:38:28:991,0.92,-2.00,3.07,-0.04,-0.08,-0.02,
12:38:28:991,0.92,-2.00,3.07,-0.04,-0.08,-0.02,
12:38:28:993,0.92,-2.00,3.07,-0.06,0.05,-0.02,
12:38:28:994,0.23,-1.55,4.16,-0.06,0.05,-0.02,
12:38:28:996,0.23,-1.55,4.16,-0.07,0.15,-0.03,
12:38:28:996,0.23,-1.55,4.16,-0.07,0.15,-0.03,
12:38:28:998,0.23,-1.55,4.16,-0.07,0.10,-0.02,
12:38:28:999,0.20,-2.95,3.55,-0.07,0.10,-0.02,
12:38:29:001,0.20,-2.95,3.55,-0.05,-0.04,-0.00,
12:38:29:001,0.20,-2.95,3.54,-0.05,-0.04,-0.00,
12:38:29:003,0.20,-2.95,3.54,-0.04,-0.14,0.01,
12:38:29:004,1.18,-1.18,4.44,-0.04,-0.14,0.01,
12:38:29:006,1.18,-1.18,4.44,-0.04,-0.07,0.01,
12:38:29:007,1.18,-1.18,4.44,-0.04,-0.07,0.01,
12:38:29:008,1.18,-1.18,4.44,-0.03,0.08,0.00,
12:38:29:009,0.27,-1.44,3.88,-0.03,0.08,0.00,
12:38:29:011,0.27,-1.44,3.88,-0.01,0.11,-0.00,
12:38:29:011,0.27,-1.44,3.88,-0.01,0.11,-0.00,
12:38:29:013,0.27,-1.44,3.88,0.01,0.00,-0.00,
12:38:29:014,1.55,-1.89,3.91,0.01,0.00,-0.00,
12:38:29:019,1.55,-1.89,3.91,0.02,-0.13,0.00,
12:38:29:019,1.55,-1.89,3.91,0.02,-0.13,0.00,
12:38:29:020,1.55,-1.89,3.91,0.01,-0.15,0.00,
12:38:29:020,1.63,-2.04,3.30,0.01,-0.15,0.00,
12:38:29:021,1.63,-2.04,3.30,-0.00,-0.01,-0.01,
12:38:29:022,1.63,-2.04,3.30,-0.00,-0.01,-0.01,
12:38:29:024,1.63,-2.04,3.30,-0.01,0.10,-0.02,
12:38:29:024,1.06,-2.39,2.74,-0.01,0.10,-0.02,
12:38:29:026,1.06,-2.39,2.74,-0.01,0.10,-0.02,
12:38:29:026,1.06,-2.39,2.74,-0.01,0.10,-0.02,
12:38:29:028,1.06,-2.39,2.74,-0.00,0.06,-0.03,
12:38:29:029,1.20,-1.53,3.68,-0.00,0.06,-0.03,
12:38:29:031,1.20,-1.53,3.68,-0.00,0.08,-0.04,
12:38:29:031,1.20,-1.53,3.68,-0.00,0.08,-0.04,
12:38:29:033,1.20,-1.53,3.68,-0.01,0.10,-0.04,
12:38:29:034,0.52,-1.19,3.76,-0.01,0.10,-0.04,
12:38:29:036,0.52,-1.19,3.76,-0.00,0.06,-0.04,
12:38:29:036,0.52,-1.19,3.76,-0.00,0.06,-0.04,
12:38:29:038,0.52,-1.19,3.76,0.01,0.02,-0.03,
12:38:29:039,0.37,-0.32,3.85,0.01,0.02,-0.03,
12:38:29:041,0.37,-0.32,3.85,0.01,-0.02,-0.01,
12:38:29:041,0.37,-0.32,3.85,0.01,-0.02,-0.01,
12:38:29:043,0.37,-0.32,3.85,-0.01,-0.05,0.00,
12:38:29:043,1.71,-0.48,4.49,-0.01,-0.05,0.00,
12:38:29:046,1.71,-0.48,4.49,-0.02,-0.03,0.01,
12:38:29:052,1.71,-0.48,4.49,-0.02,-0.03,0.01,
12:38:29:052,1.71,-0.48,4.49,-0.02,0.03,0.00,
12:38:29:052,0.56,-1.74,3.08,-0.02,0.03,0.00,
12:38:29:052,0.56,-1.74,3.08,-0.02,0.04,-0.01,
12:38:29:053,0.56,-1.74,3.08,-0.02,0.04,-0.01,
12:38:29:054,0.56,-1.74,3.08,-0.03,0.05,-0.02,
12:38:29:054,0.62,-2.02,3.96,-0.03,0.05,-0.02,
12:38:29:056,0.62,-2.02,3.96,-0.02,0.06,-0.03,
12:38:29:056,0.62,-2.02,3.96,-0.02,0.06,-0.03,
12:38:29:058,0.62,-2.02,3.96,-0.01,0.07,-0.04,
12:38:29:059,0.31,-1.48,4.19,-0.01,0.07,-0.04,
12:38:29:061,0.31,-1.48,4.19,-0.00,0.04,-0.03,
12:38:29:061,0.31,-1.48,4.19,-0.00,0.04,-0.03,
12:38:29:063,0.31,-1.48,4.19,0.02,0.01,-0.01,
12:38:29:064,0.66,-0.46,4.53,0.02,0.01,-0.01,
12:38:29:066,0.66,-0.46,4.53,0.03,-0.04,0.00,
12:38:29:066,0.66,-0.46,4.53,0.03,-0.04,0.00,
12:38:29:069,0.66,-0.46,4.53,0.03,-0.09,0.02,
12:38:29:070,1.15,-2.01,3.95,0.03,-0.09,0.02,
12:38:29:071,1.15,-2.01,3.95,0.03,-0.09,0.03,
12:38:29:072,1.15,-2.01,3.95,0.03,-0.09,0.03,
12:38:29:073,1.15,-2.01,3.95,0.02,-0.03,0.01,
12:38:29:074,0.96,-1.49,3.04,0.02,-0.03,0.01,
12:38:29:076,0.96,-1.49,3.04,0.03,0.07,-0.00,
12:38:29:076,0.96,-1.49,3.04,0.03,0.07,-0.00,
12:38:29:078,0.96,-1.49,3.04,0.02,0.17,-0.03,
12:38:29:079,1.07,-0.39,4.48,0.02,0.17,-0.03,
12:38:29:081,1.07,-0.39,4.48,0.01,0.23,-0.05,
12:38:29:081,1.07,-0.39,4.48,0.01,0.23,-0.05,
12:38:29:083,1.07,-0.39,4.48,0.00,0.19,-0.06,
12:38:29:084,0.45,-0.62,5.14,0.00,0.19,-0.06,
12:38:29:086,0.45,-0.62,5.14,0.01,0.08,-0.06,
12:38:29:086,0.45,-0.62,5.14,0.01,0.08,-0.06,
12:38:29:091,0.45,-0.62,5.14,0.01,-0.05,-0.04,
12:38:29:092,0.91,0.26,5.86,0.01,-0.05,-0.04,
12:38:29:092,0.91,0.26,5.86,0.01,-0.14,-0.01,
12:38:29:093,0.91,0.26,5.86,0.01,-0.14,-0.01,
12:38:29:094,0.91,0.26,5.86,0.01,-0.16,0.02,
12:38:29:094,1.21,-0.81,4.66,0.01,-0.16,0.02,
12:38:29:096,1.21,-0.81,4.66,0.01,-0.13,0.04,
12:38:29:096,1.21,-0.81,4.66,0.01,-0.13,0.04,
12:38:29:098,1.21,-0.81,4.66,0.03,-0.07,0.03,
12:38:29:099,0.99,-1.45,2.84,0.03,-0.07,0.03,
12:38:29:101,0.99,-1.45,2.84,0.05,0.03,0.01,
12:38:29:103,0.99,-1.45,2.84,0.05,0.03,0.01,
12:38:29:103,0.99,-1.45,2.84,0.06,0.15,-0.02,
12:38:29:104,1.14,-0.36,4.19,0.06,0.15,-0.02,
12:38:29:106,1.14,-0.36,4.19,0.06,0.25,-0.05,
12:38:29:106,1.14,-0.36,4.19,0.06,0.25,-0.05,
12:38:29:108,1.14,-0.36,4.19,0.05,0.25,-0.07,
12:38:29:109,0.45,-0.55,5.10,0.05,0.25,-0.07,
12:38:29:111,0.45,-0.55,5.10,0.06,0.16,-0.08,
12:38:29:111,0.45,-0.55,5.11,0.06,0.16,-0.08,
12:38:29:114,0.45,-0.55,5.11,0.07,-0.01,-0.06,
12:38:29:114,0.47,0.32,5.60,0.07,-0.01,-0.06,
12:38:29:120,0.47,0.32,5.60,0.06,-0.15,-0.02,
12:38:29:121,0.47,0.32,5.60,0.06,-0.15,-0.02,
12:38:29:121,0.47,0.32,5.60,0.06,-0.22,0.02,
12:38:29:121,0.71,-0.61,4.13,0.06,-0.22,0.02,
12:38:29:121,0.71,-0.61,4.13,0.05,-0.18,0.04,
12:38:29:122,0.71,-0.61,4.13,0.05,-0.18,0.04,
12:38:29:123,0.71,-0.61,4.13,0.05,-0.04,0.04,
12:38:29:124,0.63,-0.66,2.96,0.05,-0.04,0.04,
12:38:29:126,0.63,-0.66,2.96,0.05,0.10,0.02,
12:38:29:126,0.63,-0.66,2.96,0.05,0.10,0.02,
12:38:29:128,0.63,-0.66,2.96,0.03,0.17,-0.01,
12:38:29:129,1.65,-0.95,4.80,0.03,0.17,-0.01,
12:38:29:131,1.65,-0.95,4.80,0.02,0.18,-0.04,
12:38:29:131,1.65,-0.95,4.80,0.02,0.18,-0.04,
12:38:29:134,1.65,-0.95,4.80,0.01,0.13,-0.07,
12:38:29:135,0.24,-1.88,4.90,0.01,0.13,-0.07,
12:38:29:136,0.24,-1.88,4.90,0.02,0.04,-0.07,
12:38:29:136,0.24,-1.88,4.90,0.02,0.04,-0.07,
12:38:29:139,0.24,-1.88,4.90,0.03,-0.06,-0.05,
12:38:29:139,0.21,-1.41,5.08,0.03,-0.06,-0.05,
12:38:29:140,0.21,-1.41,5.08,0.05,-0.15,-0.01,
12:38:29:141,0.21,-1.41,5.08,0.05,-0.15,-0.01,
12:38:29:143,0.21,-1.41,5.08,0.07,-0.17,0.02,
12:38:29:143,1.40,-0.08,4.57,0.07,-0.17,0.02,
12:38:29:146,1.40,-0.08,4.57,0.08,-0.10,0.04,
12:38:29:147,1.40,-0.08,4.58,0.08,-0.10,0.04,
12:38:29:148,1.40,-0.08,4.58,0.09,0.02,0.03,
12:38:29:149,0.86,-1.20,3.19,0.09,0.02,0.03,
12:38:29:151,0.86,-1.20,3.19,0.09,0.13,0.00,
12:38:29:151,0.87,-1.20,3.19,0.09,0.13,0.00,
12:38:29:153,0.87,-1.20,3.19,0.08,0.19,-0.03,
12:38:29:154,1.43,-1.24,5.20,0.08,0.19,-0.03,
12:38:29:156,1.43,-1.24,5.20,0.07,0.18,-0.06,
12:38:29:156,1.43,-1.24,5.20,0.07,0.18,-0.06,
12:38:29:158,1.43,-1.24,5.20,0.06,0.13,-0.08,
12:38:29:159,0.20,-0.80,5.29,0.06,0.13,-0.08,
12:38:29:161,0.20,-0.80,5.29,0.06,0.06,-0.08,
12:38:29:161,0.21,-0.80,5.30,0.06,0.06,-0.08,
12:38:29:163,0.21,-0.80,5.30,0.08,-0.02,-0.06,
12:38:29:164,0.53,1.05,5.68,0.08,-0.02,-0.06,
12:38:29:166,0.53,1.05,5.68,0.09,-0.10,-0.02,
12:38:29:167,0.53,1.05,5.68,0.09,-0.10,-0.02,
12:38:29:169,0.53,1.05,5.68,0.09,-0.12,0.01,
12:38:29:169,0.94,0.13,4.73,0.09,-0.12,0.01,
12:38:29:172,0.94,0.13,4.73,0.08,-0.08,0.03,
12:38:29:178,0.94,0.13,4.73,0.08,-0.08,0.03,
12:38:29:179,0.94,0.13,4.73,0.07,-0.04,0.03,
12:38:29:179,1.46,-1.42,3.85,0.07,-0.04,0.03,
12:38:29:180,1.46,-1.42,3.85,0.06,-0.00,0.00,
12:38:29:181,1.46,-1.42,3.85,0.06,-0.00,0.00,
12:38:29:182,1.46,-1.42,3.85,0.06,0.05,-0.03,
12:38:29:183,1.76,-0.52,4.72,0.06,0.05,-0.03,
12:38:29:183,1.76,-0.52,4.72,0.06,0.13,-0.06,
12:38:29:184,1.76,-0.52,4.72,0.06,0.13,-0.06,
12:38:29:185,1.76,-0.52,4.72,0.07,0.18,-0.08,
12:38:29:185,0.93,-0.11,5.24,0.07,0.18,-0.08,
12:38:29:186,0.93,-0.11,5.24,0.08,0.14,-0.09,
12:38:29:187,0.94,-0.11,5.25,0.08,0.14,-0.09,
12:38:29:188,0.94,-0.11,5.25,0.09,0.03,-0.07,
12:38:29:189,0.91,-0.26,5.87,0.09,0.03,-0.07,
12:38:29:191,0.91,-0.26,5.87,0.11,-0.08,-0.04,
12:38:29:191,0.91,-0.26,5.88,0.11,-0.08,-0.04,
12:38:29:194,0.91,-0.26,5.88,0.11,-0.12,-0.01,
12:38:29:194,0.53,-0.90,4.57,0.11,-0.12,-0.01,
12:38:29:196,0.53,-0.90,4.57,0.10,-0.08,0.01,
12:38:29:196,0.53,-0.90,4.57,0.10,-0.08,0.01,
12:38:29:198,0.53,-0.90,4.57,0.09,-0.01,0.01,
12:38:29:199,1.37,-0.36,4.26,0.09,-0.01,0.01,
12:38:29:201,1.37,-0.36,4.26,0.10,0.04,-0.01,
12:38:29:201,1.37,-0.36,4.27,0.10,0.04,-0.01,
12:38:29:203,1.37,-0.36,4.27,0.10,0.07,-0.03,
12:38:29:204,1.10,-0.69,4.02,0.10,0.07,-0.03,
12:38:29:206,1.10,-0.69,4.02,0.11,0.08,-0.05,
12:38:29:206,1.10,-0.69,4.03,0.11,0.08,-0.05,
12:38:29:208,1.10,-0.69,4.03,0.11,0.04,-0.07,
12:38:29:208,1.32,0.39,4.04,0.11,0.04,-0.07,
12:38:29:211,1.32,0.39,4.04,0.12,0.02,-0.07,
12:38:29:211,1.33,0.39,4.04,0.12,0.02,-0.07,
12:38:29:213,1.33,0.39,4.04,0.11,0.06,-0.06,
12:38:29:214,0.58,0.32,4.16,0.11,0.06,-0.06,
12:38:29:219,0.58,0.32,4.16,0.09,0.10,-0.06,
12:38:29:219,0.58,0.32,4.16,0.09,0.10,-0.06,
12:38:29:219,0.58,0.32,4.16,0.07,0.07,-0.05,
12:38:29:220,0.89,-0.88,4.49,0.07,0.07,-0.05,
12:38:29:221,0.89,-0.88,4.49,0.05,-0.02,-0.04,
12:38:29:222,0.90,-0.88,4.49,0.05,-0.02,-0.04,
12:38:29:224,0.90,-0.88,4.49,0.04,-0.10,-0.03,
12:38:29:224,1.73,-0.72,4.44,0.04,-0.10,-0.03,
12:38:29:226,1.73,-0.72,4.44,0.03,-0.09,-0.03,
12:38:29:226,1.73,-0.72,4.44,0.03,-0.09,-0.03,
12:38:29:228,1.73,-0.72,4.44,0.03,-0.00,-0.04,
12:38:29:229,1.52,-0.19,4.01,0.03,-0.00,-0.04,
12:38:29:231,1.52,-0.19,4.01,0.03,0.08,-0.05,
12:38:29:231,1.53,-0.19,4.02,0.03,0.08,-0.05,
12:38:29:233,1.53,-0.19,4.02,0.04,0.11,-0.06,
12:38:29:234,1.45,-1.10,4.44,0.04,0.11,-0.06,
12:38:29:236,1.45,-1.10,4.44,0.05,0.12,-0.08,
12:38:29:236,1.45,-1.10,4.44,0.05,0.12,-0.08,
12:38:29:238,1.45,-1.10,4.44,0.06,0.13,-0.10,
12:38:29:239,0.25,-0.79,4.66,0.06,0.13,-0.10,
12:38:29:240,0.25,-0.79,4.66,0.07,0.15,-0.10,
12:38:29:241,0.26,-0.79,4.66,0.07,0.15,-0.10,
12:38:29:243,0.26,-0.79,4.66,0.07,0.10,-0.10,
12:38:29:243,1.14,0.59,6.34,0.07,0.10,-0.10,
12:38:29:246,1.14,0.59,6.34,0.07,0.03,-0.08,
12:38:29:246,1.15,0.59,6.34,0.07,0.03,-0.08,
12:38:29:248,1.15,0.59,6.34,0.07,0.00,-0.06,
12:38:29:249,0.47,0.56,5.74,0.07,0.00,-0.06,
12:38:29:251,0.47,0.56,5.74,0.08,0.02,-0.05,
12:38:29:252,0.47,0.56,5.74,0.08,0.02,-0.05,
12:38:29:254,0.47,0.56,5.74,0.08,0.05,-0.04,
12:38:29:254,0.70,0.49,5.79,0.08,0.05,-0.04,
12:38:29:256,0.70,0.49,5.79,0.07,0.03,-0.04,
12:38:29:256,0.70,0.49,5.79,0.07,0.03,-0.04,
12:38:29:258,0.70,0.49,5.79,0.06,-0.02,-0.04,
12:38:29:259,1.60,0.15,5.75,0.06,-0.02,-0.04,
12:38:29:261,1.60,0.15,5.75,0.07,-0.04,-0.05,
12:38:29:261,1.60,0.15,5.75,0.07,-0.04,-0.05,
12:38:29:263,1.60,0.15,5.75,0.08,-0.01,-0.07,
12:38:29:264,1.28,0.33,5.07,0.08,-0.01,-0.07,
12:38:29:266,1.28,0.33,5.07,0.08,0.05,-0.08,
12:38:29:267,1.28,0.33,5.07,0.08,0.05,-0.08,
12:38:29:268,1.28,0.33,5.07,0.09,0.09,-0.08,
12:38:29:269,1.04,0.51,5.08,0.09,0.09,-0.08,
12:38:29:271,1.04,0.51,5.08,0.10,0.11,-0.08,
12:38:29:272,1.04,0.50,5.08,0.10,0.11,-0.08,
12:38:29:273,1.04,0.50,5.08,0.11,0.07,-0.08,
12:38:29:274,0.81,-0.29,4.81,0.11,0.07,-0.08,
12:38:29:276,0.81,-0.29,4.81,0.11,-0.01,-0.07,
12:38:29:276,0.81,-0.29,4.81,0.11,-0.01,-0.07,
12:38:29:278,0.81,-0.29,4.81,0.11,-0.03,-0.06,
12:38:29:279,0.73,0.41,4.83,0.11,-0.03,-0.06,
12:38:29:282,0.73,0.41,4.83,0.10,0.05,-0.06,
12:38:29:282,0.73,0.41,4.83,0.10,0.05,-0.06,
12:38:29:283,0.73,0.41,4.83,0.09,0.15,-0.07,
12:38:29:284,-0.19,0.23,4.66,0.09,0.15,-0.07,
12:38:29:286,-0.19,0.23,4.66,0.08,0.18,-0.07,
12:38:29:286,-0.19,0.23,4.66,0.08,0.18,-0.07,
12:38:29:288,-0.19,0.23,4.66,0.07,0.08,-0.06,
12:38:29:289,1.28,0.79,6.54,0.07,0.08,-0.06,
12:38:29:291,1.28,0.79,6.54,0.06,-0.07,-0.04,
12:38:29:292,1.28,0.79,6.54,0.06,-0.07,-0.04,
12:38:29:294,1.28,0.79,6.54,0.06,-0.13,-0.03,
12:38:29:294,1.24,1.13,5.96,0.06,-0.13,-0.03,
12:38:29:296,1.24,1.13,5.96,0.06,-0.05,-0.02,
12:38:29:302,1.24,1.13,5.96,0.06,-0.05,-0.02,
12:38:29:302,1.24,1.13,5.96,0.06,0.10,-0.03,
12:38:29:303,0.16,0.62,5.36,0.06,0.10,-0.03,
12:38:29:304,0.16,0.62,5.36,0.06,0.19,-0.04,
12:38:29:305,0.16,0.62,5.36,0.06,0.19,-0.04,
12:38:29:305,0.16,0.62,5.36,0.07,0.19,-0.06,
12:38:29:305,-0.09,0.66,6.96,0.07,0.19,-0.06,
12:38:29:306,-0.09,0.66,6.96,0.09,0.12,-0.06,
12:38:29:306,-0.08,0.66,6.96,0.09,0.12,-0.06,
12:38:29:308,-0.08,0.66,6.96,0.11,0.04,-0.06,
12:38:29:309,-0.29,1.24,7.32,0.11,0.04,-0.06,
12:38:29:311,-0.29,1.24,7.32,0.12,-0.04,-0.04,
12:38:29:311,-0.29,1.24,7.32,0.12,-0.04,-0.04,
12:38:29:313,-0.29,1.24,7.32,0.14,-0.06,-0.00,
12:38:29:314,0.10,3.29,7.28,0.14,-0.06,-0.00,
12:38:29:316,0.10,3.29,7.28,0.15,-0.02,0.02,
12:38:29:317,0.10,3.29,7.29,0.15,-0.02,0.02,
12:38:29:318,0.10,3.29,7.29,0.16,0.03,0.03,
12:38:29:319,0.22,2.09,6.53,0.16,0.03,0.03,
12:38:29:321,0.22,2.09,6.53,0.15,0.00,0.04,
12:38:29:321,0.22,2.09,6.53,0.15,0.00,0.04,
12:38:29:323,0.22,2.09,6.53,0.14,-0.08,0.03,
12:38:29:324,1.17,1.67,6.40,0.14,-0.08,0.03,
12:38:29:326,1.17,1.67,6.40,0.13,-0.04,0.01,
12:38:29:326,1.17,1.67,6.40,0.13,-0.04,0.01,
12:38:29:328,1.17,1.67,6.40,0.11,0.11,-0.01,
12:38:29:329,-0.60,0.73,6.68,0.11,0.11,-0.01,
12:38:29:336,-0.60,0.73,6.68,0.09,0.25,-0.02,
12:38:29:336,-0.60,0.73,6.68,0.09,0.25,-0.02,
12:38:29:336,-0.60,0.73,6.68,0.10,0.23,-0.01,
12:38:29:337,-0.46,1.94,8.22,0.10,0.23,-0.01,
12:38:29:337,-0.46,1.94,8.22,0.14,-0.01,0.00,
12:38:29:337,-0.46,1.94,8.22,0.14,-0.01,0.00,
12:38:29:338,-0.46,1.94,8.22,0.17,-0.27,0.03,
12:38:29:339,0.39,0.70,7.08,0.17,-0.27,0.03,
12:38:29:341,0.39,0.70,7.08,0.19,-0.38,0.06,
12:38:29:341,0.39,0.70,7.09,0.19,-0.38,0.06,
12:38:29:343,0.39,0.70,7.09,0.21,-0.36,0.09,
12:38:29:344,0.29,-0.56,3.39,0.21,-0.36,0.09,
12:38:29:346,0.29,-0.56,3.39,0.25,-0.29,0.10,
12:38:29:347,0.29,-0.56,3.39,0.25,-0.29,0.10,
12:38:29:349,0.29,-0.56,3.39,0.26,-0.14,0.09,
12:38:29:349,-0.16,-1.80,1.29,0.26,-0.14,0.09,
12:38:29:351,-0.16,-1.80,1.29,0.22,0.12,0.07,
12:38:29:351,-0.16,-1.80,1.29,0.22,0.12,0.07,
12:38:29:353,-0.16,-1.80,1.29,0.15,0.36,0.04,
12:38:29:354,1.99,-1.84,5.94,0.15,0.36,0.04,
12:38:29:356,1.99,-1.84,5.94,0.09,0.38,0.00,
12:38:29:356,1.99,-1.84,5.94,0.09,0.38,0.00,
12:38:29:359,1.99,-1.84,5.94,0.08,0.20,-0.02,
12:38:29:359,0.75,0.16,7.34,0.08,0.20,-0.02,
12:38:29:361,0.75,0.16,7.34,0.09,-0.04,-0.02,
12:38:29:361,0.75,0.16,7.34,0.09,-0.04,-0.02,
12:38:29:363,0.75,0.16,7.34,0.13,-0.24,0.01,
12:38:29:364,-0.95,-0.71,3.92,0.13,-0.24,0.01,
12:38:29:366,-0.95,-0.71,3.92,0.17,-0.30,0.06,
12:38:29:367,-0.95,-0.71,3.93,0.17,-0.30,0.06,
12:38:29:368,-0.95,-0.71,3.93,0.19,-0.07,0.10,
12:38:29:369,-2.20,3.14,5.16,0.19,-0.07,0.10,
12:38:29:371,-2.20,3.14,5.16,0.18,0.32,0.12,
12:38:29:371,-2.20,3.14,5.16,0.18,0.32,0.12,
12:38:29:373,-2.20,3.14,5.16,0.16,0.51,0.11,
12:38:29:374,0.43,4.77,9.37,0.16,0.51,0.11,
12:38:29:376,0.43,4.77,9.37,0.16,0.29,0.10,
12:38:29:376,0.43,4.77,9.38,0.16,0.29,0.10,
12:38:29:379,0.43,4.77,9.38,0.19,-0.21,0.09,
12:38:29:379,1.65,2.93,7.52,0.19,-0.21,0.09,
12:38:29:381,1.65,2.93,7.52,0.23,-0.59,0.09,
12:38:29:382,1.65,2.93,7.52,0.23,-0.59,0.09,
12:38:29:383,1.65,2.93,7.52,0.26,-0.68,0.07,
12:38:29:384,-0.51,-2.45,1.57,0.26,-0.68,0.07,
12:38:29:386,-0.51,-2.45,1.57,0.25,-0.49,0.07,
12:38:29:386,-0.51,-2.45,1.58,0.25,-0.49,0.07,
12:38:29:388,-0.51,-2.45,1.58,0.20,-0.13,0.08,
12:38:29:389,-0.43,-1.38,1.95,0.20,-0.13,0.08,
12:38:29:391,-0.43,-1.38,1.95,0.18,0.17,0.08,
12:38:29:391,-0.44,-1.38,1.96,0.18,0.17,0.08,
12:38:29:393,-0.44,-1.38,1.96,0.17,0.35,0.07,
12:38:29:394,1.32,2.08,4.11,0.17,0.35,0.07,
12:38:29:396,1.32,2.08,4.11,0.15,0.39,0.05,
12:38:29:396,1.32,2.08,4.12,0.15,0.39,0.05,
12:38:29:399,1.32,2.08,4.12,0.13,0.22,0.04,
12:38:29:399,-0.54,-1.20,4.35,0.13,0.22,0.04,
12:38:29:401,-0.54,-1.20,4.35,0.12,-0.07,0.05,
12:38:29:402,-0.55,-1.20,4.36,0.12,-0.07,0.05,
12:38:29:403,-0.55,-1.20,4.36,0.09,-0.29,0.07,
12:38:29:404,0.55,-2.01,4.94,0.09,-0.29,0.07,
12:38:29:406,0.55,-2.01,4.94,0.07,-0.38,0.09,
12:38:29:406,0.55,-2.01,4.94,0.07,-0.38,0.09,
12:38:29:408,0.55,-2.01,4.94,0.08,-0.42,0.10,
12:38:29:409,-0.37,-4.46,0.76,0.08,-0.42,0.10,
12:38:29:411,-0.37,-4.46,0.76,0.09,-0.37,0.11,
12:38:29:411,-0.37,-4.46,0.77,0.09,-0.37,0.11,
12:38:29:413,-0.37,-4.46,0.77,0.08,-0.10,0.12,
12:38:29:414,0.73,1.33,3.76,0.08,-0.10,0.12,
12:38:29:421,0.73,1.33,3.76,0.07,0.31,0.10,
12:38:29:421,0.73,1.33,3.77,0.07,0.31,0.10,
12:38:29:422,0.73,1.33,3.77,0.06,0.46,0.08,
12:38:29:422,1.51,0.58,4.01,0.06,0.46,0.08,
12:38:29:423,1.51,0.58,4.01,0.06,0.20,0.06,
12:38:29:426,1.50,0.58,4.01,0.06,0.20,0.06,
12:38:29:426,1.50,0.58,4.01,0.06,-0.21,0.04,
12:38:29:427,2.66,-3.47,4.93,0.06,-0.21,0.04,
12:38:29:429,2.66,-3.47,4.93,0.08,-0.53,0.03,
12:38:29:429,2.66,-3.47,4.93,0.08,-0.53,0.03,
12:38:29:430,2.66,-3.47,4.93,0.12,-0.54,0.04,
12:38:29:430,-1.04,-0.27,-0.29,0.12,-0.54,0.04,
12:38:29:431,-1.04,-0.27,-0.29,0.13,-0.12,0.07,
12:38:29:431,-1.04,-0.27,-0.28,0.13,-0.12,0.07,
12:38:29:433,-1.04,-0.27,-0.28,0.14,0.57,0.11,
12:38:29:435,-4.46,4.50,2.19,0.14,0.57,0.11,
12:38:29:436,-4.46,4.50,2.19,0.15,0.85,0.14,
12:38:29:437,-4.46,4.50,2.19,0.15,0.85,0.14,
12:38:29:438,-4.46,4.50,2.19,0.16,0.52,0.15,
12:38:29:439,1.22,2.32,5.48,0.16,0.52,0.15,
12:38:29:440,1.22,2.32,5.48,0.14,-0.15,0.14,
12:38:29:441,1.22,2.31,5.48,0.14,-0.15,0.14,
12:38:29:443,1.22,2.31,5.48,0.09,-0.72,0.09,
12:38:29:444,3.73,-4.47,3.89,0.09,-0.72,0.09,
12:38:29:446,3.73,-4.47,3.89,0.03,-0.91,0.06,
12:38:29:447,3.73,-4.47,3.89,0.03,-0.91,0.06,
12:38:29:448,3.73,-4.47,3.89,-0.00,-0.64,0.07,
12:38:29:449,-3.20,-2.24,-0.62,-0.00,-0.64,0.07,
12:38:29:451,-3.20,-2.24,-0.62,-0.01,-0.11,0.11,
12:38:29:452,-3.20,-2.24,-0.62,-0.01,-0.11,0.11,
12:38:29:453,-3.20,-2.24,-0.62,0.01,0.25,0.15,
12:38:29:454,-2.05,2.67,0.02,0.01,0.25,0.15,
12:38:29:456,-2.05,2.67,0.02,0.01,0.27,0.17,
12:38:29:456,-2.05,2.67,0.02,0.01,0.27,0.17,
12:38:29:458,-2.05,2.67,0.02,-0.04,0.17,0.16,
12:38:29:459,1.94,-4.21,4.11,-0.04,0.17,0.16,
12:38:29:461,1.94,-4.21,4.11,-0.13,0.08,0.12,
12:38:29:462,1.94,-4.21,4.10,-0.13,0.08,0.12,
12:38:29:463,1.94,-4.21,4.10,-0.20,-0.02,0.10,
12:38:29:464,0.18,-5.10,4.34,-0.20,-0.02,0.10,
12:38:29:466,0.18,-5.10,4.34,-0.22,-0.24,0.09,
12:38:29:467,0.17,-5.10,4.34,-0.22,-0.24,0.09,
12:38:29:469,0.17,-5.10,4.34,-0.16,-0.49,0.08,
12:38:29:469,1.93,-3.26,0.45,-0.16,-0.49,0.08,
12:38:29:471,1.93,-3.26,0.45,-0.12,-0.64,0.05,
12:38:29:471,1.92,-3.26,0.45,-0.12,-0.64,0.05,
12:38:29:473,1.92,-3.26,0.45,-0.10,-0.56,0.05,
12:38:29:474,1.61,-4.82,2.17,-0.10,-0.56,0.05,
12:38:29:476,1.61,-4.82,2.17,-0.12,-0.04,0.06,
12:38:29:476,1.61,-4.82,2.17,-0.12,-0.04,0.06,
12:38:29:478,1.61,-4.82,2.17,-0.11,0.46,0.10,
12:38:29:479,-1.87,-0.08,1.64,-0.11,0.46,0.10,
12:38:29:482,-1.87,-0.08,1.64,-0.05,0.49,0.14,
12:38:29:483,-1.87,-0.08,1.64,-0.05,0.49,0.14,
12:38:29:484,-1.87,-0.08,1.64,-0.00,0.24,0.16,
12:38:29:485,2.21,-1.66,4.55,-0.00,0.24,0.16,
12:38:29:486,2.21,-1.66,4.55,-0.01,-0.10,0.15,
12:38:29:487,2.21,-1.66,4.55,-0.01,-0.10,0.15,
12:38:29:488,2.21,-1.66,4.55,-0.02,-0.36,0.12,
12:38:29:489,2.86,-2.02,3.77,-0.02,-0.36,0.12,
12:38:29:491,2.86,-2.02,3.77,-0.02,-0.44,0.10,
12:38:29:491,2.86,-2.02,3.77,-0.02,-0.44,0.10,
12:38:29:493,2.86,-2.02,3.77,-0.00,-0.42,0.08,
12:38:29:494,0.96,-1.97,0.33,-0.00,-0.42,0.08,
12:38:29:496,0.96,-1.97,0.33,0.02,-0.35,0.08,
12:38:29:496,0.95,-1.97,0.33,0.02,-0.35,0.08,
12:38:29:499,0.95,-1.97,0.33,0.03,-0.23,0.07,
12:38:29:500,0.58,-3.96,-1.96,0.03,-0.23,0.07,
12:38:29:501,0.58,-3.96,-1.96,-0.00,0.00,0.06,
12:38:29:502,0.58,-3.96,-1.96,-0.00,0.00,0.06,
12:38:29:503,0.58,-3.96,-1.96,-0.06,0.33,0.06,
12:38:29:504,0.28,-2.48,1.58,-0.06,0.33,0.06,
12:38:29:507,0.28,-2.48,1.58,-0.12,0.48,0.05,
12:38:29:508,0.28,-2.48,1.58,-0.12,0.48,0.05,
12:38:29:508,0.28,-2.48,1.58,-0.14,0.34,0.05,
12:38:29:509,1.07,-2.00,2.76,-0.14,0.34,0.05,
12:38:29:511,1.07,-2.00,2.76,-0.15,0.02,0.06,
12:38:29:511,1.07,-2.00,2.76,-0.15,0.02,0.06,
12:38:29:513,1.07,-2.00,2.76,-0.15,-0.30,0.06,
12:38:29:514,2.55,-3.74,1.31,-0.15,-0.30,0.06,
12:38:29:516,2.55,-3.74,1.31,-0.16,-0.50,0.05,
12:38:29:517,2.55,-3.74,1.30,-0.16,-0.50,0.05,
12:38:29:518,2.55,-3.74,1.30,-0.19,-0.51,0.05,
12:38:29:519,0.97,-7.08,0.79,-0.19,-0.51,0.05,
12:38:29:521,0.97,-7.08,0.79,-0.22,-0.34,0.07,
12:38:29:521,0.96,-7.08,0.79,-0.22,-0.34,0.07,
12:38:29:523,0.96,-7.08,0.79,-0.23,-0.12,0.09,
12:38:29:524,-0.67,-5.95,-0.82,-0.23,-0.12,0.09,
12:38:29:526,-0.67,-5.95,-0.82,-0.22,0.05,0.10,
12:38:29:526,-0.67,-5.95,-0.83,-0.22,0.05,0.10,
12:38:29:529,-0.67,-5.95,-0.83,-0.22,0.14,0.09,
12:38:29:530,3.04,-2.08,2.48,-0.22,0.14,0.09,
12:38:29:537,3.04,-2.08,2.48,-0.21,0.15,0.07,
12:38:29:537,3.04,-2.08,2.47,-0.21,0.15,0.07,
12:38:29:538,3.04,-2.08,2.47,-0.21,0.09,0.05,
12:38:29:538,1.87,-4.55,2.25,-0.21,0.09,0.05,
12:38:29:538,1.87,-4.55,2.25,-0.20,0.01,0.03,
12:38:29:539,1.87,-4.55,2.24,-0.20,0.01,0.03,
12:38:29:539,1.87,-4.55,2.24,-0.19,-0.06,0.03,
12:38:29:539,-0.31,-7.26,0.89,-0.19,-0.06,0.03,
12:38:29:541,-0.31,-7.26,0.89,-0.18,-0.09,0.05,
12:38:29:542,-0.31,-7.26,0.88,-0.18,-0.09,0.05,
12:38:29:543,-0.31,-7.26,0.88,-0.17,-0.12,0.06,
12:38:29:544,0.64,-6.15,1.40,-0.17,-0.12,0.06,
12:38:29:546,0.64,-6.15,1.40,-0.14,-0.17,0.07,
12:38:29:550,0.64,-6.14,1.39,-0.14,-0.17,0.07,
12:38:29:550,0.64,-6.14,1.39,-0.11,-0.19,0.07,
12:38:29:551,1.75,-2.34,0.02,-0.11,-0.19,0.07,
12:38:29:551,1.75,-2.34,0.02,-0.08,-0.12,0.05,
12:38:29:551,1.75,-2.34,0.01,-0.08,-0.12,0.05,
12:38:29:553,1.75,-2.34,0.01,-0.08,0.05,0.03,
12:38:29:554,1.04,-2.79,0.57,-0.08,0.05,0.03,
12:38:29:556,1.04,-2.79,0.57,-0.10,0.14,0.03,
12:38:29:556,1.04,-2.79,0.57,-0.10,0.14,0.03,
12:38:29:558,1.04,-2.79,0.57,-0.14,0.10,0.04,
12:38:29:559,0.58,-8.20,0.27,-0.14,0.10,0.04,
12:38:29:561,0.58,-8.20,0.27,-0.17,-0.06,0.04,
12:38:29:561,0.57,-8.20,0.26,-0.17,-0.06,0.04,
12:38:29:564,0.57,-8.20,0.26,-0.18,-0.24,0.02,
12:38:29:565,2.86,-6.74,-0.98,-0.18,-0.24,0.02,
12:38:29:566,2.86,-6.74,-0.98,-0.21,-0.31,-0.01,
12:38:29:566,2.86,-6.74,-0.99,-0.21,-0.31,-0.01,
12:38:29:568,2.86,-6.74,-0.99,-0.25,-0.10,-0.02,
12:38:29:569,2.49,-0.76,2.72,-0.25,-0.10,-0.02,
12:38:29:571,2.49,-0.76,2.72,-0.28,0.20,-0.02,
12:38:29:571,2.49,-0.76,2.72,-0.28,0.20,-0.02,
12:38:29:573,2.49,-0.76,2.72,-0.28,0.29,0.02,
12:38:29:574,-0.86,-5.77,0.22,-0.28,0.29,0.02,
12:38:29:576,-0.86,-5.77,0.22,-0.28,0.22,0.05,
12:38:29:576,-0.86,-5.77,0.21,-0.28,0.22,0.05,
12:38:29:578,-0.86,-5.77,0.21,-0.29,0.07,0.07,
12:38:29:579,1.32,-6.69,2.56,-0.29,0.07,0.07,
12:38:29:582,1.32,-6.69,2.56,-0.31,-0.11,0.06,
12:38:29:583,1.32,-6.69,2.55,-0.31,-0.11,0.06,
12:38:29:584,1.32,-6.69,2.55,-0.30,-0.26,0.04,
12:38:29:585,3.43,-3.76,3.23,-0.30,-0.26,0.04,
12:38:29:586,3.43,-3.76,3.23,-0.28,-0.33,0.02,
12:38:29:587,3.43,-3.76,3.22,-0.28,-0.33,0.02,
12:38:29:588,3.43,-3.76,3.22,-0.23,-0.33,0.01,
12:38:29:589,1.21,-6.61,-1.23,-0.23,-0.33,0.01,
12:38:29:591,1.21,-6.61,-1.23,-0.18,-0.30,-0.01,
12:38:29:592,1.20,-6.61,-1.23,-0.18,-0.30,-0.01,
12:38:29:594,1.20,-6.61,-1.23,-0.17,-0.18,-0.02,
12:38:29:594,3.16,-3.01,0.86,-0.17,-0.18,-0.02,
12:38:29:596,3.16,-3.01,0.86,-0.18,0.09,-0.03,
12:38:29:597,3.17,-3.01,0.86,-0.18,0.09,-0.03,
12:38:29:598,3.17,-3.01,0.86,-0.20,0.30,-0.03,
12:38:29:599,1.60,-5.77,0.51,-0.20,0.30,-0.03,
12:38:29:601,1.60,-5.77,0.51,-0.20,0.29,-0.03,
12:38:29:601,1.60,-5.77,0.51,-0.20,0.29,-0.03,
12:38:29:603,1.60,-5.77,0.51,-0.20,0.17,-0.02,
12:38:29:604,0.58,-9.80,-0.50,-0.20,0.17,-0.02,
12:38:29:606,0.58,-9.80,-0.50,-0.20,0.02,-0.02,
12:38:29:607,0.58,-9.80,-0.51,-0.20,0.02,-0.02,
12:38:29:608,0.58,-9.80,-0.51,-0.20,-0.13,-0.02,
12:38:29:609,1.74,-7.55,-1.00,-0.20,-0.13,-0.02,
12:38:29:611,1.74,-7.55,-1.00,-0.21,-0.21,-0.03,
12:38:29:611,1.74,-7.55,-1.01,-0.21,-0.21,-0.03,
12:38:29:613,1.74,-7.55,-1.01,-0.22,-0.14,-0.03,
12:38:29:614,2.71,-2.21,2.16,-0.22,-0.14,-0.03,
12:38:29:621,2.71,-2.21,2.16,-0.20,-0.05,-0.03,
12:38:29:622,2.71,-2.21,2.15,-0.20,-0.05,-0.03,
12:38:29:622,2.71,-2.21,2.15,-0.17,-0.04,-0.03,
12:38:29:623,0.97,-5.72,-1.76,-0.17,-0.04,-0.03,
12:38:29:623,0.97,-5.72,-1.76,-0.18,0.01,-0.02,
12:38:29:623,0.97,-5.72,-1.76,-0.18,0.01,-0.02,
12:38:29:624,0.97,-5.72,-1.76,-0.23,0.13,-0.01,
12:38:29:624,0.78,-8.40,0.66,-0.23,0.13,-0.01,
12:38:29:626,0.78,-8.40,0.66,-0.28,0.18,-0.01,
12:38:29:627,0.78,-8.40,0.65,-0.28,0.18,-0.01,
12:38:29:628,0.78,-8.40,0.65,-0.29,0.11,-0.01,
12:38:29:629,1.01,-7.43,-0.58,-0.29,0.11,-0.01,
12:38:29:631,1.01,-7.43,-0.58,-0.29,0.03,-0.03,
12:38:29:631,1.01,-7.43,-0.59,-0.29,0.03,-0.03,
12:38:29:633,1.01,-7.43,-0.59,-0.30,0.01,-0.05,
12:38:29:634,3.45,-2.30,3.13,-0.30,0.01,-0.05,
12:38:29:636,3.45,-2.30,3.13,-0.29,0.05,-0.07,
12:38:29:636,3.45,-2.30,3.13,-0.29,0.05,-0.07,
12:38:29:638,3.45,-2.30,3.13,-0.26,0.05,-0.08,
12:38:29:639,1.47,-4.06,0.71,-0.26,0.05,-0.08,
12:38:29:641,1.47,-4.06,0.71,-0.24,-0.01,-0.09,
12:38:29:641,1.47,-4.06,0.71,-0.24,-0.01,-0.09,
12:38:29:643,1.47,-4.06,0.71,-0.25,-0.04,-0.08,
12:38:29:644,0.86,-9.06,0.86,-0.25,-0.04,-0.08,
12:38:29:646,0.86,-9.06,0.86,-0.28,-0.03,-0.07,
12:38:29:647,0.86,-9.06,0.86,-0.28,-0.03,-0.07,
12:38:29:649,0.86,-9.06,0.86,-0.30,0.02,-0.06,
12:38:29:650,1.75,-6.43,2.21,-0.30,0.02,-0.06,
12:38:29:652,1.75,-6.43,2.21,-0.29,0.08,-0.06,
12:38:29:652,1.75,-6.43,2.20,-0.29,0.08,-0.06,
12:38:29:653,1.75,-6.43,2.20,-0.26,0.13,-0.06,
12:38:29:654,1.00,-2.72,1.98,-0.26,0.13,-0.06,
12:38:29:656,1.00,-2.72,1.98,-0.23,0.16,-0.06,
12:38:29:656,1.00,-2.72,1.97,-0.23,0.16,-0.06,
12:38:29:658,1.00,-2.72,1.97,-0.21,0.07,-0.05,
12:38:29:659,2.19,-5.08,2.87,-0.21,0.07,-0.05,
12:38:29:661,2.19,-5.08,2.87,-0.19,-0.08,-0.06,
12:38:29:661,2.19,-5.07,2.86,-0.19,-0.08,-0.06,
12:38:29:664,2.19,-5.07,2.86,-0.18,-0.20,-0.06,
12:38:29:665,2.68,-6.63,1.92,-0.18,-0.20,-0.06,
12:38:29:666,2.68,-6.63,1.92,-0.18,-0.20,-0.07,
12:38:29:667,2.68,-6.62,1.91,-0.18,-0.20,-0.07,
12:38:29:669,2.68,-6.62,1.91,-0.18,-0.09,-0.09,
12:38:29:669,1.29,-6.46,0.33,-0.18,-0.09,-0.09,
12:38:29:671,1.29,-6.46,0.33,-0.18,0.07,-0.09,
12:38:29:678,1.30,-6.46,0.33,-0.18,0.07,-0.09,
12:38:29:678,1.30,-6.46,0.33,-0.18,0.24,-0.09,
12:38:29:679,1.30,-5.38,2.09,-0.18,0.24,-0.09,
12:38:29:679,1.30,-5.38,2.09,-0.20,0.34,-0.10,
12:38:29:680,1.30,-5.38,2.09,-0.20,0.34,-0.10,
12:38:29:681,1.30,-5.38,2.09,-0.19,0.26,-0.09,
12:38:29:681,0.80,-6.42,2.10,-0.19,0.26,-0.09,
12:38:29:682,0.80,-6.42,2.10,-0.17,0.09,-0.08,
12:38:29:682,0.81,-6.41,2.09,-0.17,0.09,-0.08,
12:38:29:684,0.81,-6.41,2.09,-0.15,-0.05,-0.07,
12:38:29:685,1.67,-3.54,3.07,-0.15,-0.05,-0.07,
12:38:29:686,1.67,-3.54,3.07,-0.13,-0.11,-0.06,
12:38:29:686,1.67,-3.54,3.07,-0.13,-0.11,-0.06,
12:38:29:688,1.67,-3.54,3.07,-0.12,-0.04,-0.05,
12:38:29:689,1.41,-1.89,3.02,-0.12,-0.04,-0.05,
12:38:29:691,1.41,-1.89,3.02,-0.12,0.06,-0.05,
12:38:29:691,1.41,-1.89,3.02,-0.12,0.06,-0.05,
12:38:29:693,1.41,-1.89,3.02,-0.11,0.04,-0.04,
12:38:29:694,0.62,-5.46,1.11,-0.11,0.04,-0.04,
12:38:29:696,0.62,-5.46,1.11,-0.10,-0.06,-0.04,
12:38:29:696,0.62,-5.46,1.11,-0.10,-0.06,-0.04,
12:38:29:698,0.62,-5.46,1.11,-0.09,-0.15,-0.05,
12:38:29:699,1.54,-6.23,0.75,-0.09,-0.15,-0.05,
12:38:29:701,1.54,-6.23,0.75,-0.10,-0.12,-0.06,
12:38:29:702,1.54,-6.23,0.75,-0.10,-0.12,-0.06,
12:38:29:703,1.54,-6.23,0.75,-0.12,0.07,-0.08,
12:38:29:704,1.80,-3.17,2.34,-0.12,0.07,-0.08,
12:38:29:706,1.80,-3.17,2.34,-0.13,0.22,-0.09,
12:38:29:706,1.80,-3.17,2.34,-0.13,0.22,-0.09,
12:38:29:708,1.80,-3.17,2.34,-0.11,0.16,-0.09,
12:38:29:709,1.16,-5.02,1.16,-0.11,0.16,-0.09,
12:38:29:711,1.16,-5.02,1.16,-0.10,0.01,-0.09,
12:38:29:711,1.17,-5.02,1.16,-0.10,0.01,-0.09,
12:38:29:719,1.17,-5.02,1.16,-0.11,-0.09,-0.09,
12:38:29:720,2.27,-5.83,2.70,-0.11,-0.09,-0.09,
12:38:29:720,2.27,-5.83,2.70,-0.15,-0.06,-0.08,
12:38:29:721,2.27,-5.83,2.70,-0.15,-0.06,-0.08,
12:38:29:721,2.27,-5.83,2.70,-0.18,0.08,-0.08,
12:38:29:721,0.69,-5.99,2.91,-0.18,0.08,-0.08,
12:38:29:722,0.69,-5.99,2.91,-0.18,0.11,-0.07,
12:38:29:722,0.70,-5.99,2.90,-0.18,0.11,-0.07,
12:38:29:723,0.70,-5.99,2.90,-0.15,0.01,-0.06,
12:38:29:724,1.30,-6.46,2.23,-0.15,0.01,-0.06,
12:38:29:726,1.30,-6.46,2.23,-0.12,-0.11,-0.06,
12:38:29:726,1.30,-6.45,2.23,-0.12,-0.11,-0.06,
12:38:29:728,1.30,-6.45,2.23,-0.09,-0.13,-0.06,
12:38:29:729,2.73,-3.23,3.66,-0.09,-0.13,-0.06,
12:38:29:731,2.73,-3.23,3.66,-0.07,0.00,-0.07,
12:38:29:732,2.73,-3.23,3.66,-0.07,0.00,-0.07,
12:38:29:735,2.73,-3.23,3.66,-0.03,0.19,-0.07,
12:38:29:736,0.42,-2.76,2.63,-0.03,0.19,-0.07,
12:38:29:736,0.42,-2.76,2.63,0.01,0.23,-0.07,
12:38:29:736,0.42,-2.76,2.63,0.01,0.23,-0.07,
12:38:29:738,0.42,-2.76,2.63,0.04,0.15,-0.06,
12:38:29:739,1.78,-2.07,4.28,0.04,0.15,-0.06,
12:38:29:741,1.78,-2.07,4.28,0.04,0.04,-0.05,
12:38:29:741,1.79,-2.07,4.29,0.04,0.04,-0.05,
12:38:29:743,1.79,-2.07,4.29,0.02,-0.01,-0.05,
12:38:29:744,1.05,-3.88,3.89,0.02,-0.01,-0.05,
12:38:29:746,1.05,-3.88,3.89,0.02,-0.02,-0.05,
12:38:29:747,1.05,-3.88,3.89,0.02,-0.02,-0.05,
12:38:29:749,1.05,-3.88,3.89,0.04,-0.05,-0.04,
12:38:29:750,-0.08,-3.12,1.62,0.04,-0.05,-0.04,
12:38:29:752,-0.08,-3.12,1.62,0.04,-0.08,-0.04,
12:38:29:753,-0.08,-3.12,1.62,0.04,-0.08,-0.04,
12:38:29:754,-0.08,-3.12,1.62,0.02,-0.06,-0.03,
12:38:29:754,2.70,-1.21,3.88,0.02,-0.06,-0.03,
12:38:29:756,2.70,-1.21,3.88,0.01,-0.00,-0.04,
12:38:29:756,2.70,-1.21,3.88,0.01,-0.00,-0.04,
12:38:29:758,2.70,-1.21,3.88,-0.01,0.07,-0.06,
12:38:29:759,0.89,-2.98,2.22,-0.01,0.07,-0.06,
12:38:29:761,0.89,-2.98,2.22,-0.03,0.12,-0.07,
12:38:29:761,0.90,-2.98,2.22,-0.03,0.12,-0.07,
12:38:29:770,0.90,-2.98,2.22,-0.05,0.12,-0.07,
12:38:29:771,1.66,-2.75,4.76,-0.05,0.12,-0.07,
12:38:29:772,1.66,-2.75,4.76,-0.06,0.06,-0.07,
12:38:29:773,1.66,-2.75,4.76,-0.06,0.06,-0.07,
12:38:29:774,1.66,-2.75,4.76,-0.04,-0.01,-0.07,
12:38:29:775,0.37,-3.32,3.41,-0.04,-0.01,-0.07,
12:38:29:775,0.37,-3.32,3.41,-0.01,-0.12,-0.06,
12:38:29:776,0.37,-3.32,3.41,-0.01,-0.12,-0.06,
12:38:29:777,0.37,-3.32,3.41,0.02,-0.20,-0.03,
12:38:29:778,1.37,-2.54,2.72,0.02,-0.20,-0.03,
12:38:29:779,1.37,-2.54,2.72,0.04,-0.21,-0.01,
12:38:29:780,1.37,-2.54,2.72,0.04,-0.21,-0.01,
12:38:29:780,1.37,-2.54,2.72,0.06,-0.08,-0.01,
12:38:29:781,1.65,-1.52,3.24,0.06,-0.08,-0.01,
12:38:29:782,1.65,-1.52,3.24,0.06,0.13,-0.01,
12:38:29:782,1.65,-1.52,3.24,0.06,0.13,-0.01,
12:38:29:784,1.65,-1.52,3.24,0.08,0.22,-0.01,
12:38:29:784,0.09,-2.98,2.34,0.08,0.22,-0.01,
12:38:29:786,0.09,-2.98,2.34,0.08,0.17,-0.02,
12:38:29:786,0.09,-2.98,2.34,0.08,0.17,-0.02,
12:38:29:789,0.09,-2.98,2.34,0.08,0.04,-0.02,
12:38:29:789,1.34,-1.84,4.12,0.08,0.04,-0.02,
12:38:29:791,1.34,-1.84,4.12,0.07,-0.06,-0.02,
12:38:29:791,1.34,-1.84,4.12,0.07,-0.06,-0.02,
12:38:29:793,1.34,-1.84,4.12,0.06,-0.08,-0.02,
12:38:29:794,0.50,-1.42,3.21,0.06,-0.08,-0.02,
12:38:29:796,0.50,-1.42,3.21,0.06,-0.08,-0.01,
12:38:29:801,0.50,-1.42,3.21,0.06,-0.08,-0.01,
12:38:29:802,0.50,-1.42,3.21,0.05,-0.11,0.01,
12:38:29:802,1.53,-1.80,3.26,0.05,-0.11,0.01,
12:38:29:803,1.53,-1.80,3.26,0.03,-0.14,0.03,
12:38:29:803,1.53,-1.80,3.27,0.03,-0.14,0.03,
12:38:29:804,1.53,-1.80,3.27,0.01,-0.12,0.03,
12:38:29:804,1.68,-3.08,3.05,0.01,-0.12,0.03,
12:38:29:806,1.68,-3.08,3.05,-0.01,-0.01,0.02,
12:38:29:807,1.68,-3.08,3.05,-0.01,-0.01,0.02,
12:38:29:808,1.68,-3.08,3.05,0.00,0.11,0.00,
12:38:29:809,0.47,-1.42,3.03,0.00,0.11,0.00,
12:38:29:811,0.47,-1.42,3.03,0.02,0.17,-0.01,
12:38:29:811,0.47,-1.42,3.03,0.02,0.17,-0.01,
12:38:29:818,0.47,-1.42,3.03,0.05,0.16,-0.01,
12:38:29:819,1.31,2.17,5.28,0.05,0.16,-0.01,
12:38:29:819,1.31,2.17,5.28,0.07,0.09,-0.01,
12:38:29:819,1.32,2.17,5.29,0.07,0.09,-0.01,
12:38:29:819,1.32,2.17,5.29,0.08,-0.01,-0.01,
12:38:29:819,0.81,-1.08,5.29,0.08,-0.01,-0.01,
12:38:29:821,0.81,-1.08,5.29,0.07,-0.09,-0.00,
12:38:29:822,0.81,-1.08,5.29,0.07,-0.09,-0.00,
12:38:29:823,0.81,-1.08,5.29,0.06,-0.14,0.01,
12:38:29:824,0.47,-2.32,4.83,0.06,-0.14,0.01,
12:38:29:826,0.47,-2.32,4.83,0.06,-0.17,0.03,
12:38:29:826,0.47,-2.32,4.83,0.06,-0.17,0.03,
12:38:29:828,0.47,-2.32,4.83,0.06,-0.16,0.04,
12:38:29:829,0.85,-1.90,3.90,0.06,-0.16,0.04,
12:38:29:831,0.85,-1.90,3.90,0.08,-0.12,0.04,
12:38:29:831,0.85,-1.90,3.90,0.08,-0.12,0.04,
12:38:29:833,0.85,-1.90,3.90,0.11,-0.09,0.04,
12:38:29:834,1.46,-0.45,2.93,0.11,-0.09,0.04,
12:38:29:836,1.46,-0.45,2.93,0.13,-0.02,0.03,
12:38:29:836,1.46,-0.45,2.93,0.13,-0.02,0.03,
12:38:29:838,1.46,-0.45,2.93,0.14,0.08,0.02,
12:38:29:839,2.44,1.37,5.19,0.14,0.08,0.02,
12:38:29:840,2.44,1.37,5.19,0.12,0.18,-0.00,
12:38:29:841,2.44,1.37,5.20,0.12,0.18,-0.00,
12:38:29:843,2.44,1.37,5.20,0.10,0.17,-0.03,
12:38:29:844,0.74,-0.82,4.53,0.10,0.17,-0.03,
12:38:29:846,0.74,-0.82,4.53,0.09,0.04,-0.03,
12:38:29:846,0.74,-0.82,4.53,0.09,0.04,-0.03,
12:38:29:849,0.74,-0.82,4.53,0.08,-0.14,-0.02,
12:38:29:850,0.86,-2.34,4.60,0.08,-0.14,-0.02,
12:38:29:851,0.86,-2.34,4.60,0.06,-0.27,0.01,
12:38:29:851,0.86,-2.34,4.61,0.06,-0.27,0.01,
12:38:29:853,0.86,-2.34,4.61,0.05,-0.29,0.03,
12:38:29:854,1.59,-1.90,3.91,0.05,-0.29,0.03,
12:38:29:856,1.59,-1.90,3.91,0.06,-0.23,0.06,
12:38:29:856,1.59,-1.90,3.91,0.06,-0.23,0.06,
12:38:29:858,1.59,-1.90,3.91,0.09,-0.13,0.06,
12:38:29:859,1.41,-1.17,2.39,0.09,-0.13,0.06,
12:38:29:861,1.41,-1.17,2.39,0.12,-0.00,0.06,
12:38:29:861,1.41,-1.17,2.39,0.12,-0.00,0.06,
12:38:29:864,1.41,-1.17,2.39,0.15,0.12,0.04,
12:38:29:865,2.36,2.41,3.68,0.15,0.12,0.04,
12:38:29:866,2.36,2.41,3.68,0.17,0.20,0.01,
12:38:29:866,2.36,2.41,3.68,0.17,0.20,0.01,
12:38:29:868,2.36,2.41,3.68,0.16,0.21,-0.02,
12:38:29:869,1.64,0.56,4.84,0.16,0.21,-0.02,
12:38:29:871,1.64,0.56,4.84,0.14,0.12,-0.04,
12:38:29:872,1.65,0.56,4.85,0.14,0.12,-0.04,
12:38:29:874,1.65,0.56,4.85,0.12,-0.03,-0.04,
12:38:29:874,0.09,-2.14,3.58,0.12,-0.03,-0.04,
12:38:29:876,0.09,-2.14,3.58,0.11,-0.17,-0.01,
12:38:29:876,0.09,-2.14,3.58,0.11,-0.17,-0.01,
12:38:29:879,0.09,-2.14,3.58,0.09,-0.25,0.02,
12:38:29:880,1.24,-0.25,4.06,0.09,-0.25,0.02,
12:38:29:882,1.24,-0.25,4.06,0.08,-0.19,0.05,
12:38:29:883,1.23,-0.25,4.06,0.08,-0.19,0.05,
12:38:29:884,1.23,-0.25,4.06,0.08,-0.08,0.06,
12:38:29:885,2.12,2.26,3.77,0.08,-0.08,0.06,
12:38:29:886,2.12,2.26,3.77,0.09,0.01,0.05,
12:38:29:886,2.12,2.26,3.77,0.09,0.01,0.05,
12:38:29:888,2.12,2.26,3.77,0.09,0.08,0.03,
12:38:29:889,1.65,-0.44,4.11,0.09,0.08,0.03,
12:38:29:891,1.65,-0.44,4.11,0.08,0.10,0.01,
12:38:29:891,1.65,-0.44,4.11,0.08,0.10,0.01,
12:38:29:894,1.65,-0.44,4.11,0.07,0.10,-0.02,
12:38:29:894,0.75,-0.28,5.29,0.07,0.10,-0.02,
12:38:29:896,0.75,-0.28,5.29,0.07,0.08,-0.03,
12:38:29:897,0.76,-0.28,5.29,0.07,0.08,-0.03,
12:38:29:899,0.76,-0.28,5.29,0.08,0.01,-0.03,
12:38:29:900,1.07,1.13,6.00,0.08,0.01,-0.03,
12:38:29:902,1.07,1.13,6.00,0.09,-0.11,-0.00,
12:38:29:902,1.07,1.13,6.00,0.09,-0.11,-0.00,
12:38:29:903,1.07,1.13,6.00,0.10,-0.23,0.02,
12:38:29:904,1.39,-0.36,4.95,0.10,-0.23,0.02,
12:38:29:906,1.39,-0.36,4.95,0.12,-0.26,0.05,
12:38:29:906,1.39,-0.36,4.96,0.12,-0.26,0.05,
12:38:29:908,1.39,-0.36,4.96,0.13,-0.23,0.06,
12:38:29:909,1.74,-0.37,3.15,0.13,-0.23,0.06,
12:38:29:911,1.74,-0.37,3.15,0.13,-0.09,0.05,
12:38:29:911,1.74,-0.37,3.15,0.13,-0.09,0.05,
12:38:29:915,1.74,-0.37,3.15,0.13,0.11,0.03,
12:38:29:915,2.00,0.96,4.19,0.13,0.11,0.03,
12:38:29:916,2.00,0.96,4.19,0.12,0.23,-0.00,
12:38:29:917,2.00,0.96,4.19,0.12,0.23,-0.00,
12:38:29:918,2.00,0.96,4.19,0.12,0.20,-0.04,
12:38:29:919,1.79,0.01,5.26,0.12,0.20,-0.04,
12:38:29:921,1.79,0.01,5.26,0.12,0.04,-0.05,
12:38:29:928,1.79,0.00,5.26,0.12,0.04,-0.05,
12:38:29:928,1.79,0.00,5.26,0.13,-0.10,-0.04,
12:38:29:929,1.31,1.98,4.99,0.13,-0.10,-0.04,
12:38:29:930,1.31,1.98,4.99,0.13,-0.12,-0.02,
12:38:29:931,1.31,1.98,4.99,0.13,-0.12,-0.02,
12:38:29:932,1.31,1.98,4.99,0.10,-0.09,0.01,
12:38:29:933,2.09,1.00,5.80,0.10,-0.09,0.01,
12:38:29:934,2.09,1.00,5.80,0.06,-0.07,0.04,
12:38:29:935,2.09,1.00,5.80,0.06,-0.07,0.04,
12:38:29:936,2.09,1.00,5.80,0.05,-0.07,0.04,
12:38:29:936,1.63,-0.45,4.43,0.05,-0.07,0.04,
12:38:29:937,1.63,-0.45,4.43,0.06,-0.07,0.03,
12:38:29:937,1.63,-0.45,4.43,0.06,-0.07,0.03,
12:38:29:941,1.63,-0.45,4.43,0.08,-0.01,0.01,
12:38:29:941,1.36,1.28,4.47,0.08,-0.01,0.01,
12:38:29:942,1.36,1.28,4.47,0.10,0.06,0.00,
12:38:29:942,1.36,1.28,4.47,0.10,0.06,0.00,
12:38:29:943,1.36,1.28,4.47,0.13,0.10,-0.01,
12:38:29:944,1.93,4.50,5.59,0.13,0.10,-0.01,
12:38:29:946,1.93,4.50,5.59,0.17,0.09,-0.02,
12:38:29:947,1.93,4.49,5.60,0.17,0.09,-0.02,
12:38:29:952,1.93,4.49,5.60,0.19,0.06,-0.02,
12:38:29:953,1.80,5.53,5.70,0.19,0.06,-0.02,
12:38:29:953,1.80,5.53,5.70,0.20,0.05,-0.02,
12:38:29:954,1.80,5.53,5.70,0.20,0.05,-0.02,
12:38:29:954,1.80,5.53,5.70,0.17,0.01,-0.02,
12:38:29:954,1.54,2.01,5.69,0.17,0.01,-0.02,
12:38:29:956,1.54,2.01,5.69,0.13,-0.09,-0.02,
12:38:29:956,1.54,2.01,5.70,0.13,-0.09,-0.02,
12:38:29:958,1.54,2.01,5.70,0.09,-0.19,-0.00,
12:38:29:959,1.40,-0.53,4.44,0.09,-0.19,-0.00,
12:38:29:961,1.40,-0.53,4.44,0.07,-0.24,0.01,
12:38:29:962,1.40,-0.54,4.45,0.07,-0.24,0.01,
12:38:29:964,1.40,-0.54,4.45,0.07,-0.23,0.02,
12:38:29:965,2.53,1.64,3.53,0.07,-0.23,0.02,
12:38:29:966,2.53,1.64,3.53,0.06,-0.12,0.02,
12:38:29:967,2.53,1.64,3.54,0.06,-0.12,0.02,
12:38:29:968,2.53,1.64,3.54,0.06,0.04,0.01,
12:38:29:969,3.59,2.73,4.91,0.06,0.04,0.01,
12:38:29:971,3.59,2.73,4.91,0.07,0.17,-0.02,
12:38:29:972,3.59,2.73,4.91,0.07,0.17,-0.02,
12:38:29:974,3.59,2.73,4.91,0.07,0.18,-0.06,
12:38:29:975,2.71,0.42,5.19,0.07,0.18,-0.06,
12:38:29:976,2.71,0.42,5.19,0.09,0.03,-0.08,
12:38:29:976,2.71,0.42,5.19,0.09,0.03,-0.08,
12:38:29:979,2.71,0.42,5.19,0.10,-0.16,-0.09,
12:38:29:979,1.99,-2.05,3.48,0.10,-0.16,-0.09,
12:38:29:981,1.99,-2.05,3.48,0.11,-0.26,-0.09,
12:38:29:982,1.99,-2.05,3.48,0.11,-0.26,-0.09,
12:38:29:984,1.99,-2.05,3.48,0.09,-0.24,-0.07,
12:38:29:984,0.86,-5.09,2.06,0.09,-0.24,-0.07,
12:38:29:986,0.86,-5.09,2.06,0.08,-0.13,-0.05,
12:38:29:986,0.87,-5.09,2.07,0.08,-0.13,-0.05,
12:38:29:988,0.87,-5.09,2.07,0.08,-0.02,-0.04,
12:38:29:989,3.24,0.33,2.74,0.08,-0.02,-0.04,
12:38:29:991,3.24,0.33,2.74,0.10,0.05,-0.04,
12:38:29:992,3.24,0.33,2.74,0.10,0.05,-0.04,
12:38:29:994,3.24,0.33,2.74,0.12,0.09,-0.06,
12:38:29:994,3.57,3.18,2.92,0.12,0.09,-0.06,
12:38:29:996,3.57,3.18,2.92,0.13,0.20,-0.08,
12:38:29:997,3.57,3.18,2.92,0.13,0.20,-0.08,
12:38:29:999,3.57,3.18,2.92,0.12,0.30,-0.09,
12:38:30:000,0.89,1.19,3.32,0.12,0.30,-0.09,
12:38:30:001,0.89,1.19,3.32,0.10,0.33,-0.09,
12:38:30:002,0.89,1.19,3.32,0.10,0.33,-0.09,
12:38:30:003,0.89,1.19,3.32,0.07,0.27,-0.09,
12:38:30:004,0.46,1.72,5.15,0.07,0.27,-0.09,
12:38:30:007,0.46,1.72,5.15,0.04,0.12,-0.08,
12:38:30:007,0.46,1.72,5.15,0.04,0.12,-0.08,
12:38:30:008,0.46,1.72,5.15,0.01,-0.09,-0.07,
12:38:30:009,1.30,-0.15,5.19,0.01,-0.09,-0.07,
12:38:30:011,1.30,-0.15,5.19,-0.02,-0.26,-0.05,
12:38:30:011,1.30,-0.15,5.19,-0.02,-0.26,-0.05,
12:38:30:014,1.30,-0.15,5.19,-0.02,-0.29,-0.02,
12:38:30:015,2.17,2.18,4.51,-0.02,-0.29,-0.02,
12:38:30:016,2.17,2.18,4.51,-0.02,-0.16,-0.01,
12:38:30:017,2.17,2.18,4.51,-0.02,-0.16,-0.01,
12:38:30:019,2.17,2.18,4.51,-0.02,0.05,-0.02,
12:38:30:019,2.22,1.84,4.54,-0.02,0.05,-0.02,
12:38:30:021,2.22,1.84,4.54,-0.02,0.22,-0.04,
12:38:30:022,2.22,1.84,4.54,-0.02,0.22,-0.04,
12:38:30:024,2.22,1.84,4.54,-0.01,0.27,-0.07,
12:38:30:024,2.10,1.79,6.22,-0.01,0.27,-0.07,
12:38:30:026,2.10,1.79,6.22,0.03,0.20,-0.10,
12:38:30:027,2.11,1.79,6.23,0.03,0.20,-0.10,
12:38:30:029,2.11,1.79,6.23,0.08,0.10,-0.12,
12:38:30:031,0.60,2.70,5.86,0.08,0.10,-0.12,
12:38:30:032,0.60,2.70,5.86,0.11,0.00,-0.11,
12:38:30:034,0.60,2.70,5.86,0.11,0.00,-0.11,
12:38:30:034,0.60,2.70,5.86,0.13,-0.12,-0.09,
12:38:30:035,1.42,0.78,5.53,0.13,-0.12,-0.09,
12:38:30:042,1.42,0.78,5.53,0.13,-0.25,-0.05,
12:38:30:043,1.42,0.78,5.53,0.13,-0.25,-0.05,
12:38:30:044,1.42,0.78,5.53,0.13,-0.33,-0.02,
12:38:30:046,2.18,-0.50,3.00,0.13,-0.33,-0.02,
12:38:30:047,2.18,-0.50,3.00,0.11,-0.30,-0.00,
12:38:30:048,2.18,-0.50,3.00,0.11,-0.30,-0.00,
12:38:30:048,2.18,-0.50,3.00,0.08,-0.16,-0.01,
12:38:30:048,2.47,-3.13,2.10,0.08,-0.16,-0.01,
12:38:30:048,2.47,-3.13,2.10,0.03,0.05,-0.02,
12:38:30:052,2.47,-3.13,2.10,0.03,0.05,-0.02,
12:38:30:052,2.47,-3.13,2.10,0.01,0.23,-0.04,
12:38:30:053,0.75,-2.06,1.99,0.01,0.23,-0.04,
12:38:30:053,0.75,-2.06,1.99,0.02,0.32,-0.05,
12:38:30:053,0.75,-2.06,2.00,0.02,0.32,-0.05,
12:38:30:054,0.75,-2.06,2.00,0.04,0.29,-0.05,
12:38:30:054,0.54,1.50,3.20,0.04,0.29,-0.05,
12:38:30:056,0.54,1.50,3.20,0.05,0.19,-0.06,
12:38:30:057,0.54,1.50,3.20,0.05,0.19,-0.06,
12:38:30:059,0.54,1.50,3.20,0.05,0.02,-0.06,
12:38:30:059,1.56,1.47,4.47,0.05,0.02,-0.06,
12:38:30:061,1.56,1.47,4.47,0.04,-0.14,-0.03,
12:38:30:061,1.57,1.47,4.47,0.04,-0.14,-0.03,
12:38:30:064,1.57,1.47,4.47,0.03,-0.21,-0.01,
12:38:30:064,0.82,0.78,2.38,0.03,-0.21,-0.01,
12:38:30:066,0.82,0.78,2.38,0.02,-0.18,-0.01,
12:38:30:067,0.81,0.78,2.38,0.02,-0.18,-0.01,
12:38:30:068,0.81,0.78,2.38,-0.00,-0.10,-0.01,
12:38:30:069,0.81,-1.17,1.17,-0.00,-0.10,-0.01,
12:38:30:071,0.81,-1.17,1.17,-0.02,-0.04,-0.02,
12:38:30:072,0.81,-1.17,1.17,-0.02,-0.04,-0.02,
12:38:30:073,0.81,-1.17,1.17,-0.03,0.03,-0.03,
12:38:30:074,1.36,0.70,1.39,-0.03,0.03,-0.03,
12:38:30:076,1.36,0.70,1.39,-0.03,0.11,-0.04,
12:38:30:076,1.36,0.70,1.39,-0.03,0.11,-0.04,
12:38:30:078,1.36,0.70,1.39,-0.04,0.19,-0.06,
12:38:30:079,2.05,3.62,3.17,-0.04,0.19,-0.06,
12:38:30:081,2.05,3.62,3.17,-0.05,0.21,-0.07,
12:38:30:082,2.05,3.63,3.17,-0.05,0.21,-0.07,
12:38:30:084,2.05,3.63,3.17,-0.06,0.13,-0.07,
12:38:30:084,0.82,0.36,2.68,-0.06,0.13,-0.07,
12:38:30:086,0.82,0.36,2.68,-0.06,-0.01,-0.07,
12:38:30:087,0.83,0.36,2.68,-0.06,-0.01,-0.07,
12:38:30:089,0.83,0.36,2.68,-0.08,-0.14,-0.06,
12:38:30:089,0.70,-2.48,2.54,-0.08,-0.14,-0.06,
12:38:30:091,0.70,-2.48,2.54,-0.12,-0.14,-0.05,
12:38:30:092,0.70,-2.47,2.53,-0.12,-0.14,-0.05,
12:38:30:094,0.70,-2.47,2.53,-0.17,-0.01,-0.03,
12:38:30:094,-0.14,-3.13,3.54,-0.17,-0.01,-0.03,
12:38:30:096,-0.14,-3.13,3.54,-0.20,0.14,-0.01,
12:38:30:097,-0.14,-3.13,3.53,-0.20,0.14,-0.01,
12:38:30:099,-0.14,-3.13,3.53,-0.19,0.17,0.00,
12:38:30:099,0.79,-0.44,5.22,-0.19,0.17,0.00,
12:38:30:104,0.79,-0.44,5.22,-0.16,0.08,0.01,
12:38:30:105,0.79,-0.44,5.21,-0.16,0.08,0.01,
12:38:30:105,0.79,-0.44,5.21,-0.11,-0.04,0.02,
12:38:30:106,1.29,-0.16,5.66,-0.11,-0.04,0.02,
12:38:30:106,1.29,-0.16,5.66,-0.08,-0.15,0.02,
12:38:30:107,1.29,-0.15,5.66,-0.08,-0.15,0.02,
12:38:30:108,1.29,-0.15,5.66,-0.05,-0.22,0.02,
12:38:30:109,0.90,-3.57,4.12,-0.05,-0.22,0.02,
12:38:30:111,0.90,-3.57,4.12,-0.02,-0.22,0.03,
12:38:30:112,0.89,-3.57,4.12,-0.02,-0.22,0.03,
12:38:30:119,0.89,-3.57,4.12,-0.00,-0.13,0.03,
12:38:30:120,0.86,-2.37,3.14,-0.00,-0.13,0.03,
12:38:30:120,0.86,-2.37,3.14,0.01,0.05,0.03,
12:38:30:120,0.86,-2.37,3.14,0.01,0.05,0.03,
12:38:30:121,0.86,-2.37,3.14,0.02,0.22,0.02,
12:38:30:121,1.31,0.38,4.20,0.02,0.22,0.02,
12:38:30:121,1.31,0.38,4.20,0.03,0.28,-0.00,
12:38:30:122,1.32,0.38,4.20,0.03,0.28,-0.00,
12:38:30:123,1.32,0.38,4.20,0.03,0.20,-0.01,
12:38:30:124,0.58,-1.42,4.45,0.03,0.20,-0.01,
12:38:30:126,0.58,-1.42,4.45,0.02,0.00,-0.01,
12:38:30:126,0.58,-1.42,4.45,0.02,0.00,-0.01,
12:38:30:128,0.58,-1.42,4.45,0.01,-0.21,0.01,
12:38:30:129,1.21,-1.30,3.44,0.01,-0.21,0.01,
12:38:30:131,1.21,-1.30,3.44,0.01,-0.33,0.04,
12:38:30:132,1.20,-1.30,3.44,0.01,-0.33,0.04,
12:38:30:134,1.20,-1.30,3.44,0.01,-0.32,0.06,
12:38:30:135,1.76,0.53,1.71,0.01,-0.32,0.06,
12:38:30:136,1.76,0.53,1.71,0.01,-0.21,0.07,
12:38:30:137,1.76,0.53,1.71,0.01,-0.21,0.07,
12:38:30:138,1.76,0.53,1.71,-0.00,-0.02,0.05,
12:38:30:139,2.12,1.55,1.44,-0.00,-0.02,0.05,
12:38:30:141,2.12,1.55,1.44,-0.01,0.18,0.03,
12:38:30:141,2.12,1.55,1.44,-0.01,0.18,0.03,
12:38:30:143,2.12,1.55,1.44,-0.03,0.28,-0.01,
12:38:30:144,1.10,0.32,2.02,-0.03,0.28,-0.01,
12:38:30:146,1.10,0.32,2.02,-0.06,0.26,-0.04,
12:38:30:146,1.11,0.32,2.02,-0.06,0.26,-0.04,
12:38:30:148,1.11,0.32,2.02,-0.08,0.15,-0.04,
12:38:30:149,0.43,-1.08,3.18,-0.08,0.15,-0.04,
12:38:30:151,0.43,-1.08,3.18,-0.11,0.01,-0.03,
12:38:30:151,0.43,-1.08,3.17,-0.11,0.01,-0.03,
12:38:30:154,0.43,-1.08,3.17,-0.13,-0.13,-0.01,
12:38:30:154,0.29,-1.30,2.83,-0.13,-0.13,-0.01,
12:38:30:156,0.29,-1.30,2.83,-0.12,-0.23,0.03,
12:38:30:157,0.29,-1.30,2.83,-0.12,-0.23,0.03,
12:38:30:158,0.29,-1.30,2.83,-0.11,-0.24,0.07,
12:38:30:159,0.16,-1.39,1.98,-0.11,-0.24,0.07,
12:38:30:161,0.16,-1.39,1.98,-0.11,-0.15,0.09,
12:38:30:162,0.16,-1.39,1.98,-0.11,-0.15,0.09,
12:38:30:164,0.16,-1.39,1.98,-0.12,-0.04,0.08,
12:38:30:165,1.52,-0.75,2.74,-0.12,-0.04,0.08,
12:38:30:166,1.52,-0.75,2.74,-0.11,0.04,0.07,
12:38:30:167,1.52,-0.75,2.73,-0.11,0.04,0.07,
12:38:30:169,1.52,-0.75,2.73,-0.11,0.08,0.03,
12:38:30:169,1.75,-0.26,3.64,-0.11,0.08,0.03,
12:38:30:171,1.75,-0.26,3.64,-0.11,0.12,-0.00,
12:38:30:178,1.75,-0.26,3.64,-0.11,0.12,-0.00,
12:38:30:179,1.75,-0.26,3.64,-0.11,0.09,-0.03,
12:38:30:180,0.08,-3.17,3.39,-0.11,0.09,-0.03,
12:38:30:181,0.08,-3.17,3.39,-0.10,0.03,-0.03,
12:38:30:182,0.08,-3.17,3.39,-0.10,0.03,-0.03,
12:38:30:183,0.08,-3.17,3.39,-0.09,-0.07,-0.01,
12:38:30:184,-0.00,-3.51,3.32,-0.09,-0.07,-0.01,
12:38:30:184,-0.00,-3.51,3.32,-0.09,-0.18,0.01,
12:38:30:185,-0.00,-3.51,3.32,-0.09,-0.18,0.01,
12:38:30:186,-0.00,-3.51,3.32,-0.08,-0.25,0.03,
12:38:30:186,2.15,-2.14,3.75,-0.08,-0.25,0.03,
12:38:30:187,2.15,-2.14,3.75,-0.08,-0.22,0.04,
12:38:30:187,2.14,-2.14,3.75,-0.08,-0.22,0.04,
12:38:30:188,2.14,-2.14,3.75,-0.07,-0.12,0.04,
12:38:30:189,1.08,-3.73,1.83,-0.07,-0.12,0.04,
12:38:30:191,1.08,-3.73,1.83,-0.05,-0.03,0.04,
12:38:30:192,1.08,-3.73,1.83,-0.05,-0.03,0.04,
12:38:30:193,1.08,-3.73,1.83,-0.05,0.05,0.03,
12:38:30:194,1.43,-2.79,2.70,-0.05,0.05,0.03,
12:38:30:196,1.43,-2.79,2.70,-0.05,0.14,0.01,
12:38:30:197,1.43,-2.79,2.70,-0.05,0.14,0.01,
12:38:30:203,1.43,-2.79,2.70,-0.04,0.17,-0.01,
12:38:30:204,0.62,-2.65,2.84,-0.04,0.17,-0.01,
12:38:30:205,0.62,-2.65,2.84,-0.02,0.10,-0.01,
12:38:30:206,0.62,-2.65,2.84,-0.02,0.10,-0.01,
12:38:30:207,0.62,-2.65,2.84,-0.00,-0.06,-0.00,
12:38:30:207,0.75,-3.07,2.46,-0.00,-0.06,-0.00,
12:38:30:208,0.75,-3.07,2.46,0.00,-0.21,0.02,
12:38:30:209,0.75,-3.07,2.46,0.00,-0.21,0.02,
12:38:30:210,0.75,-3.07,2.46,-0.01,-0.24,0.04,
12:38:30:211,1.24,-3.16,2.13,-0.01,-0.24,0.04,
12:38:30:211,1.24,-3.16,2.13,-0.03,-0.12,0.04,
12:38:30:212,1.24,-3.16,2.13,-0.03,-0.12,0.04,
12:38:30:214,1.24,-3.16,2.13,-0.04,0.01,0.04,
12:38:30:215,0.49,-2.97,0.96,-0.04,0.01,0.04,
12:38:30:216,0.49,-2.97,0.96,-0.04,0.04,0.04,
12:38:30:217,0.49,-2.97,0.96,-0.04,0.04,0.04,
12:38:30:218,0.49,-2.97,0.96,-0.04,0.03,0.03,
12:38:30:219,0.86,-2.79,1.79,-0.04,0.03,0.03,
12:38:30:221,0.86,-2.79,1.79,-0.06,0.03,0.02,
12:38:30:222,0.86,-2.79,1.79,-0.06,0.03,0.02,
12:38:30:224,0.86,-2.79,1.79,-0.07,0.04,0.01,
12:38:30:224,0.84,-2.11,2.54,-0.07,0.04,0.01,
12:38:30:226,0.84,-2.11,2.54,-0.08,0.01,0.01,
12:38:30:226,0.84,-2.11,2.53,-0.08,0.01,0.01,
12:38:30:229,0.84,-2.11,2.53,-0.07,-0.08,0.01,
12:38:30:230,0.84,-2.17,1.80,-0.07,-0.08,0.01,
12:38:30:231,0.84,-2.17,1.80,-0.07,-0.19,0.03,
12:38:30:232,0.84,-2.17,1.80,-0.07,-0.19,0.03,
12:38:30:237,0.84,-2.17,1.80,-0.07,-0.24,0.04,
12:38:30:238,0.84,-2.17,1.80,-0.09,-0.19,0.05,
12:38:30:238,1.57,-2.95,1.19,-0.09,-0.19,0.05,
12:38:30:239,1.57,-2.95,1.19,-0.09,-0.19,0.05,
12:38:30:239,1.57,-2.95,1.19,-0.11,-0.06,0.04,
12:38:30:240,1.17,-3.02,1.05,-0.11,-0.06,0.04,
12:38:30:241,1.17,-3.02,1.05,-0.12,0.06,0.02,
12:38:30:241,1.17,-3.02,1.05,-0.12,0.06,0.02,
12:38:30:243,1.17,-3.02,1.05,-0.12,0.08,0.01,
12:38:30:244,0.92,-4.56,1.13,-0.12,0.08,0.01,
12:38:30:246,0.92,-4.56,1.13,-0.12,0.02,0.00,
12:38:30:247,0.92,-4.55,1.13,-0.12,0.02,0.00,
12:38:30:249,0.92,-4.55,1.13,-0.12,-0.05,-0.00,
12:38:30:249,1.35,-3.06,2.16,-0.12,-0.05,-0.00,
12:38:30:251,1.35,-3.06,2.16,-0.11,-0.06,0.00,
12:38:30:252,1.35,-3.06,2.16,-0.11,-0.06,0.00,
12:38:30:254,1.35,-3.06,2.16,-0.09,0.00,0.00,
12:38:30:255,0.49,-1.11,1.65,-0.09,0.00,0.00,
12:38:30:256,0.49,-1.11,1.65,-0.07,0.03,0.01,
12:38:30:257,0.49,-1.11,1.65,-0.07,0.03,0.01,
12:38:30:258,0.49,-1.11,1.65,-0.06,-0.07,0.01,
12:38:30:259,1.50,-3.71,1.66,-0.06,-0.07,0.01,
12:38:30:261,1.50,-3.71,1.66,-0.08,-0.19,0.02,
12:38:30:262,1.50,-3.71,1.66,-0.08,-0.19,0.02,
12:38:30:264,1.50,-3.71,1.66,-0.10,-0.26,0.02,
12:38:30:265,2.25,-6.36,1.38,-0.10,-0.26,0.02,
12:38:30:266,2.25,-6.36,1.38,-0.12,-0.24,0.02,
12:38:30:266,2.25,-6.36,1.38,-0.12,-0.24,0.02,
12:38:30:269,2.25,-6.36,1.38,-0.13,-0.10,0.02,
12:38:30:270,1.14,-3.30,0.57,-0.13,-0.10,0.02,
12:38:30:271,1.14,-3.30,0.57,-0.12,0.08,0.02,
12:38:30:272,1.14,-3.30,0.57,-0.12,0.08,0.02,
12:38:30:273,1.14,-3.30,0.57,-0.09,0.19,0.02,
12:38:30:274,0.54,-1.32,1.06,-0.09,0.19,0.02,
12:38:30:276,0.54,-1.32,1.06,-0.07,0.21,0.02,
12:38:30:277,0.54,-1.32,1.06,-0.07,0.21,0.02,
12:38:30:278,0.54,-1.32,1.06,-0.08,0.16,0.03,
12:38:30:279,0.22,-5.22,2.76,-0.08,0.16,0.03,
12:38:30:281,0.22,-5.22,2.76,-0.11,0.05,0.03,
12:38:30:282,0.22,-5.22,2.75,-0.11,0.05,0.03,
12:38:30:284,0.22,-5.22,2.75,-0.12,-0.11,0.04,
12:38:30:284,1.00,-3.95,2.62,-0.12,-0.11,0.04,
12:38:30:286,1.00,-3.95,2.62,-0.10,-0.24,0.04,
12:38:30:286,1.00,-3.95,2.61,-0.10,-0.24,0.04,
12:38:30:288,1.00,-3.95,2.61,-0.08,-0.25,0.04,
12:38:30:289,1.05,-0.79,1.89,-0.08,-0.25,0.04,
12:38:30:291,1.05,-0.79,1.89,-0.06,-0.10,0.03,
12:38:30:292,1.05,-0.79,1.89,-0.06,-0.10,0.03,
12:38:30:294,1.05,-0.79,1.89,-0.07,0.07,0.03,
12:38:30:294,0.28,-2.50,1.35,-0.07,0.07,0.03,
12:38:30:296,0.28,-2.50,1.35,-0.07,0.09,0.03,
12:38:30:302,0.28,-2.50,1.35,-0.07,0.09,0.03,
12:38:30:303,0.28,-2.50,1.35,-0.07,-0.02,0.03,
12:38:30:303,1.99,-3.73,2.26,-0.07,-0.02,0.03,
12:38:30:303,1.99,-3.73,2.26,-0.09,-0.15,0.03,
12:38:30:304,1.99,-3.73,2.26,-0.09,-0.15,0.03,
12:38:30:304,1.99,-3.73,2.26,-0.12,-0.18,0.02,
12:38:30:304,1.50,-4.15,2.37,-0.12,-0.18,0.02,
12:38:30:306,1.50,-4.15,2.37,-0.15,-0.03,0.01,
12:38:30:306,1.50,-4.15,2.36,-0.15,-0.03,0.01,
12:38:30:308,1.50,-4.15,2.36,-0.14,0.10,0.01,
12:38:30:309,-0.18,-4.13,1.24,-0.14,0.10,0.01,
12:38:30:311,-0.18,-4.13,1.24,-0.11,0.03,0.02,
12:38:30:312,-0.18,-4.13,1.24,-0.11,0.03,0.02,
12:38:30:319,-0.18,-4.13,1.24,-0.09,-0.13,0.02,
12:38:30:319,2.33,-4.08,1.96,-0.09,-0.13,0.02,
12:38:30:319,2.33,-4.08,1.96,-0.08,-0.29,0.01,
12:38:30:320,2.33,-4.08,1.96,-0.08,-0.29,0.01,
12:38:30:320,2.33,-4.08,1.96,-0.10,-0.30,0.00,
12:38:30:320,3.43,-3.17,2.66,-0.10,-0.30,0.00,
12:38:30:321,3.43,-3.17,2.66,-0.10,-0.10,-0.00,
12:38:30:322,3.43,-3.17,2.66,-0.10,-0.10,-0.00,
12:38:30:324,3.43,-3.17,2.66,-0.09,0.11,0.00,
12:38:30:324,0.09,-3.85,0.66,-0.09,0.11,0.00,
12:38:30:326,0.09,-3.85,0.66,-0.07,0.16,0.02,
12:38:30:327,0.09,-3.85,0.65,-0.07,0.16,0.02,
12:38:30:328,0.09,-3.85,0.65,-0.05,0.06,0.02,
12:38:30:329,2.27,-3.75,2.37,-0.05,0.06,0.02,
12:38:30:331,2.27,-3.75,2.37,-0.06,-0.06,0.02,
12:38:30:331,2.27,-3.75,2.37,-0.06,-0.06,0.02,
12:38:30:333,2.27,-3.75,2.37,-0.07,-0.08,0.01,
12:38:30:334,2.32,-3.23,2.91,-0.07,-0.08,0.01,
12:38:30:336,2.32,-3.23,2.91,-0.08,-0.00,-0.01,
12:38:30:337,2.32,-3.23,2.91,-0.08,-0.00,-0.01,
12:38:30:339,2.32,-3.23,2.91,-0.07,-0.04,-0.02,
12:38:30:339,2.11,-2.85,1.97,-0.07,-0.04,-0.02,
12:38:30:341,2.11,-2.85,1.97,-0.04,-0.15,-0.02,
12:38:30:341,2.11,-2.85,1.97,-0.04,-0.15,-0.02,
12:38:30:343,2.11,-2.85,1.97,-0.03,-0.20,-0.01,
12:38:30:344,3.29,-2.36,2.18,-0.03,-0.20,-0.01,
12:38:30:346,3.29,-2.36,2.18,-0.05,-0.11,-0.02,
12:38:30:347,3.29,-2.36,2.18,-0.05,-0.11,-0.02,
12:38:30:349,3.29,-2.36,2.18,-0.07,0.06,-0.02,
12:38:30:349,0.91,-4.69,1.65,-0.07,0.06,-0.02,
12:38:30:351,0.91,-4.69,1.65,-0.07,0.21,-0.02,
12:38:30:352,0.91,-4.69,1.65,-0.07,0.21,-0.02,
12:38:30:353,0.91,-4.69,1.65,-0.07,0.22,-0.01,
12:38:30:354,0.76,-3.02,3.06,-0.07,0.22,-0.01,
12:38:30:356,0.76,-3.02,3.06,-0.04,0.13,-0.01,
12:38:30:358,0.76,-3.02,3.06,-0.04,0.13,-0.01,
12:38:30:359,0.76,-3.02,3.06,-0.01,-0.01,-0.01,
12:38:30:359,1.89,-0.15,3.81,-0.01,-0.01,-0.01,
12:38:30:361,1.89,-0.15,3.81,0.01,-0.13,-0.01,
12:38:30:362,1.89,-0.15,3.81,0.01,-0.13,-0.01,
12:38:30:364,1.89,-0.15,3.81,0.03,-0.17,-0.01,
12:38:30:365,1.33,-2.36,2.64,0.03,-0.17,-0.01,
12:38:30:366,1.33,-2.36,2.64,0.03,-0.18,-0.01,
12:38:30:367,1.33,-2.36,2.64,0.03,-0.18,-0.01,
12:38:30:369,1.33,-2.36,2.64,0.03,-0.18,-0.01,
12:38:30:369,1.93,-4.22,1.51,0.03,-0.18,-0.01,
12:38:30:371,1.93,-4.22,1.51,0.01,-0.17,-0.01,
12:38:30:372,1.93,-4.22,1.51,0.01,-0.17,-0.01,
12:38:30:374,1.93,-4.22,1.51,-0.00,-0.11,-0.02,
12:38:30:375,2.57,-3.09,1.48,-0.00,-0.11,-0.02,
12:38:30:376,2.57,-3.09,1.48,-0.00,0.02,-0.04,
12:38:30:376,2.57,-3.09,1.48,-0.00,0.02,-0.04,
12:38:30:379,2.57,-3.09,1.48,0.01,0.15,-0.05,
12:38:30:380,0.57,-2.83,1.09,0.01,0.15,-0.05,
12:38:30:382,0.57,-2.83,1.09,0.02,0.21,-0.05,
12:38:30:382,0.57,-2.83,1.09,0.02,0.21,-0.05,
12:38:30:384,0.57,-2.83,1.09,0.02,0.20,-0.05,
12:38:30:384,0.71,-2.21,3.12,0.02,0.20,-0.05,
12:38:30:387,0.71,-2.21,3.12,0.00,0.09,-0.04,
12:38:30:388,0.71,-2.21,3.12,0.00,0.09,-0.04,
12:38:30:392,0.71,-2.21,3.12,-0.01,-0.10,-0.02,
12:38:30:393,0.71,-2.21,3.12,-0.01,-0.28,-0.01,
12:38:30:393,2.17,-2.92,3.11,-0.01,-0.28,-0.01,
12:38:30:394,2.17,-2.92,3.11,-0.01,-0.28,-0.01,
12:38:30:395,2.17,-2.92,3.11,-0.02,-0.36,-0.01,
12:38:30:396,2.43,-3.99,1.88,-0.02,-0.36,-0.01,
12:38:30:396,2.43,-3.99,1.88,-0.02,-0.29,-0.01,
12:38:30:397,2.42,-3.99,1.88,-0.02,-0.29,-0.01,
12:38:30:399,2.42,-3.99,1.88,-0.02,-0.05,-0.01,
12:38:30:401,1.05,-2.37,0.95,-0.02,-0.05,-0.01,
12:38:30:401,1.05,-2.37,0.95,-0.01,0.20,-0.03,
12:38:30:402,1.05,-2.37,0.95,-0.01,0.20,-0.03,
12:38:30:404,1.05,-2.37,0.95,-0.00,0.33,-0.04,
12:38:30:404,1.28,-1.58,3.10,-0.00,0.33,-0.04,
12:38:30:406,1.28,-1.58,3.10,0.00,0.29,-0.04,
12:38:30:407,1.29,-1.58,3.10,0.00,0.29,-0.04,
12:38:30:408,1.29,-1.58,3.10,0.01,0.09,-0.04,
12:38:30:409,2.05,-1.44,4.48,0.01,0.09,-0.04,
12:38:30:411,2.05,-1.44,4.48,0.03,-0.08,-0.05,
12:38:30:411,2.05,-1.44,4.48,0.03,-0.08,-0.05,
12:38:30:414,2.05,-1.44,4.48,0.04,-0.15,-0.04,
12:38:30:415,1.56,0.49,4.89,0.04,-0.15,-0.04,
12:38:30:416,1.56,0.49,4.89,0.04,-0.08,-0.04,
12:38:30:417,1.56,0.49,4.89,0.04,-0.08,-0.04,
12:38:30:419,1.56,0.49,4.89,0.03,0.00,-0.02,
12:38:30:420,1.36,-0.83,4.26,0.03,0.00,-0.02,
12:38:30:421,1.36,-0.83,4.26,0.03,-0.03,-0.02,
12:38:30:426,1.36,-0.83,4.27,0.03,-0.03,-0.02,
12:38:30:427,1.36,-0.83,4.27,0.04,-0.14,-0.02,
12:38:30:428,1.24,-3.92,2.54,0.04,-0.14,-0.02,
12:38:30:428,1.24,-3.92,2.54,0.06,-0.22,-0.02,
12:38:30:430,1.24,-3.92,2.54,0.06,-0.22,-0.02,
12:38:30:430,1.24,-3.92,2.54,0.08,-0.15,-0.01,
12:38:30:431,0.83,-1.01,2.43,0.08,-0.15,-0.01,
12:38:30:432,0.83,-1.01,2.43,0.09,0.08,-0.02,
12:38:30:432,0.83,-1.01,2.43,0.09,0.08,-0.02,
12:38:30:439,0.83,-1.01,2.43,0.10,0.25,-0.02,
12:38:30:440,0.56,-0.04,2.67,0.10,0.25,-0.02,
12:38:30:440,0.56,-0.04,2.67,0.12,0.19,-0.03,
12:38:30:440,0.56,-0.04,2.67,0.12,0.19,-0.03,
12:38:30:440,0.56,-0.04,2.67,0.13,-0.04,-0.03,
12:38:30:441,2.48,-1.07,3.41,0.13,-0.04,-0.03,
12:38:30:441,2.48,-1.07,3.41,0.12,-0.28,-0.02,
12:38:30:441,2.48,-1.07,3.41,0.12,-0.28,-0.02,
12:38:30:443,2.48,-1.07,3.41,0.09,-0.39,-0.03,
12:38:30:444,2.78,-3.78,2.31,0.09,-0.39,-0.03,
12:38:30:446,2.78,-3.78,2.31,0.05,-0.33,-0.03,
12:38:30:446,2.78,-3.78,2.31,0.05,-0.33,-0.03,
12:38:30:448,2.78,-3.78,2.31,0.03,-0.18,-0.02,
12:38:30:449,-0.03,-5.96,-0.93,0.03,-0.18,-0.02,
12:38:30:451,-0.03,-5.96,-0.93,0.04,-0.07,-0.00,
12:38:30:451,-0.03,-5.96,-0.93,0.04,-0.07,-0.00,
12:38:30:454,-0.03,-5.96,-0.93,0.03,0.02,0.00,
12:38:30:454,3.14,-1.35,1.89,0.03,0.02,0.00,
12:38:30:456,3.14,-1.35,1.89,0.01,0.13,-0.01,
12:38:30:457,3.14,-1.35,1.89,0.01,0.13,-0.01,
12:38:30:459,3.14,-1.35,1.89,-0.00,0.24,-0.03,
12:38:30:459,2.45,-1.34,3.01,-0.00,0.24,-0.03,
12:38:30:461,2.45,-1.34,3.01,0.02,0.24,-0.04,
12:38:30:461,2.45,-1.34,3.01,0.02,0.24,-0.04,
12:38:30:464,2.45,-1.34,3.01,0.05,0.17,-0.04,
12:38:30:464,0.30,-0.10,3.08,0.05,0.17,-0.04,
12:38:30:466,0.30,-0.10,3.08,0.07,0.06,-0.03,
12:38:30:466,0.31,-0.10,3.08,0.07,0.06,-0.03,
12:38:30:468,0.31,-0.10,3.08,0.08,-0.05,-0.02,
12:38:30:470,1.98,0.97,4.82,0.08,-0.05,-0.02,
12:38:30:471,1.98,0.97,4.82,0.07,-0.12,-0.01,
12:38:30:471,1.98,0.97,4.83,0.07,-0.12,-0.01,
12:38:30:473,1.98,0.97,4.83,0.07,-0.13,0.00,
12:38:30:474,0.51,-3.00,3.15,0.07,-0.13,0.00,
12:38:30:476,0.51,-3.00,3.15,0.07,-0.15,0.01,
12:38:30:476,0.51,-3.00,3.15,0.07,-0.15,0.01,
12:38:30:478,0.51,-3.00,3.15,0.08,-0.16,0.01,
12:38:30:479,2.58,0.26,3.43,0.08,-0.16,0.01,
12:38:30:481,2.58,0.26,3.43,0.08,-0.11,-0.00,
12:38:30:482,2.58,0.26,3.43,0.08,-0.11,-0.00,
12:38:30:484,2.58,0.26,3.43,0.10,-0.01,-0.02,
12:38:30:484,2.66,1.46,3.09,0.10,-0.01,-0.02,
12:38:30:486,2.66,1.46,3.09,0.10,0.08,-0.04,
12:38:30:487,2.66,1.46,3.09,0.10,0.08,-0.04,
12:38:30:488,2.66,1.46,3.09,0.10,0.10,-0.06,
12:38:30:489,1.14,-1.36,2.81,0.10,0.10,-0.06,
12:38:30:491,1.14,-1.36,2.81,0.09,0.09,-0.06,
12:38:30:492,1.14,-1.36,2.81,0.09,0.09,-0.06,
12:38:30:494,1.14,-1.36,2.81,0.08,0.04,-0.05,
12:38:30:494,1.77,-0.12,4.59,0.08,0.04,-0.05,
12:38:30:496,1.77,-0.12,4.59,0.08,-0.02,-0.05,
12:38:30:497,1.77,-0.12,4.59,0.08,-0.02,-0.05,
12:38:30:499,1.77,-0.12,4.59,0.09,-0.13,-0.03,
12:38:30:499,1.32,-0.41,2.63,0.09,-0.13,-0.03,
12:38:30:501,1.32,-0.41,2.63,0.10,-0.20,-0.01,
12:38:30:502,1.32,-0.41,2.63,0.10,-0.20,-0.01,
12:38:30:503,1.32,-0.41,2.63,0.08,-0.13,0.00,
12:38:30:504,1.88,-1.13,3.58,0.08,-0.13,0.00,
12:38:30:506,1.88,-1.13,3.58,0.05,0.01,0.00,
12:38:30:507,1.88,-1.13,3.59,0.05,0.01,0.00,
12:38:30:508,1.88,-1.13,3.59,0.02,0.08,-0.01,
12:38:30:509,2.52,-1.74,4.29,0.02,0.08,-0.01,
12:38:30:512,2.52,-1.74,4.29,0.03,0.04,-0.03,
12:38:30:512,2.52,-1.74,4.30,0.03,0.04,-0.03,
12:38:30:515,2.52,-1.74,4.30,0.06,-0.06,-0.05,
12:38:30:515,1.61,-1.52,2.78,0.06,-0.06,-0.05,
12:38:30:516,1.61,-1.52,2.78,0.10,-0.16,-0.05,
12:38:30:517,1.61,-1.52,2.79,0.10,-0.16,-0.05,
12:38:30:519,1.61,-1.52,2.79,0.14,-0.15,-0.04,
12:38:30:520,1.59,0.42,2.67,0.14,-0.15,-0.04,
12:38:30:521,1.59,0.42,2.67,0.15,0.01,-0.04,
12:38:30:521,1.59,0.42,2.67,0.15,0.01,-0.04,
12:38:30:524,1.59,0.42,2.67,0.14,0.18,-0.05,
12:38:30:524,1.50,0.04,3.57,0.14,0.18,-0.05,
12:38:30:526,1.50,0.04,3.57,0.13,0.18,-0.05,
12:38:30:527,1.50,0.04,3.58,0.13,0.18,-0.05,
12:38:30:529,1.50,0.04,3.58,0.12,0.02,-0.05,
12:38:30:529,2.47,-0.53,3.95,0.12,0.02,-0.05,
12:38:30:537,2.47,-0.53,3.95,0.11,-0.17,-0.04,
12:38:30:537,2.47,-0.53,3.95,0.11,-0.17,-0.04,
12:38:30:538,2.47,-0.53,3.95,0.09,-0.31,-0.04,
12:38:30:538,2.33,-2.59,1.99,0.09,-0.31,-0.04,
12:38:30:538,2.33,-2.59,1.99,0.09,-0.31,-0.03,
12:38:30:539,2.33,-2.59,1.99,0.09,-0.31,-0.03,
12:38:30:539,2.33,-2.59,1.99,0.09,-0.16,-0.02,
12:38:30:539,0.98,-0.89,0.37,0.09,-0.16,-0.02,
12:38:30:541,0.98,-0.89,0.37,0.11,0.05,-0.02,
12:38:30:542,0.99,-0.89,0.38,0.11,0.05,-0.02,
12:38:30:543,0.99,-0.89,0.38,0.13,0.19,-0.03,
12:38:30:544,1.95,2.11,1.56,0.13,0.19,-0.03,
12:38:30:546,1.95,2.11,1.56,0.14,0.21,-0.04,
12:38:30:550,1.96,2.11,1.57,0.14,0.21,-0.04,
12:38:30:551,1.96,2.11,1.57,0.11,0.16,-0.05,
12:38:30:552,2.26,-0.25,3.11,0.11,0.16,-0.05,
12:38:30:552,2.26,-0.25,3.11,0.08,0.08,-0.06,
12:38:30:552,2.26,-0.25,3.11,0.08,0.08,-0.06,
12:38:30:554,2.26,-0.25,3.11,0.06,0.01,-0.07,
12:38:30:555,1.36,-0.20,2.91,0.06,0.01,-0.07,
12:38:30:556,1.36,-0.20,2.91,0.03,-0.04,-0.08,
12:38:30:557,1.36,-0.20,2.91,0.03,-0.04,-0.08,
12:38:30:558,1.36,-0.20,2.91,0.00,-0.10,-0.06,
12:38:30:559,1.26,-2.70,3.32,0.00,-0.10,-0.06,
12:38:30:561,1.26,-2.70,3.32,-0.02,-0.18,-0.04,
12:38:30:562,1.26,-2.70,3.32,-0.02,-0.18,-0.04,
12:38:30:564,1.26,-2.70,3.32,-0.02,-0.24,-0.02,
12:38:30:564,2.17,-2.48,2.35,-0.02,-0.24,-0.02,
12:38:30:566,2.17,-2.48,2.35,-0.00,-0.19,-0.01,
12:38:30:566,2.17,-2.48,2.35,-0.00,-0.19,-0.01,
12:38:30:568,2.17,-2.48,2.35,0.01,-0.03,-0.02,
12:38:30:569,2.52,0.92,2.98,0.01,-0.03,-0.02,
12:38:30:571,2.52,0.92,2.98,0.02,0.17,-0.03,
12:38:30:571,2.52,0.92,2.98,0.02,0.17,-0.03,
12:38:30:573,2.52,0.92,2.98,0.04,0.29,-0.05,
12:38:30:574,1.12,-0.17,3.75,0.04,0.29,-0.05,
12:38:30:576,1.12,-0.17,3.75,0.07,0.23,-0.06,
12:38:30:576,1.13,-0.17,3.76,0.07,0.23,-0.06,
12:38:30:579,1.13,-0.17,3.76,0.09,0.10,-0.06,
12:38:30:579,2.16,1.38,5.56,0.09,0.10,-0.06,
12:38:30:581,2.16,1.38,5.56,0.09,-0.02,-0.06,
12:38:30:582,2.16,1.38,5.56,0.09,-0.02,-0.06,
12:38:30:584,2.16,1.38,5.56,0.08,-0.13,-0.04,
12:38:30:585,2.23,-0.43,5.48,0.08,-0.13,-0.04,
12:38:30:586,2.23,-0.43,5.48,0.08,-0.22,-0.03,
12:38:30:586,2.23,-0.43,5.48,0.08,-0.22,-0.03,
12:38:30:588,2.23,-0.43,5.48,0.13,-0.27,-0.02,
12:38:30:589,0.68,-0.51,0.88,0.13,-0.27,-0.02,
12:38:30:591,0.68,-0.51,0.88,0.17,-0.22,-0.01,
12:38:30:592,0.68,-0.51,0.88,0.17,-0.22,-0.01,
12:38:30:594,0.68,-0.51,0.88,0.18,-0.03,-0.01,
12:38:30:594,1.97,2.05,2.24,0.18,-0.03,-0.01,
12:38:30:596,1.97,2.05,2.24,0.16,0.14,-0.02,
12:38:30:597,1.97,2.05,2.24,0.16,0.14,-0.02,
12:38:30:599,1.97,2.05,2.24,0.14,0.16,-0.04,
12:38:30:600,2.36,-0.86,1.69,0.14,0.16,-0.04,
12:38:30:601,2.36,-0.86,1.69,0.13,0.06,-0.06,
12:38:30:602,2.36,-0.86,1.69,0.13,0.06,-0.06,
12:38:30:604,2.36,-0.86,1.69,0.12,-0.06,-0.07,
12:38:30:604,1.56,-2.25,0.76,0.12,-0.06,-0.07,
12:38:30:607,1.56,-2.25,0.76,0.10,-0.14,-0.06,
12:38:30:608,1.56,-2.25,0.77,0.10,-0.14,-0.06,
12:38:30:609,1.56,-2.25,0.77,0.07,-0.11,-0.05,
12:38:30:610,2.29,0.76,2.14,0.07,-0.11,-0.05,
12:38:30:611,2.29,0.76,2.14,0.02,0.04,-0.05,
12:38:30:612,2.29,0.76,2.14,0.02,0.04,-0.05,
12:38:30:614,2.29,0.76,2.14,-0.02,0.14,-0.04,
12:38:30:615,1.36,-1.93,1.48,-0.02,0.14,-0.04,
12:38:30:616,1.36,-1.93,1.48,-0.03,0.07,-0.03,
12:38:30:618,1.36,-1.93,1.48,-0.03,0.07,-0.03,
12:38:30:619,1.36,-1.93,1.48,-0.04,-0.04,-0.03,
12:38:30:619,1.79,-1.03,2.35,-0.04,-0.04,-0.03,
12:38:30:621,1.79,-1.03,2.35,-0.06,-0.03,-0.03,
12:38:30:622,1.79,-1.03,2.35,-0.06,-0.03,-0.03,
12:38:30:624,1.79,-1.03,2.35,-0.08,0.12,-0.03,
12:38:30:624,0.69,1.49,3.57,-0.08,0.12,-0.03,
12:38:30:626,0.69,1.49,3.57,-0.07,0.22,-0.03,
12:38:30:627,0.69,1.49,3.57,-0.07,0.22,-0.03,
12:38:30:629,0.69,1.49,3.57,-0.02,0.18,-0.02,
12:38:30:629,0.80,4.09,3.95,-0.02,0.18,-0.02,
12:38:30:636,0.80,4.09,3.95,0.02,0.03,-0.01,
12:38:30:637,0.81,4.09,3.95,0.02,0.03,-0.01,
12:38:30:637,0.81,4.09,3.95,0.03,-0.15,-0.00,
12:38:30:638,2.64,1.56,4.81,0.03,-0.15,-0.00,
12:38:30:638,2.64,1.56,4.81,0.02,-0.26,-0.01,
12:38:30:638,2.64,1.56,4.81,0.02,-0.26,-0.01,
12:38:30:639,2.64,1.56,4.81,0.02,-0.28,-0.02,
12:38:30:639,1.80,-1.69,2.02,0.02,-0.28,-0.02,
12:38:30:641,1.80,-1.69,2.02,0.01,-0.24,-0.02,
12:38:30:642,1.80,-1.69,2.02,0.01,-0.24,-0.02,
12:38:30:643,1.80,-1.69,2.02,-0.00,-0.16,-0.03,
12:38:30:644,3.04,-1.71,2.34,-0.00,-0.16,-0.03,
12:38:30:646,3.04,-1.71,2.34,-0.03,-0.01,-0.03,
12:38:30:646,3.04,-1.71,2.34,-0.03,-0.01,-0.03,
12:38:30:648,3.04,-1.71,2.34,-0.05,0.17,-0.05,
12:38:30:649,2.60,-1.73,3.30,-0.05,0.17,-0.05,
12:38:30:651,2.60,-1.73,3.30,-0.05,0.25,-0.07,
12:38:30:651,2.61,-1.73,3.29,-0.05,0.25,-0.07,
12:38:30:653,2.61,-1.73,3.29,-0.02,0.18,-0.08,
12:38:30:654,2.08,0.21,3.85,-0.02,0.18,-0.08,
12:38:30:656,2.08,0.21,3.85,0.01,0.10,-0.08,
12:38:30:657,2.08,0.21,3.85,0.01,0.10,-0.08,
12:38:30:659,2.08,0.21,3.85,0.03,0.08,-0.08,
12:38:30:659,1.55,2.25,5.18,0.03,0.08,-0.08,
12:38:30:661,1.55,2.25,5.18,0.03,0.07,-0.07,
12:38:30:662,1.55,2.25,5.18,0.03,0.07,-0.07,
12:38:30:664,1.55,2.25,5.18,0.04,-0.00,-0.06,
12:38:30:665,1.06,-0.30,4.14,0.04,-0.00,-0.06,
12:38:30:666,1.06,-0.30,4.14,0.05,-0.15,-0.03,
12:38:30:667,1.06,-0.30,4.14,0.05,-0.15,-0.03,
12:38:30:668,1.06,-0.30,4.14,0.07,-0.28,-0.01,
12:38:30:669,2.77,-0.13,2.77,0.07,-0.28,-0.01,
12:38:30:671,2.77,-0.13,2.77,0.07,-0.29,-0.01,
12:38:30:678,2.76,-0.13,2.77,0.07,-0.29,-0.01,
12:38:30:678,2.76,-0.13,2.77,0.05,-0.09,-0.02,
12:38:30:679,1.84,-0.20,2.05,0.05,-0.09,-0.02,
12:38:30:680,1.84,-0.20,2.05,0.04,0.17,-0.04,
12:38:30:680,1.84,-0.20,2.05,0.04,0.17,-0.04,
12:38:30:681,1.84,-0.20,2.05,0.04,0.29,-0.07,
12:38:30:682,1.95,1.69,2.69,0.04,0.29,-0.07,
12:38:30:682,1.95,1.69,2.69,0.05,0.26,-0.08,
12:38:30:683,1.96,1.69,2.69,0.05,0.26,-0.08,
12:38:30:684,1.96,1.69,2.69,0.04,0.12,-0.09,
12:38:30:685,2.45,0.79,4.55,0.04,0.12,-0.09,
12:38:30:686,2.45,0.79,4.55,0.02,-0.02,-0.09,
12:38:30:686,2.45,0.79,4.55,0.02,-0.02,-0.09,
12:38:30:688,2.45,0.79,4.55,-0.00,-0.11,-0.08,
12:38:30:689,0.86,-0.45,2.69,-0.00,-0.11,-0.08,
12:38:30:691,0.86,-0.45,2.69,-0.01,-0.13,-0.06,
12:38:30:691,0.86,-0.45,2.69,-0.01,-0.13,-0.06,
12:38:30:693,0.86,-0.45,2.69,-0.01,-0.07,-0.03,
12:38:30:694,2.07,2.36,3.77,-0.01,-0.07,-0.03,
12:38:30:696,2.07,2.36,3.77,-0.02,0.02,-0.03,
12:38:30:697,2.07,2.36,3.77,-0.02,0.02,-0.03,
12:38:30:699,2.07,2.36,3.77,-0.03,0.10,-0.03,
12:38:30:699,1.45,-0.31,3.52,-0.03,0.10,-0.03,
12:38:30:701,1.45,-0.31,3.52,-0.03,0.14,-0.05,
12:38:30:702,1.45,-0.31,3.52,-0.03,0.14,-0.05,
12:38:30:704,1.45,-0.31,3.52,-0.01,0.12,-0.06,
12:38:30:704,0.17,0.18,3.14,-0.01,0.12,-0.06,
12:38:30:706,0.17,0.18,3.14,0.03,0.03,-0.06,
12:38:30:706,0.17,0.18,3.14,0.03,0.03,-0.06,
12:38:30:708,0.17,0.18,3.14,0.06,-0.08,-0.05,
12:38:30:709,1.86,2.66,3.88,0.06,-0.08,-0.05,
12:38:30:711,1.86,2.66,3.88,0.08,-0.14,-0.04,
12:38:30:712,1.86,2.66,3.88,0.08,-0.14,-0.04,
12:38:30:718,1.86,2.66,3.88,0.08,-0.16,-0.04,
12:38:30:719,1.62,-0.38,2.06,0.08,-0.16,-0.04,
12:38:30:719,1.62,-0.38,2.06,0.06,-0.15,-0.04,
12:38:30:720,1.62,-0.38,2.06,0.06,-0.15,-0.04,
12:38:30:720,1.62,-0.38,2.06,0.03,-0.14,-0.04,
12:38:30:720,2.75,-2.27,2.13,0.03,-0.14,-0.04,
12:38:30:721,2.75,-2.27,2.13,0.00,-0.09,-0.05,
12:38:30:722,2.75,-2.27,2.13,0.00,-0.09,-0.05,
12:38:30:723,2.75,-2.27,2.13,-0.02,-0.01,-0.06,
12:38:30:724,1.14,-4.45,1.09,-0.02,-0.01,-0.06,
12:38:30:726,1.14,-4.45,1.09,-0.04,0.11,-0.07,
12:38:30:726,1.15,-4.45,1.09,-0.04,0.11,-0.07,
12:38:30:728,1.15,-4.45,1.09,-0.04,0.17,-0.07,
12:38:30:729,0.64,-1.47,1.88,-0.04,0.17,-0.07,
12:38:30:731,0.64,-1.47,1.88,-0.04,0.21,-0.06,
12:38:30:732,0.65,-1.47,1.88,-0.04,0.21,-0.06,
12:38:30:736,0.65,-1.47,1.88,-0.03,0.24,-0.06,
12:38:30:737,0.65,-1.47,1.88,-0.03,0.20,-0.06,
12:38:30:737,2.42,3.42,5.84,-0.03,0.20,-0.06,
12:38:30:737,2.42,3.42,5.84,-0.03,0.20,-0.06,
12:38:30:739,2.42,3.42,5.84,-0.02,0.05,-0.06,
12:38:30:739,0.69,-0.31,4.45,-0.02,0.05,-0.06,
12:38:30:741,0.69,-0.31,4.45,-0.00,-0.12,-0.05,
12:38:30:742,0.70,-0.31,4.45,-0.00,-0.12,-0.05,
12:38:30:744,0.70,-0.31,4.45,0.02,-0.21,-0.02,
12:38:30:744,1.27,1.34,4.23,0.02,-0.21,-0.02,
12:38:30:746,1.27,1.34,4.23,0.03,-0.17,-0.02,
12:38:30:747,1.27,1.34,4.23,0.03,-0.17,-0.02,
12:38:30:750,1.27,1.34,4.23,0.03,-0.04,-0.02,
12:38:30:750,1.04,-0.04,3.49,0.03,-0.04,-0.02,
12:38:30:751,1.04,-0.04,3.49,0.03,0.05,-0.03,
12:38:30:751,1.04,-0.04,3.49,0.03,0.05,-0.03,
12:38:30:753,1.04,-0.04,3.49,0.05,0.07,-0.04,
12:38:30:754,1.81,1.58,3.32,0.05,0.07,-0.04,
12:38:30:756,1.81,1.58,3.32,0.08,0.03,-0.05,
12:38:30:756,1.82,1.58,3.33,0.08,0.03,-0.05,
12:38:30:759,1.82,1.58,3.33,0.08,-0.03,-0.05,
12:38:30:759,2.31,1.94,3.76,0.08,-0.03,-0.05,
12:38:30:761,2.31,1.94,3.76,0.07,-0.03,-0.05,
12:38:30:762,2.31,1.94,3.77,0.07,-0.03,-0.05,
12:38:30:765,2.31,1.94,3.77,0.06,-0.01,-0.05,
12:38:30:766,1.11,-0.36,2.34,0.06,-0.01,-0.05,
12:38:30:766,1.11,-0.36,2.34,0.05,-0.01,-0.05,
12:38:30:767,1.11,-0.36,2.34,0.05,-0.01,-0.05,
12:38:30:769,1.11,-0.36,2.34,0.04,-0.02,-0.05,
12:38:30:770,1.41,-0.73,2.68,0.04,-0.02,-0.05,
12:38:30:771,1.41,-0.73,2.68,0.03,-0.03,-0.04,
12:38:30:772,1.41,-0.73,2.68,0.03,-0.03,-0.04,
12:38:30:774,1.41,-0.73,2.68,0.02,-0.05,-0.04,
12:38:30:775,1.22,-1.44,1.69,0.02,-0.05,-0.04,
12:38:30:776,1.22,-1.44,1.69,0.02,-0.08,-0.05,
12:38:30:777,1.22,-1.44,1.69,0.02,-0.08,-0.05,
12:38:30:779,1.22,-1.44,1.69,0.02,-0.06,-0.04,
12:38:30:780,1.54,0.03,2.10,0.02,-0.06,-0.04,
12:38:30:782,1.54,0.03,2.10,0.01,0.03,-0.04,
12:38:30:784,1.54,0.03,2.10,0.01,0.03,-0.04,
12:38:30:785,1.54,0.03,2.10,-0.01,0.11,-0.04,
12:38:30:785,1.36,-0.88,2.71,-0.01,0.11,-0.04,
12:38:30:786,1.36,-0.88,2.71,-0.03,0.09,-0.04,
12:38:30:786,1.36,-0.88,2.71,-0.03,0.09,-0.04,
12:38:30:790,1.36,-0.88,2.71,-0.04,-0.02,-0.03,
12:38:30:790,2.09,-0.85,2.97,-0.04,-0.02,-0.03,
12:38:30:792,2.09,-0.85,2.97,-0.04,-0.12,-0.02,
12:38:30:793,2.09,-0.85,2.96,-0.04,-0.12,-0.02,
12:38:30:794,2.09,-0.85,2.96,-0.04,-0.14,-0.02,
12:38:30:795,2.37,0.43,3.00,-0.04,-0.14,-0.02,
12:38:30:796,2.37,0.43,3.00,-0.03,-0.04,-0.03,
12:38:30:802,2.37,0.43,3.00,-0.03,-0.04,-0.03,
12:38:30:803,2.37,0.43,3.00,-0.00,0.11,-0.04,
12:38:30:803,-0.02,0.66,1.61,-0.00,0.11,-0.04,
12:38:30:804,-0.02,0.66,1.61,0.03,0.18,-0.05,
12:38:30:804,-0.02,0.66,1.62,0.03,0.18,-0.05,
12:38:30:804,-0.02,0.66,1.62,0.03,0.19,-0.04,
12:38:30:804,0.38,-0.32,3.55,0.03,0.19,-0.04,
12:38:30:806,0.38,-0.32,3.55,0.01,0.06,-0.03,
12:38:30:807,0.38,-0.32,3.55,0.01,0.06,-0.03,
12:38:30:809,0.38,-0.32,3.55,0.00,-0.11,-0.02,
12:38:30:809,1.62,-1.26,2.83,0.00,-0.11,-0.02,
12:38:30:811,1.62,-1.26,2.83,0.01,-0.24,-0.02,
12:38:30:812,1.62,-1.26,2.83,0.01,-0.24,-0.02,
12:38:30:819,1.62,-1.26,2.83,0.02,-0.28,-0.01,
12:38:30:819,1.62,-1.22,1.56,0.02,-0.28,-0.01,
12:38:30:819,1.62,-1.22,1.56,0.02,-0.22,-0.01,
12:38:30:820,1.62,-1.22,1.56,0.02,-0.22,-0.01,
12:38:30:820,1.62,-1.22,1.56,0.02,-0.10,-0.01,
12:38:30:820,2.21,0.81,0.83,0.02,-0.10,-0.01,
12:38:30:821,2.21,0.81,0.83,0.03,0.06,-0.03,
12:38:30:821,2.22,0.81,0.83,0.03,0.06,-0.03,
12:38:30:823,2.22,0.81,0.83,0.02,0.20,-0.05,
12:38:30:824,0.81,-1.52,1.05,0.02,0.20,-0.05,
12:38:30:826,0.81,-1.52,1.05,0.01,0.23,-0.06,
12:38:30:826,0.82,-1.52,1.05,0.01,0.23,-0.06,
12:38:30:828,0.82,-1.52,1.05,-0.03,0.16,-0.06,
12:38:30:829,1.26,-2.46,3.21,-0.03,0.16,-0.06,
12:38:30:831,1.26,-2.46,3.21,-0.07,0.06,-0.05,
12:38:30:833,1.26,-2.46,3.21,-0.07,0.06,-0.05,
12:38:30:833,1.26,-2.46,3.21,-0.09,0.00,-0.05,
12:38:30:834,0.43,-1.08,2.80,-0.09,0.00,-0.05,
12:38:30:836,0.43,-1.08,2.80,-0.08,-0.05,-0.04,
12:38:30:837,0.43,-1.08,2.80,-0.08,-0.05,-0.04,
12:38:30:839,0.43,-1.08,2.80,-0.06,-0.16,-0.02,
12:38:30:839,1.79,-1.30,2.63,-0.06,-0.16,-0.02,
12:38:30:841,1.79,-1.30,2.63,-0.06,-0.26,-0.01,
12:38:30:841,1.79,-1.30,2.63,-0.06,-0.26,-0.01,
12:38:30:844,1.79,-1.30,2.63,-0.06,-0.26,-0.01,
12:38:30:844,2.71,-2.12,2.25,-0.06,-0.26,-0.01,
12:38:30:846,2.71,-2.12,2.25,-0.06,-0.11,-0.02,
12:38:30:847,2.71,-2.12,2.25,-0.06,-0.11,-0.02,
12:38:30:848,2.71,-2.12,2.25,-0.05,0.08,-0.03,
12:38:30:849,1.11,-1.68,1.22,-0.05,0.08,-0.03,
12:38:30:851,1.11,-1.68,1.22,-0.02,0.18,-0.05,
12:38:30:852,1.11,-1.68,1.22,-0.02,0.18,-0.05,
12:38:30:853,1.11,-1.68,1.22,-0.02,0.18,-0.06,
12:38:30:854,1.89,-1.54,3.25,-0.02,0.18,-0.06,
12:38:30:856,1.89,-1.54,3.25,-0.01,0.14,-0.07,
12:38:30:857,1.89,-1.54,3.25,-0.01,0.14,-0.07,
12:38:30:859,1.89,-1.54,3.25,-0.00,0.10,-0.07,
12:38:30:860,0.67,-0.52,2.50,-0.00,0.10,-0.07,
12:38:30:861,0.67,-0.52,2.50,0.02,0.05,-0.07,
12:38:30:862,0.67,-0.52,2.50,0.02,0.05,-0.07,
12:38:30:864,0.67,-0.52,2.50,0.04,-0.05,-0.05,
12:38:30:865,1.35,0.70,2.87,0.04,-0.05,-0.05,
12:38:30:866,1.35,0.70,2.87,0.05,-0.17,-0.02,
12:38:30:867,1.35,0.70,2.87,0.05,-0.17,-0.02,
12:38:30:869,1.35,0.70,2.87,0.06,-0.23,-0.00,
12:38:30:870,1.38,-1.00,0.71,0.06,-0.23,-0.00,
12:38:30:871,1.38,-1.00,0.71,0.05,-0.17,0.00,
12:38:30:872,1.38,-1.00,0.71,0.05,-0.17,0.00,
12:38:30:873,1.38,-1.00,0.71,0.03,-0.07,-0.01,
12:38:30:874,1.65,-2.32,0.64,0.03,-0.07,-0.01,
12:38:30:876,1.65,-2.32,0.64,-0.00,0.01,-0.01,
12:38:30:876,1.65,-2.32,0.64,-0.00,0.01,-0.01,
12:38:30:879,1.65,-2.32,0.64,-0.02,0.04,-0.03,
12:38:30:880,1.98,-1.52,0.74,-0.02,0.04,-0.03,
12:38:30:882,1.98,-1.52,0.74,-0.04,0.10,-0.06,
12:38:30:883,1.98,-1.52,0.74,-0.04,0.10,-0.06,
12:38:30:884,1.98,-1.52,0.74,-0.07,0.16,-0.08,
12:38:30:884,0.56,-1.39,1.16,-0.07,0.16,-0.08,
12:38:30:886,0.56,-1.39,1.16,-0.07,0.16,-0.08,
12:38:30:886,0.57,-1.39,1.16,-0.07,0.16,-0.08,
12:38:30:889,0.57,-1.39,1.16,-0.08,0.11,-0.07,
12:38:30:889,0.67,-0.45,2.34,-0.08,0.11,-0.07,
12:38:30:891,0.67,-0.45,2.34,-0.10,0.03,-0.05,
12:38:30:892,0.67,-0.45,2.34,-0.10,0.03,-0.05,
12:38:30:894,0.67,-0.45,2.34,-0.12,-0.08,-0.04,
12:38:30:894,1.18,-3.07,2.03,-0.12,-0.08,-0.04,
12:38:30:896,1.18,-3.07,2.03,-0.12,-0.20,-0.02,
12:38:30:897,1.18,-3.07,2.03,-0.12,-0.20,-0.02,
12:38:30:899,1.18,-3.07,2.03,-0.12,-0.26,-0.01,
12:38:30:900,2.63,-2.03,2.08,-0.12,-0.26,-0.01,
12:38:30:901,2.63,-2.03,2.08,-0.13,-0.21,-0.02,
12:38:30:902,2.63,-2.03,2.08,-0.13,-0.21,-0.02,
12:38:30:904,2.63,-2.03,2.08,-0.13,-0.01,-0.03,
12:38:30:904,1.65,-1.38,1.65,-0.13,-0.01,-0.03,
12:38:30:906,1.65,-1.38,1.65,-0.12,0.18,-0.05,
12:38:30:907,1.65,-1.38,1.65,-0.12,0.18,-0.05,
12:38:30:908,1.65,-1.38,1.65,-0.10,0.27,-0.06,
12:38:30:909,0.89,-0.24,2.78,-0.10,0.27,-0.06,
12:38:30:911,0.89,-0.24,2.78,-0.08,0.24,-0.06,
12:38:30:912,0.89,-0.24,2.78,-0.08,0.24,-0.06,
12:38:30:914,0.89,-0.24,2.78,-0.04,0.12,-0.06,
12:38:30:915,1.26,0.23,3.31,-0.04,0.12,-0.06,
12:38:30:916,1.26,0.23,3.31,-0.01,-0.01,-0.06,
12:38:30:917,1.26,0.23,3.31,-0.01,-0.01,-0.06,
12:38:30:919,1.26,0.23,3.31,0.01,-0.10,-0.05,
12:38:30:919,0.45,-0.79,2.34,0.01,-0.10,-0.05,
12:38:30:921,0.45,-0.79,2.34,0.02,-0.17,-0.03,
12:38:30:928,0.45,-0.79,2.34,0.02,-0.17,-0.03,
12:38:30:930,0.45,-0.79,2.34,0.01,-0.19,-0.01,
12:38:30:931,1.59,-1.37,1.96,0.01,-0.19,-0.01,
12:38:30:932,1.59,-1.37,1.96,-0.01,-0.13,0.00,
12:38:30:933,1.59,-1.37,1.96,-0.01,-0.13,0.00,
12:38:30:934,1.59,-1.37,1.96,-0.04,-0.04,-0.00,
12:38:30:935,1.58,-2.94,1.28,-0.04,-0.04,-0.00,
12:38:30:936,1.58,-2.94,1.28,-0.05,0.01,-0.02,
12:38:30:937,1.58,-2.94,1.28,-0.05,0.01,-0.02,
12:38:30:938,1.58,-2.94,1.28,-0.06,0.04,-0.04,
12:38:30:939,1.37,-1.79,1.79,-0.06,0.04,-0.04,
12:38:30:940,1.37,-1.79,1.79,-0.06,0.12,-0.05,
12:38:30:942,1.37,-1.79,1.79,-0.06,0.12,-0.05,
12:38:30:943,1.37,-1.79,1.79,-0.07,0.21,-0.06,
12:38:30:943,0.23,-0.53,2.54,-0.07,0.21,-0.06,
12:38:30:944,0.23,-0.53,2.54,-0.07,0.23,-0.05,
12:38:30:945,0.23,-0.53,2.54,-0.07,0.23,-0.05,
12:38:30:945,0.23,-0.53,2.54,-0.08,0.13,-0.04,
12:38:30:946,0.82,-1.59,4.39,-0.08,0.13,-0.04,
12:38:30:946,0.82,-1.59,4.39,-0.08,-0.08,-0.02,
12:38:30:947,0.82,-1.59,4.39,-0.08,-0.08,-0.02,
12:38:30:952,0.82,-1.59,4.39,-0.07,-0.25,-0.00,
12:38:30:953,1.16,-2.41,2.46,-0.07,-0.25,-0.00,
12:38:30:953,1.16,-2.41,2.46,-0.05,-0.32,0.01,
12:38:30:953,1.16,-2.40,2.46,-0.05,-0.32,0.01,
12:38:30:953,1.16,-2.40,2.46,-0.05,-0.22,0.02,
12:38:30:954,2.03,-0.40,3.15,-0.05,-0.22,0.02,
12:38:30:956,2.03,-0.40,3.15,-0.04,-0.04,0.01,
12:38:30:957,2.03,-0.40,3.15,-0.04,-0.04,0.01,
12:38:30:959,2.03,-0.40,3.15,-0.02,0.06,-0.01,
12:38:30:960,1.34,-1.72,1.37,-0.02,0.06,-0.01,
12:38:30:961,1.34,-1.72,1.37,-0.01,0.12,-0.03,
12:38:30:962,1.34,-1.72,1.37,-0.01,0.12,-0.03,
12:38:30:963,1.34,-1.72,1.37,-0.01,0.16,-0.05,
12:38:30:964,1.63,-1.04,3.51,-0.01,0.16,-0.05,
12:38:30:966,1.63,-1.04,3.51,-0.00,0.11,-0.06,
12:38:30:966,1.63,-1.04,3.51,-0.00,0.11,-0.06,
12:38:30:968,1.63,-1.04,3.51,0.00,0.02,-0.06,
12:38:30:969,1.21,-0.95,3.13,0.00,0.02,-0.06,
12:38:30:971,1.21,-0.95,3.13,0.01,-0.05,-0.05,
12:38:30:971,1.21,-0.95,3.13,0.01,-0.05,-0.05,
12:38:30:973,1.21,-0.95,3.13,0.03,-0.11,-0.03,
12:38:30:974,1.00,-0.76,2.02,0.03,-0.11,-0.03,
12:38:30:976,1.00,-0.76,2.02,0.03,-0.16,-0.00,
12:38:30:976,1.00,-0.76,2.02,0.03,-0.16,-0.00,
12:38:30:978,1.00,-0.76,2.02,0.01,-0.16,0.02,
12:38:30:979,2.51,-1.23,2.51,0.01,-0.16,0.02,
12:38:30:981,2.51,-1.23,2.51,-0.01,-0.09,0.02,
12:38:30:982,2.51,-1.23,2.51,-0.01,-0.09,0.02,
12:38:30:983,2.51,-1.23,2.51,-0.02,0.02,0.00,
12:38:30:984,0.84,-2.25,0.88,-0.02,0.02,0.00,
12:38:30:986,0.84,-2.25,0.88,-0.02,0.14,-0.01,
12:38:30:986,0.84,-2.25,0.88,-0.02,0.14,-0.01,
12:38:30:988,0.84,-2.25,0.88,-0.03,0.23,-0.03,
12:38:30:989,0.43,-0.41,3.22,-0.03,0.23,-0.03,
12:38:30:991,0.43,-0.41,3.22,-0.04,0.25,-0.03,
12:38:30:992,0.43,-0.41,3.22,-0.04,0.25,-0.03,
12:38:30:993,0.43,-0.41,3.22,-0.04,0.16,-0.04,
12:38:30:994,0.56,-0.73,4.35,-0.04,0.16,-0.04,
12:38:30:996,0.56,-0.73,4.35,-0.05,-0.00,-0.03,
12:38:30:997,0.56,-0.73,4.35,-0.05,-0.00,-0.03,
12:38:30:998,0.56,-0.73,4.35,-0.03,-0.22,-0.01,
12:38:30:999,1.80,-0.65,3.75,-0.03,-0.22,-0.01,
12:38:31:001,1.80,-0.65,3.75,-0.01,-0.38,0.00,
12:38:31:002,1.80,-0.65,3.75,-0.01,-0.38,0.00,
12:38:31:003,1.80,-0.65,3.75,-0.00,-0.41,0.01,
12:38:31:004,3.25,-0.90,3.51,-0.00,-0.41,0.01,
12:38:31:007,3.25,-0.90,3.51,-0.01,-0.24,0.01,
12:38:31:007,3.25,-0.90,3.51,-0.01,-0.24,0.01,
12:38:31:009,3.25,-0.90,3.51,0.01,0.01,-0.01,
12:38:31:009,0.73,-2.02,0.23,0.01,0.01,-0.01,
12:38:31:011,0.73,-2.02,0.23,0.02,0.18,-0.02,
12:38:31:012,0.73,-2.02,0.23,0.02,0.18,-0.02,
12:38:31:020,0.73,-2.02,0.23,0.02,0.31,-0.03,
12:38:31:020,1.16,-0.71,3.82,0.02,0.31,-0.03,
12:38:31:021,1.16,-0.71,3.82,0.01,0.34,-0.04,
12:38:31:021,1.16,-0.71,3.82,0.01,0.34,-0.04,
12:38:31:022,1.16,-0.71,3.82,0.01,0.27,-0.06,
12:38:31:022,0.28,-1.19,4.42,0.01,0.27,-0.06,
12:38:31:022,0.28,-1.19,4.42,0.02,0.11,-0.05,
12:38:31:022,0.28,-1.19,4.42,0.02,0.11,-0.05,
12:38:31:023,0.28,-1.19,4.42,0.04,-0.13,-0.03,
12:38:31:024,0.58,-0.44,3.89,0.04,-0.13,-0.03,
12:38:31:026,0.58,-0.44,3.89,0.06,-0.36,0.01,
12:38:31:027,0.58,-0.44,3.89,0.06,-0.36,0.01,
12:38:31:029,0.58,-0.44,3.89,0.07,-0.48,0.03,
12:38:31:029,2.25,-1.72,2.31,0.07,-0.48,0.03,
12:38:31:031,2.25,-1.72,2.31,0.05,-0.41,0.05,
12:38:31:032,2.24,-1.72,2.31,0.05,-0.41,0.05,
12:38:31:034,2.24,-1.72,2.31,0.04,-0.14,0.04,
12:38:31:034,0.99,-1.60,0.82,0.04,-0.14,0.04,
12:38:31:036,0.99,-1.60,0.82,0.03,0.13,0.03,
12:38:31:037,0.99,-1.60,0.83,0.03,0.13,0.03,
12:38:31:038,0.99,-1.60,0.83,0.03,0.28,0.01,
12:38:31:039,1.33,-0.48,2.27,0.03,0.28,0.01,
12:38:31:041,1.33,-0.48,2.27,0.00,0.33,-0.01,
12:38:31:041,1.33,-0.48,2.27,0.00,0.33,-0.01,
12:38:31:044,1.33,-0.48,2.27,-0.02,0.25,-0.04,
12:38:31:044,1.47,-1.76,4.30,-0.02,0.25,-0.04,
12:38:31:046,1.47,-1.76,4.30,-0.03,0.07,-0.05,
12:38:31:051,1.47,-1.76,4.30,-0.03,0.07,-0.05,
12:38:31:051,1.47,-1.76,4.30,-0.02,-0.13,-0.03,
12:38:31:052,0.83,-1.48,3.67,-0.02,-0.13,-0.03,
12:38:31:052,0.83,-1.48,3.67,0.00,-0.29,-0.00,
12:38:31:052,0.83,-1.48,3.67,0.00,-0.29,-0.00,
12:38:31:054,0.83,-1.48,3.67,0.02,-0.36,0.03,
12:38:31:054,1.63,-1.49,2.41,0.02,-0.36,0.03,
12:38:31:056,1.63,-1.49,2.41,0.02,-0.31,0.05,
12:38:31:057,1.63,-1.49,2.41,0.02,-0.31,0.05,
12:38:31:059,1.63,-1.49,2.41,0.03,-0.16,0.05,
12:38:31:060,1.89,-1.07,1.33,0.03,-0.16,0.05,
12:38:31:061,1.89,-1.07,1.33,0.03,0.03,0.03,
12:38:31:062,1.89,-1.07,1.33,0.03,0.03,0.03,
12:38:31:064,1.89,-1.07,1.33,0.03,0.22,0.00,
12:38:31:065,1.86,-0.76,2.84,0.03,0.22,0.00,
12:38:31:066,1.86,-0.76,2.84,0.01,0.30,-0.03,
12:38:31:067,1.86,-0.76,2.85,0.01,0.30,-0.03,
12:38:31:069,1.86,-0.76,2.85,-0.00,0.22,-0.06,
12:38:31:069,1.55,-1.17,3.80,-0.00,0.22,-0.06,
12:38:31:071,1.55,-1.17,3.80,0.01,0.06,-0.07,
12:38:31:072,1.55,-1.16,3.80,0.01,0.06,-0.07,
12:38:31:074,1.55,-1.16,3.80,0.03,-0.11,-0.06,
12:38:31:074,0.76,-0.54,3.30,0.03,-0.11,-0.06,
12:38:31:076,0.76,-0.54,3.30,0.03,-0.21,-0.02,
12:38:31:076,0.76,-0.54,3.30,0.03,-0.21,-0.02,
12:38:31:078,0.76,-0.54,3.30,0.03,-0.22,0.02,
12:38:31:079,0.93,-0.44,2.52,0.03,-0.22,0.02,
12:38:31:081,0.93,-0.44,2.52,0.03,-0.15,0.04,
12:38:31:082,0.92,-0.44,2.52,0.03,-0.15,0.04,
12:38:31:084,0.92,-0.44,2.52,0.03,-0.09,0.05,
12:38:31:084,2.39,-0.68,2.36,0.03,-0.09,0.05,
12:38:31:086,2.39,-0.68,2.36,0.02,-0.07,0.04,
12:38:31:087,2.39,-0.68,2.36,0.02,-0.07,0.04,
12:38:31:089,2.39,-0.68,2.36,-0.00,-0.02,0.02,
12:38:31:089,2.84,-1.14,2.74,-0.00,-0.02,0.02,
12:38:31:091,2.84,-1.14,2.74,-0.03,0.08,-0.02,
12:38:31:092,2.84,-1.14,2.74,-0.03,0.08,-0.02,
12:38:31:094,2.84,-1.14,2.74,-0.04,0.11,-0.04,
12:38:31:095,1.63,-2.01,2.45,-0.04,0.11,-0.04,
12:38:31:098,1.63,-2.01,2.45,-0.03,0.04,-0.06,
12:38:31:098,1.63,-2.01,2.45,-0.03,0.04,-0.06,
12:38:31:099,1.63,-2.01,2.45,-0.02,-0.05,-0.06,
12:38:31:100,1.47,-1.45,3.17,-0.02,-0.05,-0.06,
12:38:31:101,1.47,-1.45,3.17,-0.02,-0.04,-0.05,
12:38:31:103,1.47,-1.45,3.17,-0.02,-0.04,-0.05,
12:38:31:104,1.47,-1.45,3.17,-0.02,0.04,-0.04,
12:38:31:105,0.72,-0.78,3.58,-0.02,0.04,-0.04,
12:38:31:106,0.72,-0.78,3.58,-0.00,0.03,-0.02,
12:38:31:107,0.73,-0.78,3.58,-0.00,0.03,-0.02,
12:38:31:111,0.73,-0.78,3.58,0.02,-0.07,0.00,
12:38:31:112,1.49,-1.33,3.23,0.02,-0.07,0.00,
12:38:31:112,1.49,-1.33,3.23,0.03,-0.15,0.01,
12:38:31:113,1.49,-1.33,3.23,0.03,-0.15,0.01,
12:38:31:114,1.49,-1.33,3.23,0.03,-0.13,0.01,
12:38:31:114,1.76,-1.94,3.00,0.03,-0.13,0.01,
12:38:31:116,1.76,-1.94,3.00,0.02,-0.06,0.01,
12:38:31:117,1.76,-1.94,3.00,0.02,-0.06,0.01,
12:38:31:119,1.76,-1.94,3.00,0.02,-0.00,-0.01,
12:38:31:119,1.69,-1.06,2.62,0.02,-0.00,-0.01,
12:38:31:121,1.69,-1.06,2.62,0.03,0.02,-0.02,
12:38:31:122,1.69,-1.06,2.62,0.03,0.02,-0.02,
12:38:31:124,1.69,-1.06,2.62,0.04,0.04,-0.03,
12:38:31:125,1.04,-1.18,2.24,0.04,0.04,-0.03,
12:38:31:126,1.04,-1.18,2.24,0.04,0.04,-0.04,
12:38:31:127,1.04,-1.18,2.24,0.04,0.04,-0.04,
12:38:31:130,1.04,-1.18,2.24,0.03,0.02,-0.03,
12:38:31:130,1.24,-0.87,2.95,0.03,0.02,-0.03,
12:38:31:138,1.24,-0.87,2.95,0.02,-0.02,-0.03,
12:38:31:139,1.24,-0.87,2.95,0.02,-0.02,-0.03,
12:38:31:139,1.24,-0.87,2.95,0.01,-0.06,-0.02,
12:38:31:140,1.20,-1.86,2.77,0.01,-0.06,-0.02,
12:38:31:140,1.20,-1.86,2.77,-0.01,-0.07,-0.01,
12:38:31:141,1.20,-1.86,2.77,-0.01,-0.07,-0.01,
12:38:31:141,1.20,-1.86,2.77,-0.02,-0.07,0.00,
12:38:31:142,1.58,-1.72,2.75,-0.02,-0.07,0.00,
12:38:31:142,1.58,-1.72,2.75,-0.02,-0.09,0.00,
12:38:31:142,1.58,-1.72,2.75,-0.02,-0.09,0.00,
12:38:31:144,1.58,-1.72,2.75,-0.02,-0.11,0.00,
12:38:31:145,1.53,-1.74,2.07,-0.02,-0.11,0.00,
12:38:31:146,1.53,-1.74,2.07,-0.01,-0.05,-0.00,
12:38:31:147,1.53,-1.74,2.07,-0.01,-0.05,-0.00,
12:38:31:151,1.53,-1.74,2.07,-0.01,0.08,-0.02,
12:38:31:152,1.22,-0.47,2.70,-0.01,0.08,-0.02,
12:38:31:153,1.22,-0.47,2.70,-0.01,0.14,-0.03,
12:38:31:153,1.22,-0.47,2.70,-0.01,0.14,-0.03,
12:38:31:154,1.22,-0.47,2.70,-0.02,0.10,-0.04,
12:38:31:154,1.91,-0.57,4.20,-0.02,0.10,-0.04,
12:38:31:156,1.91,-0.57,4.20,-0.03,0.02,-0.04,
12:38:31:157,1.92,-0.57,4.19,-0.03,0.02,-0.04,
12:38:31:159,1.92,-0.57,4.19,-0.03,-0.08,-0.04,
12:38:31:159,1.62,-1.90,3.31,-0.03,-0.08,-0.04,
12:38:31:161,1.62,-1.90,3.31,-0.02,-0.19,-0.02,
12:38:31:162,1.62,-1.90,3.31,-0.02,-0.19,-0.02,
12:38:31:164,1.62,-1.90,3.31,-0.01,-0.20,-0.01,
12:38:31:165,1.67,-0.22,2.84,-0.01,-0.20,-0.01,
12:38:31:166,1.67,-0.22,2.84,0.00,-0.07,-0.01,
12:38:31:167,1.67,-0.22,2.84,0.00,-0.07,-0.01,
12:38:31:169,1.67,-0.22,2.84,0.01,0.06,-0.01,
12:38:31:169,1.64,-0.39,2.42,0.01,0.06,-0.01,
12:38:31:172,1.64,-0.39,2.42,0.02,0.07,-0.02,
12:38:31:178,1.64,-0.39,2.42,0.02,0.07,-0.02,
12:38:31:179,1.64,-0.39,2.42,0.01,0.02,-0.02,
12:38:31:180,2.71,-1.48,3.58,0.01,0.02,-0.02,
12:38:31:180,2.71,-1.48,3.58,-0.01,-0.04,-0.03,
12:38:31:181,2.71,-1.48,3.58,-0.01,-0.04,-0.03,
12:38:31:182,2.71,-1.48,3.58,-0.02,-0.11,-0.04,
12:38:31:182,1.85,-3.23,2.37,-0.02,-0.11,-0.04,
12:38:31:183,1.85,-3.23,2.37,-0.02,-0.11,-0.04,
12:38:31:183,1.85,-3.23,2.37,-0.02,-0.11,-0.04,
12:38:31:184,1.85,-3.23,2.37,-0.02,0.00,-0.04,
12:38:31:184,1.10,-0.92,2.65,-0.02,0.00,-0.04,
12:38:31:186,1.10,-0.92,2.65,-0.02,0.11,-0.03,
12:38:31:186,1.10,-0.92,2.65,-0.02,0.11,-0.03,
12:38:31:188,1.10,-0.92,2.65,-0.00,0.10,-0.03,
12:38:31:189,1.68,-0.67,3.28,-0.00,0.10,-0.03,
12:38:31:191,1.68,-0.67,3.28,0.01,0.02,-0.03,
12:38:31:192,1.68,-0.67,3.28,0.01,0.02,-0.03,
12:38:31:194,1.68,-0.67,3.28,0.01,-0.04,-0.03,
12:38:31:194,1.05,-2.52,2.84,0.01,-0.04,-0.03,
12:38:31:196,1.05,-2.52,2.84,-0.01,-0.08,-0.02,
12:38:31:197,1.05,-2.52,2.84,-0.01,-0.08,-0.02,
12:38:31:199,1.05,-2.52,2.84,-0.03,-0.06,-0.02,
12:38:31:199,1.57,-0.88,3.59,-0.03,-0.06,-0.02,
12:38:31:202,1.57,-0.88,3.59,-0.03,-0.02,-0.01,
12:38:31:202,1.57,-0.88,3.59,-0.03,-0.02,-0.01,
12:38:31:203,1.57,-0.88,3.59,-0.03,-0.07,-0.00,
12:38:31:204,2.17,-1.42,2.88,-0.03,-0.07,-0.00,
12:38:31:206,2.17,-1.42,2.88,-0.02,-0.13,0.00,
12:38:31:207,2.17,-1.42,2.88,-0.02,-0.13,0.00,
12:38:31:208,2.17,-1.42,2.88,-0.01,-0.08,-0.01,
12:38:31:209,1.32,-1.33,2.50,-0.01,-0.08,-0.01,
12:38:31:211,1.32,-1.33,2.50,-0.01,0.09,-0.02,
12:38:31:211,1.32,-1.33,2.50,-0.01,0.09,-0.02,
12:38:31:218,1.32,-1.33,2.50,-0.01,0.22,-0.03,
12:38:31:219,0.55,-0.74,3.38,-0.01,0.22,-0.03,
12:38:31:219,0.55,-0.74,3.38,-0.02,0.20,-0.03,
12:38:31:219,0.55,-0.74,3.38,-0.02,0.20,-0.03,
12:38:31:220,0.55,-0.74,3.38,-0.01,0.00,-0.03,
12:38:31:220,2.04,-1.30,4.21,-0.01,0.00,-0.03,
12:38:31:221,2.04,-1.30,4.21,-0.01,-0.21,-0.02,
12:38:31:222,2.04,-1.30,4.21,-0.01,-0.21,-0.02,
12:38:31:223,2.04,-1.30,4.21,-0.01,-0.27,-0.01,
12:38:31:224,1.52,-1.50,3.30,-0.01,-0.27,-0.01,
12:38:31:226,1.52,-1.50,3.30,-0.02,-0.11,-0.01,
12:38:31:226,1.52,-1.50,3.30,-0.02,-0.11,-0.01,
12:38:31:228,1.52,-1.50,3.30,-0.02,0.07,-0.01,
12:38:31:229,0.69,-1.22,2.45,-0.02,0.07,-0.01,
12:38:31:231,0.69,-1.22,2.45,-0.02,0.08,-0.00,
12:38:31:232,0.69,-1.22,2.45,-0.02,0.08,-0.00,
12:38:31:234,0.69,-1.22,2.45,-0.01,-0.02,-0.00,
12:38:31:235,2.36,-0.67,3.37,-0.01,-0.02,-0.00,
12:38:31:236,2.36,-0.67,3.37,-0.00,-0.07,-0.01,
12:38:31:237,2.36,-0.67,3.37,-0.00,-0.07,-0.01,
12:38:31:238,2.36,-0.67,3.37,-0.00,-0.04,-0.02,
12:38:31:239,1.34,-0.22,3.16,-0.00,-0.04,-0.02,
12:38:31:241,1.34,-0.22,3.16,-0.01,0.07,-0.03,
12:38:31:241,1.34,-0.22,3.16,-0.01,0.07,-0.03,
12:38:31:243,1.34,-0.22,3.16,-0.03,0.15,-0.04,
12:38:31:244,0.59,-1.39,3.99,-0.03,0.15,-0.04,
12:38:31:246,0.59,-1.39,3.99,-0.04,0.10,-0.03,
12:38:31:247,0.60,-1.39,3.99,-0.04,0.10,-0.03,
12:38:31:249,0.60,-1.39,3.99,-0.03,-0.07,-0.02,
12:38:31:250,1.45,-1.65,3.60,-0.03,-0.07,-0.02,
12:38:31:251,1.45,-1.65,3.60,-0.03,-0.22,0.00,
12:38:31:252,1.45,-1.65,3.60,-0.03,-0.22,0.00,
12:38:31:253,1.45,-1.65,3.60,-0.04,-0.26,0.02,
12:38:31:254,2.05,-1.50,3.68,-0.04,-0.26,0.02,
12:38:31:256,2.05,-1.50,3.68,-0.03,-0.16,0.02,
12:38:31:257,2.05,-1.50,3.67,-0.03,-0.16,0.02,
12:38:31:259,2.05,-1.50,3.67,-0.02,0.00,0.02,
12:38:31:260,1.21,-0.52,2.69,-0.02,0.00,0.02,
12:38:31:261,1.21,-0.52,2.69,-0.01,0.14,0.01,
12:38:31:262,1.21,-0.52,2.69,-0.01,0.14,0.01,
12:38:31:264,1.21,-0.52,2.69,-0.00,0.16,-0.01,
12:38:31:265,1.21,-2.36,3.42,-0.00,0.16,-0.01,
12:38:31:266,1.21,-2.36,3.42,-0.00,0.07,-0.02,
12:38:31:268,1.21,-2.36,3.42,-0.00,0.07,-0.02,
12:38:31:269,1.21,-2.36,3.42,0.00,-0.08,-0.02,
12:38:31:269,1.67,-1.91,3.88,0.00,-0.08,-0.02,
12:38:31:271,1.67,-1.91,3.88,0.01,-0.18,-0.00,
12:38:31:272,1.67,-1.91,3.88,0.01,-0.18,-0.00,
12:38:31:274,1.67,-1.91,3.88,0.02,-0.12,0.01,
12:38:31:274,0.97,-0.08,3.27,0.02,-0.12,0.01,
12:38:31:276,0.97,-0.08,3.27,0.03,-0.02,0.02,
12:38:31:277,0.97,-0.08,3.27,0.03,-0.02,0.02,
12:38:31:279,0.97,-0.08,3.27,0.03,0.02,0.02,
12:38:31:279,1.80,-0.42,3.21,0.03,0.02,0.02,
12:38:31:281,1.80,-0.42,3.21,0.02,-0.02,0.03,
12:38:31:282,1.80,-0.42,3.21,0.02,-0.02,0.03,
12:38:31:284,1.80,-0.42,3.21,0.01,-0.07,0.02,
12:38:31:285,1.82,-2.17,2.49,0.01,-0.07,0.02,
12:38:31:286,1.82,-2.17,2.49,-0.00,-0.09,0.01,
12:38:31:287,1.82,-2.17,2.49,-0.00,-0.09,0.01,
12:38:31:289,1.82,-2.17,2.49,-0.02,-0.03,-0.00,
12:38:31:289,1.41,-1.17,2.99,-0.02,-0.03,-0.00,
12:38:31:291,1.41,-1.17,2.99,-0.03,0.06,-0.02,
12:38:31:292,1.41,-1.17,2.99,-0.03,0.06,-0.02,
12:38:31:294,1.41,-1.17,2.99,-0.04,0.04,-0.02,
12:38:31:294,1.84,-1.69,3.18,-0.04,0.04,-0.02,
12:38:31:297,1.84,-1.69,3.18,-0.03,-0.05,-0.01,
12:38:31:306,1.84,-1.69,3.18,-0.03,-0.05,-0.01,
12:38:31:307,1.84,-1.69,3.18,-0.00,-0.09,-0.01,
12:38:31:308,0.69,-1.66,2.32,-0.00,-0.09,-0.01,
12:38:31:309,0.69,-1.66,2.32,-0.01,-0.02,0.00,
12:38:31:310,0.69,-1.66,2.32,-0.01,-0.02,0.00,
12:38:31:310,0.69,-1.66,2.32,-0.02,0.07,0.01,
12:38:31:311,1.60,0.05,4.53,-0.02,0.07,0.01,
12:38:31:312,1.60,0.05,4.53,-0.02,0.09,0.01,
12:38:31:313,1.60,0.05,4.53,-0.02,0.09,0.01,
12:38:31:314,1.60,0.05,4.53,-0.01,0.01,0.01,
12:38:31:315,0.97,-2.03,3.26,-0.01,0.01,0.01,
12:38:31:316,0.97,-2.03,3.26,-0.01,-0.11,0.01,
12:38:31:317,0.97,-2.03,3.26,-0.01,-0.11,0.01,
12:38:31:317,0.97,-2.03,3.26,-0.00,-0.21,0.02,
12:38:31:318,1.73,-1.15,3.11,-0.00,-0.21,0.02,
12:38:31:319,1.73,-1.15,3.11,0.00,-0.16,0.02,
12:38:31:319,1.73,-1.15,3.11,0.00,-0.16,0.02,
12:38:31:320,1.73,-1.15,3.11,-0.00,-0.02,0.01,
12:38:31:320,0.90,-1.51,2.30,-0.00,-0.02,0.01,
12:38:31:321,0.90,-1.51,2.30,0.00,0.10,0.00,
12:38:31:321,0.90,-1.51,2.30,0.00,0.10,0.00,
12:38:31:324,0.90,-1.51,2.30,0.01,0.15,-0.01,
12:38:31:324,1.30,0.37,3.55,0.01,0.15,-0.01,
12:38:31:326,1.30,0.37,3.55,0.01,0.11,-0.01,
12:38:31:326,1.30,0.37,3.55,0.01,0.11,-0.01,
12:38:31:328,1.30,0.37,3.55,0.00,-0.03,-0.00,
12:38:31:329,2.40,-1.49,4.23,0.00,-0.03,-0.00,
12:38:31:334,2.40,-1.49,4.23,-0.02,-0.19,0.00,
12:38:31:335,2.40,-1.49,4.23,-0.02,-0.19,0.00,
12:38:31:335,2.40,-1.49,4.23,-0.02,-0.25,0.01,
12:38:31:336,1.00,-3.27,1.97,-0.02,-0.25,0.01,
12:38:31:336,1.00,-3.27,1.97,-0.01,-0.22,0.02,
12:38:31:336,0.99,-3.27,1.97,-0.01,-0.22,0.02,
12:38:31:339,0.99,-3.27,1.97,-0.01,-0.10,0.02,
12:38:31:340,1.31,-0.90,2.01,-0.01,-0.10,0.02,
12:38:31:341,1.31,-0.90,2.01,-0.01,0.10,0.02,
12:38:31:342,1.31,-0.90,2.01,-0.01,0.10,0.02,
12:38:31:344,1.31,-0.90,2.01,-0.01,0.25,0.01,
12:38:31:344,1.16,-0.90,3.04,-0.01,0.25,0.01,
12:38:31:347,1.16,-0.90,3.04,-0.01,0.23,-0.01,
12:38:31:347,1.16,-0.90,3.04,-0.01,0.23,-0.01,
12:38:31:349,1.16,-0.90,3.04,-0.01,0.09,-0.01,
12:38:31:349,0.83,-2.36,3.43,-0.01,0.09,-0.01,
12:38:31:351,0.83,-2.36,3.43,-0.01,-0.10,-0.00,
12:38:31:351,0.83,-2.36,3.42,-0.01,-0.10,-0.00,
12:38:31:354,0.83,-2.36,3.42,-0.02,-0.23,0.02,
12:38:31:354,1.46,-1.40,4.12,-0.02,-0.23,0.02,
12:38:31:356,1.46,-1.40,4.12,-0.02,-0.21,0.04,
12:38:31:357,1.46,-1.40,4.12,-0.02,-0.21,0.04,
12:38:31:359,1.46,-1.40,4.12,-0.00,-0.13,0.05,
12:38:31:360,0.66,-1.20,1.84,-0.00,-0.13,0.05,
12:38:31:361,0.66,-1.20,1.84,0.01,-0.11,0.06,
12:38:31:362,0.66,-1.20,1.84,0.01,-0.11,0.06,
12:38:31:364,0.66,-1.20,1.84,0.00,-0.10,0.07,
12:38:31:364,2.80,-1.76,3.23,0.00,-0.10,0.07,
12:38:31:367,2.80,-1.76,3.23,-0.01,-0.03,0.05,
12:38:31:368,2.80,-1.76,3.23,-0.01,-0.03,0.05,
12:38:31:369,2.80,-1.76,3.23,-0.01,0.11,0.03,
12:38:31:370,0.67,-1.58,2.14,-0.01,0.11,0.03,
12:38:31:371,0.67,-1.58,2.14,-0.01,0.21,0.01,
12:38:31:372,0.67,-1.58,2.14,-0.01,0.21,0.01,
12:38:31:374,0.67,-1.58,2.14,-0.01,0.17,-0.00,
12:38:31:374,1.56,-0.23,4.48,-0.01,0.17,-0.00,
12:38:31:376,1.56,-0.23,4.48,-0.01,-0.01,0.00,
12:38:31:376,1.56,-0.23,4.48,-0.01,-0.01,0.00,
12:38:31:379,1.56,-0.23,4.48,-0.01,-0.19,0.01,
12:38:31:380,1.27,-1.98,3.12,-0.01,-0.19,0.01,
12:38:31:382,1.27,-1.98,3.12,-0.01,-0.24,0.02,
12:38:31:383,1.27,-1.98,3.12,-0.01,-0.24,0.02,
12:38:31:384,1.27,-1.98,3.12,-0.02,-0.19,0.04,
12:38:31:384,1.02,-2.04,2.59,-0.02,-0.19,0.04,
12:38:31:386,1.02,-2.04,2.59,-0.03,-0.10,0.05,
12:38:31:386,1.02,-2.04,2.59,-0.03,-0.10,0.05,
12:38:31:389,1.02,-2.04,2.59,-0.03,-0.04,0.05,
12:38:31:389,2.90,-0.37,3.38,-0.03,-0.04,0.05,
12:38:31:391,2.90,-0.37,3.38,-0.02,0.01,0.03,
12:38:31:392,2.90,-0.37,3.38,-0.02,0.01,0.03,
12:38:31:394,2.90,-0.37,3.38,-0.02,0.08,0.01,
12:38:31:394,1.09,-1.51,2.55,-0.02,0.08,0.01,
12:38:31:397,1.09,-1.51,2.55,-0.02,0.13,-0.01,
12:38:31:398,1.09,-1.51,2.54,-0.02,0.13,-0.01,
12:38:31:399,1.09,-1.51,2.54,-0.02,0.12,-0.03,
12:38:31:400,1.19,-1.09,4.52,-0.02,0.12,-0.03,
12:38:31:402,1.19,-1.09,4.52,-0.02,0.03,-0.02,
12:38:31:402,1.19,-1.09,4.52,-0.02,0.03,-0.02,
12:38:31:404,1.19,-1.09,4.52,-0.01,-0.09,-0.01,
12:38:31:404,0.89,-1.08,3.37,-0.01,-0.09,-0.01,
12:38:31:407,0.89,-1.08,3.37,0.01,-0.20,0.02,
12:38:31:407,0.89,-1.08,3.37,0.01,-0.20,0.02,
12:38:31:409,0.89,-1.08,3.37,0.01,-0.26,0.05,
12:38:31:410,2.74,-0.78,3.36,0.01,-0.26,0.05,
12:38:31:411,2.74,-0.78,3.36,0.00,-0.27,0.05,
12:38:31:412,2.73,-0.78,3.36,0.00,-0.27,0.05,
12:38:31:414,2.73,-0.78,3.36,-0.00,-0.18,0.05,
12:38:31:415,2.49,-1.62,1.93,-0.00,-0.18,0.05,
12:38:31:416,2.49,-1.62,1.93,-0.01,0.02,0.03,
12:38:31:417,2.49,-1.62,1.93,-0.01,0.02,0.03,
12:38:31:419,2.49,-1.62,1.93,-0.01,0.19,0.02,
12:38:31:419,0.14,-3.26,1.60,-0.01,0.19,0.02,
12:38:31:421,0.14,-3.26,1.60,-0.01,0.26,0.00,
12:38:31:428,0.14,-3.26,1.60,-0.01,0.26,0.00,
12:38:31:429,0.14,-3.26,1.60,-0.02,0.18,-0.00,
12:38:31:430,1.75,-1.05,4.63,-0.02,0.18,-0.00,
12:38:31:430,1.75,-1.05,4.63,-0.02,0.03,-0.00,
12:38:31:431,1.75,-1.05,4.63,-0.02,0.03,-0.00,
12:38:31:431,1.75,-1.05,4.63,-0.03,-0.07,-0.00,
12:38:31:432,0.91,-1.01,4.34,-0.03,-0.07,-0.00,
12:38:31:432,0.91,-1.01,4.34,-0.01,-0.13,0.00,
12:38:31:433,0.91,-1.01,4.34,-0.01,-0.13,0.00,
12:38:31:434,0.91,-1.01,4.34,0.01,-0.20,0.03,
12:38:31:435,1.26,-0.90,3.04,0.01,-0.20,0.03,
12:38:31:439,1.26,-0.90,3.04,0.02,-0.26,0.05,
12:38:31:439,1.26,-0.90,3.04,0.02,-0.26,0.05,
12:38:31:439,1.26,-0.90,3.04,0.01,-0.22,0.06,
12:38:31:440,2.21,-1.74,2.80,0.01,-0.22,0.06,
12:38:31:441,2.21,-1.74,2.80,-0.01,-0.04,0.05,
12:38:31:442,2.21,-1.74,2.80,-0.01,-0.04,0.05,
12:38:31:444,2.21,-1.74,2.80,-0.01,0.17,0.03,
12:38:31:444,1.10,-1.13,2.72,-0.01,0.17,0.03,
12:38:31:449,1.10,-1.13,2.72,-0.02,0.25,0.00,
12:38:31:450,1.10,-1.13,2.72,-0.02,0.25,0.00,
12:38:31:450,1.10,-1.13,2.72,-0.02,0.22,-0.01,
12:38:31:450,1.38,-0.31,5.67,-0.02,0.22,-0.01,
12:38:31:451,1.38,-0.31,5.67,-0.01,0.07,-0.01,
12:38:31:451,1.38,-0.31,5.67,-0.01,0.07,-0.01,
12:38:31:454,1.38,-0.31,5.67,-0.00,-0.16,0.00,
12:38:31:454,1.26,-0.83,4.66,-0.00,-0.16,0.00,
12:38:31:456,1.26,-0.83,4.66,0.02,-0.29,0.03,
12:38:31:457,1.25,-0.83,4.66,0.02,-0.29,0.03,
12:38:31:459,1.25,-0.83,4.66,0.03,-0.25,0.05,
12:38:31:460,0.27,-0.89,3.42,0.03,-0.25,0.05,
12:38:31:461,0.27,-0.89,3.42,0.03,-0.08,0.06,
12:38:31:462,0.27,-0.89,3.43,0.03,-0.08,0.06,
12:38:31:464,0.27,-0.89,3.43,0.03,0.03,0.07,
12:38:31:465,1.88,-0.10,4.03,0.03,0.03,0.07,
12:38:31:467,1.88,-0.10,4.03,0.03,-0.01,0.07,
12:38:31:468,1.87,-0.10,4.03,0.03,-0.01,0.07,
12:38:31:469,1.87,-0.10,4.03,0.03,-0.08,0.05,
12:38:31:470,1.76,-1.64,3.59,0.03,-0.08,0.05,
12:38:31:471,1.76,-1.64,3.59,0.02,-0.06,0.03,
12:38:31:472,1.76,-1.64,3.59,0.02,-0.06,0.03,
12:38:31:474,1.76,-1.64,3.59,0.02,0.02,0.01,
12:38:31:474,1.39,0.01,4.07,0.02,0.02,0.01,
12:38:31:476,1.39,0.01,4.07,0.03,0.03,0.01,
12:38:31:476,1.39,0.01,4.07,0.03,0.03,0.01,
12:38:31:479,1.39,0.01,4.07,0.04,-0.03,0.01,
12:38:31:479,1.48,0.38,4.29,0.04,-0.03,0.01,
12:38:31:482,1.48,0.38,4.29,0.04,-0.10,0.02,
12:38:31:483,1.47,0.38,4.29,0.04,-0.10,0.02,
12:38:31:484,1.47,0.38,4.29,0.04,-0.14,0.03,
12:38:31:484,1.19,-2.09,3.29,0.04,-0.14,0.03,
12:38:31:486,1.19,-2.09,3.29,0.02,-0.15,0.04,
12:38:31:487,1.19,-2.09,3.30,0.02,-0.15,0.04,
12:38:31:489,1.19,-2.09,3.30,0.01,-0.14,0.05,
12:38:31:489,2.87,-0.21,4.19,0.01,-0.14,0.05,
12:38:31:492,2.87,-0.21,4.19,0.01,-0.11,0.04,
12:38:31:493,2.87,-0.21,4.19,0.01,-0.11,0.04,
12:38:31:494,2.87,-0.21,4.19,0.01,-0.06,0.03,
12:38:31:494,2.43,-0.89,3.04,0.01,-0.06,0.03,
12:38:31:496,2.43,-0.89,3.04,0.01,0.01,0.01,
12:38:31:497,2.43,-0.89,3.04,0.01,0.01,0.01,
12:38:31:499,2.43,-0.89,3.04,0.02,0.05,-0.01,
12:38:31:500,2.07,-0.63,3.69,0.02,0.05,-0.01,
12:38:31:502,2.07,-0.63,3.69,0.03,0.06,-0.02,
12:38:31:502,2.07,-0.63,3.69,0.03,0.06,-0.02,
12:38:31:504,2.07,-0.63,3.69,0.04,0.10,-0.03,
12:38:31:504,1.10,-0.18,4.63,0.04,0.10,-0.03,
12:38:31:506,1.10,-0.18,4.63,0.04,0.11,-0.03,
12:38:31:507,1.10,-0.18,4.63,0.04,0.11,-0.03,
12:38:31:509,1.10,-0.18,4.63,0.04,-0.01,-0.02,
12:38:31:509,2.07,-0.37,5.93,0.04,-0.01,-0.02,
12:38:31:511,2.07,-0.37,5.93,0.04,-0.16,0.01,
12:38:31:512,2.07,-0.37,5.93,0.04,-0.16,0.01,
12:38:31:519,2.07,-0.37,5.93,0.06,-0.21,0.03,
12:38:31:520,1.21,-0.26,4.13,0.06,-0.21,0.03,
12:38:31:520,1.21,-0.26,4.13,0.07,-0.13,0.04,
12:38:31:521,1.21,-0.26,4.13,0.07,-0.13,0.04,
12:38:31:521,1.21,-0.26,4.13,0.07,-0.01,0.04,
12:38:31:522,1.67,0.48,4.18,0.07,-0.01,0.04,
12:38:31:523,1.67,0.48,4.18,0.07,0.02,0.03,
12:38:31:524,1.67,0.48,4.18,0.07,0.02,0.03,
12:38:31:525,1.67,0.48,4.18,0.07,-0.02,0.02,
12:38:31:525,2.19,-0.35,4.19,0.07,-0.02,0.02,
12:38:31:526,2.19,-0.35,4.19,0.07,-0.05,0.01,
12:38:31:527,2.19,-0.35,4.19,0.07,-0.05,0.01,
12:38:31:529,2.19,-0.35,4.19,0.06,-0.04,-0.01,
12:38:31:529,1.51,-1.21,4.01,0.06,-0.04,-0.01,
12:38:31:531,1.51,-1.21,4.01,0.06,-0.01,-0.01,
12:38:31:532,1.51,-1.21,4.01,0.06,-0.01,-0.01,
12:38:31:534,1.51,-1.21,4.01,0.06,-0.02,-0.01,
12:38:31:535,1.40,-0.63,4.28,0.06,-0.02,-0.01,
12:38:31:536,1.40,-0.63,4.28,0.07,-0.04,0.00,
12:38:31:537,1.40,-0.64,4.28,0.07,-0.04,0.00,
12:38:31:539,1.40,-0.64,4.28,0.08,-0.05,0.01,
12:38:31:539,0.97,-0.42,3.77,0.08,-0.05,0.01,
12:38:31:541,0.97,-0.42,3.77,0.08,-0.07,0.03,
12:38:31:541,0.97,-0.42,3.77,0.08,-0.07,0.03,
12:38:31:544,0.97,-0.42,3.77,0.08,-0.09,0.04,
12:38:31:544,1.92,-0.23,4.64,0.08,-0.09,0.04,
12:38:31:547,1.92,-0.23,4.64,0.08,-0.07,0.04,
12:38:31:552,1.92,-0.23,4.64,0.08,-0.07,0.04,
12:38:31:553,1.92,-0.23,4.64,0.07,-0.02,0.03,
12:38:31:553,0.75,-1.43,3.61,0.07,-0.02,0.03,
12:38:31:554,0.75,-1.43,3.61,0.06,0.02,0.02,
12:38:31:554,0.75,-1.43,3.61,0.06,0.02,0.02,
12:38:31:555,0.75,-1.43,3.61,0.06,-0.00,0.01,
12:38:31:555,1.62,-0.69,4.92,0.06,-0.00,0.01,
12:38:31:556,1.62,-0.69,4.92,0.04,-0.06,0.01,
12:38:31:557,1.62,-0.69,4.92,0.04,-0.06,0.01,
12:38:31:559,1.62,-0.69,4.92,0.04,-0.12,0.02,
12:38:31:559,1.39,-1.91,3.93,0.04,-0.12,0.02,
12:38:31:561,1.39,-1.91,3.93,0.05,-0.16,0.03,
12:38:31:562,1.39,-1.91,3.93,0.05,-0.16,0.03,
12:38:31:565,1.39,-1.91,3.93,0.06,-0.18,0.04,
12:38:31:565,2.01,-0.46,3.55,0.06,-0.18,0.04,
12:38:31:566,2.01,-0.46,3.55,0.08,-0.14,0.05,
12:38:31:567,2.01,-0.46,3.55,0.08,-0.14,0.05,
12:38:31:569,2.01,-0.46,3.55,0.09,-0.06,0.05,
12:38:31:569,2.23,-0.87,3.25,0.09,-0.06,0.05,
12:38:31:571,2.23,-0.87,3.25,0.10,0.02,0.03,
12:38:31:572,2.23,-0.87,3.25,0.10,0.02,0.03,
12:38:31:574,2.23,-0.87,3.25,0.11,0.07,0.00,
12:38:31:574,2.09,0.41,3.38,0.11,0.07,0.00,
12:38:31:576,2.09,0.41,3.38,0.11,0.07,-0.01,
12:38:31:577,2.09,0.41,3.38,0.11,0.07,-0.01,
12:38:31:579,2.09,0.41,3.38,0.09,0.05,-0.01,
12:38:31:579,2.42,0.12,4.95,0.09,0.05,-0.01,
12:38:31:581,2.42,0.12,4.95,0.06,0.01,-0.02,
12:38:31:582,2.42,0.12,4.95,0.06,0.01,-0.02,
12:38:31:584,2.42,0.12,4.95,0.05,-0.06,-0.01,
12:38:31:585,0.99,-1.02,3.39,0.05,-0.06,-0.01,
12:38:31:586,0.99,-1.02,3.39,0.05,-0.16,-0.00,
12:38:31:587,0.99,-1.02,3.39,0.05,-0.16,-0.00,
12:38:31:589,0.99,-1.02,3.39,0.06,-0.21,0.02,
12:38:31:589,1.76,-0.81,3.08,0.06,-0.21,0.02,
12:38:31:591,1.76,-0.81,3.08,0.05,-0.18,0.04,
12:38:31:592,1.76,-0.81,3.08,0.05,-0.18,0.04,
12:38:31:594,1.76,-0.81,3.08,0.04,-0.04,0.04,
12:38:31:595,1.39,-1.24,3.05,0.04,-0.04,0.04,
12:38:31:598,1.39,-1.24,3.05,0.03,0.08,0.03,
12:38:31:599,1.39,-1.24,3.05,0.03,0.08,0.03,
12:38:31:600,1.39,-1.24,3.05,0.02,0.04,0.02,
12:38:31:601,2.85,-1.23,3.73,0.02,0.04,0.02,
12:38:31:602,2.85,-1.23,3.73,0.03,-0.08,0.00,
12:38:31:603,2.85,-1.23,3.73,0.03,-0.08,0.00,
12:38:31:604,2.85,-1.23,3.73,0.04,-0.13,-0.00,
12:38:31:605,2.30,-0.75,3.98,0.04,-0.13,-0.00,
12:38:31:607,2.30,-0.75,3.98,0.04,-0.08,-0.01,
12:38:31:607,2.30,-0.75,3.98,0.04,-0.08,-0.01,
12:38:31:609,2.30,-0.75,3.98,0.05,-0.05,-0.01,
12:38:31:609,2.17,-1.01,3.40,0.05,-0.05,-0.01,
12:38:31:611,2.17,-1.01,3.40,0.04,-0.03,0.00,
12:38:31:612,2.17,-1.01,3.40,0.04,-0.03,0.00,
12:38:31:614,2.17,-1.01,3.40,0.04,-0.02,0.00,
12:38:31:615,1.94,-2.10,3.17,0.04,-0.02,0.00,
12:38:31:617,1.94,-2.10,3.17,0.04,-0.05,-0.00,
12:38:31:618,1.94,-2.10,3.17,0.04,-0.05,-0.00,
12:38:31:619,1.94,-2.10,3.17,0.04,-0.08,-0.01,
12:38:31:619,2.77,-0.92,3.93,0.04,-0.08,-0.01,
12:38:31:621,2.77,-0.92,3.93,0.03,-0.05,-0.00,
12:38:31:622,2.77,-0.92,3.93,0.03,-0.05,-0.00,
12:38:31:623,2.77,-0.92,3.93,0.02,-0.01,-0.01,
12:38:31:624,2.96,-0.82,3.96,0.02,-0.01,-0.01,
12:38:31:626,2.96,-0.82,3.96,0.02,-0.00,-0.01,
12:38:31:627,2.96,-0.82,3.96,0.02,-0.00,-0.01,
12:38:31:629,2.96,-0.82,3.96,0.03,-0.01,-0.02,
12:38:31:629,2.33,-1.03,3.93,0.03,-0.01,-0.02,
12:38:31:637,2.33,-1.03,3.93,0.03,-0.03,-0.02,
12:38:31:638,2.33,-1.03,3.93,0.03,-0.03,-0.02,
12:38:31:638,2.33,-1.03,3.93,0.03,-0.07,-0.03,
12:38:31:639,2.62,-0.92,3.63,0.03,-0.07,-0.03,
12:38:31:639,2.62,-0.92,3.63,0.03,-0.07,-0.03,
12:38:31:639,2.62,-0.92,3.63,0.03,-0.07,-0.03,
12:38:31:639,2.62,-0.92,3.63,0.03,0.01,-0.04,
12:38:31:640,1.77,-0.28,3.51,0.03,0.01,-0.04,
12:38:31:641,1.77,-0.28,3.51,0.03,0.09,-0.05,
12:38:31:642,1.78,-0.28,3.51,0.03,0.09,-0.05,
12:38:31:643,1.78,-0.28,3.51,0.03,0.05,-0.05,
12:38:31:644,2.47,0.01,4.29,0.03,0.05,-0.05,
12:38:31:647,2.47,0.01,4.29,0.03,-0.01,-0.04,
12:38:31:648,2.47,0.01,4.29,0.03,-0.01,-0.04,
12:38:31:649,2.47,0.01,4.29,0.03,-0.06,-0.04,
12:38:31:650,1.98,0.28,3.91,0.03,-0.06,-0.04,
12:38:31:651,1.98,0.28,3.91,0.03,-0.06,-0.03,
12:38:31:652,1.98,0.28,3.91,0.03,-0.06,-0.03,
12:38:31:654,1.98,0.28,3.91,0.01,-0.03,-0.02,
12:38:31:654,1.54,-0.81,3.57,0.01,-0.03,-0.02,
12:38:31:656,1.54,-0.81,3.57,0.01,-0.01,-0.02,
12:38:31:657,1.54,-0.81,3.57,0.01,-0.01,-0.02,
12:38:31:659,1.54,-0.81,3.57,-0.00,-0.03,-0.02,
12:38:31:660,1.96,-0.97,3.61,-0.00,-0.03,-0.02,
12:38:31:662,1.96,-0.97,3.61,-0.01,-0.08,-0.02,
12:38:31:663,1.96,-0.97,3.61,-0.01,-0.08,-0.02,
12:38:31:664,1.96,-0.97,3.61,-0.02,-0.08,-0.02,
12:38:31:665,1.85,-1.67,3.31,-0.02,-0.08,-0.02,
12:38:31:668,1.85,-1.67,3.31,-0.03,-0.05,-0.03,
12:38:31:670,1.85,-1.67,3.31,-0.03,-0.05,-0.03,
12:38:31:670,1.85,-1.67,3.31,-0.03,-0.06,-0.03,
12:38:31:671,2.52,-1.95,3.77,-0.03,-0.06,-0.03,
12:38:31:672,2.52,-1.95,3.77,-0.04,-0.08,-0.02,
12:38:31:675,2.52,-1.95,3.77,-0.04,-0.08,-0.02,
12:38:31:676,2.52,-1.95,3.77,-0.03,-0.05,-0.02,
12:38:31:677,2.19,-2.06,3.55,-0.03,-0.05,-0.02,
12:38:31:678,2.19,-2.06,3.55,-0.02,0.01,-0.03,
12:38:31:678,2.19,-2.06,3.55,-0.02,0.01,-0.03,
12:38:31:679,2.19,-2.06,3.55,-0.01,0.03,-0.04,
12:38:31:680,2.27,-2.10,3.99,-0.01,0.03,-0.04,
12:38:31:684,2.27,-2.10,3.99,0.01,-0.02,-0.05,
12:38:31:685,2.28,-2.10,3.99,0.01,-0.02,-0.05,
12:38:31:685,2.28,-2.10,3.99,0.03,-0.07,-0.05,
12:38:31:686,2.21,-2.29,3.16,0.03,-0.07,-0.05,
12:38:31:686,2.21,-2.29,3.16,0.03,-0.08,-0.04,
12:38:31:686,2.21,-2.29,3.16,0.03,-0.08,-0.04,
12:38:31:689,2.21,-2.29,3.16,0.02,-0.07,-0.04,
12:38:31:689,3.30,-0.86,3.96,0.02,-0.07,-0.04,
12:38:31:691,3.30,-0.86,3.96,0.02,-0.02,-0.04,
12:38:31:692,3.30,-0.86,3.96,0.02,-0.02,-0.04,
12:38:31:694,3.30,-0.86,3.96,0.03,0.03,-0.05,
12:38:31:694,1.99,-0.66,2.66,0.03,0.03,-0.05,
12:38:31:697,1.99,-0.66,2.66,0.03,0.06,-0.06,
12:38:31:697,2.00,-0.66,2.66,0.03,0.06,-0.06,
12:38:31:699,2.00,-0.66,2.66,0.02,0.03,-0.06,
12:38:31:700,2.51,-2.03,3.45,0.02,0.03,-0.06,
12:38:31:701,2.51,-2.03,3.45,-0.00,-0.05,-0.06,
12:38:31:702,2.52,-2.03,3.45,-0.00,-0.05,-0.06,
12:38:31:704,2.52,-2.03,3.45,-0.01,-0.09,-0.05,
12:38:31:704,1.96,-2.14,2.68,-0.01,-0.09,-0.05,
12:38:31:706,1.96,-2.14,2.68,-0.03,-0.06,-0.04,
12:38:31:707,1.96,-2.14,2.68,-0.03,-0.06,-0.04,
12:38:31:709,1.96,-2.14,2.68,-0.05,0.03,-0.04,
12:38:31:709,2.11,-1.76,3.80,-0.05,0.03,-0.04,
12:38:31:711,2.11,-1.76,3.80,-0.07,0.07,-0.04,
12:38:31:712,2.11,-1.76,3.80,-0.07,0.07,-0.04,
12:38:31:714,2.11,-1.76,3.80,-0.06,0.05,-0.04,
12:38:31:715,2.56,-0.55,4.57,-0.06,0.05,-0.04,
12:38:31:716,2.56,-0.55,4.57,-0.05,-0.00,-0.04,
12:38:31:718,2.56,-0.55,4.57,-0.05,-0.00,-0.04,
12:38:31:718,2.56,-0.55,4.57,-0.04,-0.08,-0.04,
12:38:31:719,2.58,-2.24,3.93,-0.04,-0.08,-0.04,
12:38:31:721,2.58,-2.24,3.93,-0.05,-0.15,-0.04,
12:38:31:722,2.58,-2.24,3.93,-0.05,-0.15,-0.04,
12:38:31:724,2.58,-2.24,3.93,-0.05,-0.17,-0.04,
12:38:31:725,3.41,-1.84,4.43,-0.05,-0.17,-0.04,
12:38:31:727,3.41,-1.84,4.43,-0.03,-0.10,-0.04,
12:38:31:728,3.41,-1.84,4.43,-0.03,-0.10,-0.04,
12:38:31:729,3.41,-1.84,4.43,-0.01,0.06,-0.06,
12:38:31:730,2.13,-0.03,3.52,-0.01,0.06,-0.06,
12:38:31:736,2.13,-0.03,3.52,-0.00,0.25,-0.08,
12:38:31:737,2.13,-0.03,3.52,-0.00,0.25,-0.08,
12:38:31:738,2.13,-0.03,3.52,-0.00,0.29,-0.09,
12:38:31:739,3.44,0.68,6.09,-0.00,0.29,-0.09,
12:38:31:739,3.44,0.68,6.09,0.00,0.09,-0.10,
12:38:31:740,3.45,0.68,6.09,0.00,0.09,-0.10,
12:38:31:740,3.45,0.68,6.09,0.01,-0.15,-0.10,
12:38:31:741,3.09,-1.53,4.80,0.01,-0.15,-0.10,
12:38:31:742,3.09,-1.53,4.80,0.00,-0.27,-0.09,
12:38:31:743,3.10,-1.53,4.80,0.00,-0.27,-0.09,
12:38:31:744,3.10,-1.53,4.80,-0.00,-0.20,-0.08,
12:38:31:744,1.86,-1.36,3.20,-0.00,-0.20,-0.08,
12:38:31:747,1.86,-1.36,3.20,-0.01,-0.04,-0.07,
12:38:31:748,1.86,-1.36,3.20,-0.01,-0.04,-0.07,
12:38:31:749,1.86,-1.36,3.20,-0.02,0.08,-0.07,
12:38:31:749,2.62,-1.19,3.68,-0.02,0.08,-0.07,
12:38:31:751,2.62,-1.19,3.68,-0.02,0.12,-0.07,
12:38:31:751,2.63,-1.19,3.68,-0.02,0.12,-0.07,
12:38:31:754,2.63,-1.19,3.68,-0.01,0.10,-0.08,
12:38:31:754,2.07,-1.36,3.30,-0.01,0.10,-0.08,
12:38:31:756,2.07,-1.36,3.30,-0.01,0.07,-0.09,
12:38:31:757,2.07,-1.36,3.30,-0.01,0.07,-0.09,
12:38:31:759,2.07,-1.36,3.30,-0.02,0.02,-0.09,
12:38:31:759,2.82,-1.01,5.44,-0.02,0.02,-0.09,
12:38:31:761,2.82,-1.01,5.44,-0.03,-0.07,-0.07,
12:38:31:762,2.82,-1.01,5.44,-0.03,-0.07,-0.07,
12:38:31:764,2.82,-1.01,5.44,-0.01,-0.15,-0.05,
12:38:31:765,1.61,-1.57,2.70,-0.01,-0.15,-0.05,
12:38:31:767,1.61,-1.57,2.70,-0.00,-0.14,-0.05,
12:38:31:768,1.61,-1.57,2.70,-0.00,-0.14,-0.05,
12:38:31:770,1.61,-1.57,2.70,-0.00,-0.05,-0.04,
12:38:31:770,1.40,-2.53,3.09,-0.00,-0.05,-0.04,
12:38:31:771,1.40,-2.53,3.09,-0.01,0.06,-0.05,
12:38:31:772,1.40,-2.53,3.09,-0.01,0.06,-0.05,
12:38:31:774,1.40,-2.53,3.09,-0.01,0.13,-0.06,
12:38:31:774,1.37,-1.80,3.47,-0.01,0.13,-0.06,
12:38:31:776,1.37,-1.80,3.47,-0.02,0.14,-0.06,
12:38:31:777,1.37,-1.80,3.47,-0.02,0.14,-0.06,
12:38:31:779,1.37,-1.80,3.47,-0.02,0.06,-0.07,
12:38:31:779,2.40,-1.26,4.75,-0.02,0.06,-0.07,
12:38:31:781,2.40,-1.26,4.75,-0.02,-0.12,-0.06,
12:38:31:782,2.40,-1.26,4.75,-0.02,-0.12,-0.06,
12:38:31:787,2.40,-1.26,4.75,-0.00,-0.26,-0.04,
12:38:31:787,1.73,-2.61,2.22,-0.00,-0.26,-0.04,
12:38:31:788,1.73,-2.61,2.22,0.00,-0.27,-0.03,
12:38:31:789,1.73,-2.61,2.22,0.00,-0.27,-0.03,
12:38:31:789,1.73,-2.61,2.22,-0.02,-0.12,-0.02,
12:38:31:790,1.44,-3.43,2.27,-0.02,-0.12,-0.02,
12:38:31:791,1.44,-3.43,2.27,-0.04,0.09,-0.03,
12:38:31:792,1.45,-3.43,2.27,-0.04,0.09,-0.03,
12:38:31:794,1.45,-3.43,2.27,-0.06,0.19,-0.03,
12:38:31:794,3.33,-1.07,3.85,-0.06,0.19,-0.03,
12:38:31:797,3.33,-1.07,3.85,-0.06,0.12,-0.05,
12:38:31:804,3.33,-1.07,3.85,-0.06,0.12,-0.05,
12:38:31:805,3.33,-1.07,3.85,-0.08,0.01,-0.06,
12:38:31:806,3.44,-2.22,5.15,-0.08,0.01,-0.06,
12:38:31:807,3.44,-2.22,5.15,-0.09,-0.02,-0.07,
12:38:31:807,3.44,-2.22,5.15,-0.09,-0.02,-0.07,
12:38:31:808,3.44,-2.22,5.15,-0.08,0.02,-0.08,
12:38:31:809,1.20,-1.41,4.03,-0.08,0.02,-0.08,
12:38:31:810,1.20,-1.41,4.03,-0.05,-0.00,-0.08,
12:38:31:811,1.20,-1.41,4.03,-0.05,-0.00,-0.08,
12:38:31:812,1.20,-1.41,4.03,-0.02,-0.08,-0.06,
12:38:31:813,2.45,-0.28,4.64,-0.02,-0.08,-0.06,
12:38:31:814,2.45,-0.28,4.64,0.01,-0.10,-0.04,
12:38:31:815,2.45,-0.28,4.64,0.01,-0.10,-0.04,
12:38:31:816,2.45,-0.28,4.64,0.02,-0.06,-0.03,
12:38:31:817,2.28,-0.91,3.69,0.02,-0.06,-0.03,
12:38:31:818,2.28,-0.91,3.69,0.02,0.03,-0.04,
12:38:31:819,2.28,-0.91,3.69,0.02,0.03,-0.04,
12:38:31:819,2.28,-0.91,3.69,0.00,0.09,-0.05,
12:38:31:820,2.73,-1.72,4.63,0.00,0.09,-0.05,
12:38:31:823,2.73,-1.72,4.63,-0.01,0.05,-0.06,
12:38:31:824,2.73,-1.72,4.63,-0.01,0.05,-0.06,
12:38:31:825,2.73,-1.72,4.63,-0.02,-0.05,-0.07,
12:38:31:826,2.46,-2.79,3.46,-0.02,-0.05,-0.07,
12:38:31:827,2.46,-2.79,3.46,-0.01,-0.19,-0.07,
12:38:31:827,2.46,-2.79,3.46,-0.01,-0.19,-0.07,
12:38:31:829,2.46,-2.79,3.46,-0.00,-0.26,-0.06,
12:38:31:829,3.41,-1.40,2.80,-0.00,-0.26,-0.06,
12:38:31:836,3.41,-1.40,2.80,-0.01,-0.19,-0.06,
12:38:31:836,3.41,-1.40,2.80,-0.01,-0.19,-0.06,
12:38:31:837,3.41,-1.40,2.80,-0.02,0.05,-0.06,
12:38:31:837,2.11,-2.05,2.73,-0.02,0.05,-0.06,
12:38:31:837,2.11,-2.05,2.73,-0.03,0.24,-0.07,
12:38:31:838,2.11,-2.05,2.73,-0.03,0.24,-0.07,
12:38:31:839,2.11,-2.05,2.73,-0.04,0.22,-0.07,
12:38:31:839,1.81,-3.94,3.13,-0.04,0.22,-0.07,
12:38:31:841,1.81,-3.94,3.13,-0.04,0.04,-0.06,
12:38:31:842,1.82,-3.94,3.13,-0.04,0.04,-0.06,
12:38:31:844,1.82,-3.94,3.13,-0.04,-0.14,-0.06,
12:38:31:844,2.59,-1.80,3.66,-0.04,-0.14,-0.06,
12:38:31:847,2.59,-1.80,3.66,-0.04,-0.13,-0.06,
12:38:31:848,2.59,-1.80,3.66,-0.04,-0.13,-0.06,
12:38:31:849,2.59,-1.80,3.66,-0.05,0.04,-0.06,
12:38:31:850,0.78,-1.60,3.34,-0.05,0.04,-0.06,
12:38:31:851,0.78,-1.60,3.34,-0.04,0.11,-0.05,
12:38:31:852,0.79,-1.60,3.34,-0.04,0.11,-0.05,
12:38:31:854,0.79,-1.60,3.34,-0.01,-0.02,-0.04,
12:38:31:855,2.35,-1.13,3.25,-0.01,-0.02,-0.04,
12:38:31:856,2.35,-1.13,3.25,0.00,-0.17,-0.03,
12:38:31:857,2.35,-1.13,3.25,0.00,-0.17,-0.03,
12:38:31:859,2.35,-1.13,3.25,-0.02,-0.14,-0.02,
12:38:31:859,2.07,-2.40,3.31,-0.02,-0.14,-0.02,
12:38:31:861,2.07,-2.40,3.31,-0.05,0.05,-0.03,
12:38:31:862,2.07,-2.40,3.31,-0.05,0.05,-0.03,
12:38:31:864,2.07,-2.40,3.31,-0.06,0.22,-0.04,
12:38:31:865,0.88,-1.19,3.84,-0.06,0.22,-0.04,
12:38:31:866,0.88,-1.19,3.84,-0.06,0.24,-0.05,
12:38:31:867,0.89,-1.19,3.84,-0.06,0.24,-0.05,
12:38:31:869,0.89,-1.19,3.84,-0.05,0.10,-0.05,
12:38:31:869,2.05,-0.23,5.34,-0.05,0.10,-0.05,
12:38:31:871,2.05,-0.23,5.34,-0.04,-0.11,-0.04,
12:38:31:872,2.05,-0.23,5.34,-0.04,-0.11,-0.04,
12:38:31:874,2.05,-0.23,5.34,-0.04,-0.24,-0.04,
12:38:31:874,1.32,-2.59,3.96,-0.04,-0.24,-0.04,
12:38:31:876,1.32,-2.59,3.96,-0.04,-0.21,-0.02,
12:38:31:877,1.32,-2.59,3.96,-0.04,-0.21,-0.02,
12:38:31:879,1.32,-2.59,3.96,-0.04,-0.03,-0.01,
12:38:31:879,0.09,-1.21,3.49,-0.04,-0.03,-0.01,
12:38:31:881,0.09,-1.21,3.49,-0.04,0.13,-0.01,
12:38:31:882,0.09,-1.21,3.49,-0.04,0.13,-0.01,
12:38:31:884,0.09,-1.21,3.49,-0.04,0.16,-0.01,
12:38:31:884,1.74,-1.44,5.36,-0.04,0.16,-0.01,
12:38:31:886,1.74,-1.44,5.36,-0.05,0.03,-0.01,
12:38:31:887,1.74,-1.44,5.36,-0.05,0.03,-0.01,
12:38:31:889,1.74,-1.44,5.36,-0.03,-0.16,-0.01,
12:38:31:889,2.18,-1.39,4.59,-0.03,-0.16,-0.01,
12:38:31:891,2.18,-1.39,4.59,-0.01,-0.28,0.00,
12:38:31:892,2.18,-1.39,4.59,-0.01,-0.28,0.00,
12:38:31:894,2.18,-1.39,4.59,0.00,-0.27,0.01,
12:38:31:894,2.24,-2.23,3.56,0.00,-0.27,0.01,
12:38:31:897,2.24,-2.23,3.56,0.00,-0.16,0.01,
12:38:31:898,2.24,-2.23,3.56,0.00,-0.16,0.01,
12:38:31:899,2.24,-2.23,3.56,0.00,-0.04,0.00,
12:38:31:900,2.34,-3.00,2.29,0.00,-0.04,0.00,
12:38:31:902,2.34,-3.00,2.29,-0.00,-0.01,-0.01,
12:38:31:902,2.34,-3.00,2.29,-0.00,-0.01,-0.01,
12:38:31:904,2.34,-3.00,2.29,-0.01,-0.04,-0.04,
12:38:31:904,2.86,-4.63,2.62,-0.01,-0.04,-0.04,
12:38:31:906,2.86,-4.63,2.62,-0.02,-0.05,-0.05,
12:38:31:907,2.86,-4.63,2.62,-0.02,-0.05,-0.05,
12:38:31:909,2.86,-4.63,2.62,-0.04,0.00,-0.06,
12:38:31:909,2.57,-2.51,3.28,-0.04,0.00,-0.06,
12:38:31:911,2.57,-2.51,3.28,-0.07,0.11,-0.06,
12:38:31:912,2.57,-2.50,3.28,-0.07,0.11,-0.06,
12:38:31:914,2.57,-2.50,3.28,-0.07,0.16,-0.05,
12:38:31:915,3.07,-0.80,4.94,-0.07,0.16,-0.05,
12:38:31:916,3.07,-0.80,4.94,-0.06,0.05,-0.05,
12:38:31:917,3.07,-0.80,4.94,-0.06,0.05,-0.05,
12:38:31:919,3.07,-0.80,4.94,-0.03,-0.15,-0.04,
12:38:31:919,2.56,-2.30,3.35,-0.03,-0.15,-0.04,
12:38:31:921,2.56,-2.30,3.35,-0.01,-0.28,-0.03,
12:38:31:928,2.56,-2.30,3.35,-0.01,-0.28,-0.03,
12:38:31:929,2.56,-2.30,3.35,-0.01,-0.20,-0.02,
12:38:31:930,1.68,-1.97,3.05,-0.01,-0.20,-0.02,
12:38:31:930,1.68,-1.97,3.05,-0.01,0.09,-0.04,
12:38:31:931,1.69,-1.97,3.05,-0.01,0.09,-0.04,
12:38:31:931,1.69,-1.97,3.05,-0.01,0.34,-0.04,
12:38:31:932,1.25,-0.16,3.97,-0.01,0.34,-0.04,
12:38:31:933,1.25,-0.16,3.97,-0.01,0.30,-0.05,
12:38:31:933,1.26,-0.16,3.97,-0.01,0.30,-0.05,
12:38:31:939,1.26,-0.16,3.97,-0.00,0.01,-0.04,
12:38:31:939,3.74,-0.94,5.81,-0.00,0.01,-0.04,
12:38:31:939,3.74,-0.94,5.81,0.00,-0.29,-0.04,
12:38:31:940,3.74,-0.94,5.81,0.00,-0.29,-0.04,
12:38:31:940,3.74,-0.94,5.81,0.00,-0.33,-0.04,
12:38:31:942,0.97,-1.78,3.36,0.00,-0.33,-0.04,
12:38:31:942,0.97,-1.78,3.36,-0.01,-0.04,-0.03,
12:38:31:943,0.97,-1.78,3.36,-0.01,-0.04,-0.03,
12:38:31:944,0.97,-1.78,3.36,-0.00,0.25,-0.01,
12:38:31:944,-1.06,-1.66,2.76,-0.00,0.25,-0.01,
12:38:31:949,-1.06,-1.66,2.76,0.00,0.23,0.00,
12:38:31:951,-1.06,-1.66,2.76,0.00,0.23,0.00,
12:38:31:952,-1.06,-1.66,2.76,-0.00,-0.01,0.01,
12:38:31:953,3.15,-1.71,5.97,-0.00,-0.01,0.01,
12:38:31:954,3.15,-1.71,5.97,-0.02,-0.21,-0.00,
12:38:31:954,3.15,-1.71,5.97,-0.02,-0.21,-0.00,
12:38:31:955,3.15,-1.71,5.97,-0.05,-0.26,-0.02,
12:38:31:955,2.47,-2.49,4.30,-0.05,-0.26,-0.02,
12:38:31:956,2.47,-2.49,4.30,-0.04,-0.21,-0.03,
12:38:31:957,2.47,-2.49,4.29,-0.04,-0.21,-0.03,
12:38:31:959,2.47,-2.49,4.29,-0.02,-0.17,-0.04,
12:38:31:959,3.11,-1.70,3.15,-0.02,-0.17,-0.04,
12:38:31:961,3.11,-1.70,3.15,-0.02,-0.15,-0.05,
12:38:31:962,3.11,-1.70,3.15,-0.02,-0.15,-0.05,
12:38:31:964,3.11,-1.70,3.15,-0.02,-0.12,-0.06,
12:38:31:965,3.72,-3.80,2.79,-0.02,-0.12,-0.06,
12:38:31:966,3.72,-3.80,2.79,-0.01,-0.05,-0.08,
12:38:31:967,3.72,-3.80,2.79,-0.01,-0.05,-0.08,
12:38:31:969,3.72,-3.80,2.79,-0.01,0.09,-0.09,
12:38:31:969,2.41,-2.32,2.82,-0.01,0.09,-0.09,
12:38:31:971,2.41,-2.32,2.82,-0.02,0.26,-0.11,
12:38:31:972,2.41,-2.32,2.82,-0.02,0.26,-0.11,
12:38:31:974,2.41,-2.32,2.82,-0.03,0.32,-0.11,
12:38:31:974,1.45,-3.56,4.88,-0.03,0.32,-0.11,
12:38:31:976,1.45,-3.56,4.88,-0.02,0.20,-0.10,
12:38:31:977,1.45,-3.56,4.88,-0.02,0.20,-0.10,
12:38:31:979,1.45,-3.56,4.88,0.00,-0.03,-0.08,
12:38:31:979,1.87,-1.15,4.52,0.00,-0.03,-0.08,
12:38:31:981,1.87,-1.15,4.52,0.02,-0.25,-0.05,
12:38:31:983,1.87,-1.15,4.52,0.02,-0.25,-0.05,
12:38:31:984,1.87,-1.15,4.52,0.03,-0.36,-0.03,
12:38:31:984,3.92,0.80,4.84,0.03,-0.36,-0.03,
12:38:31:986,3.92,0.80,4.84,0.03,-0.28,-0.01,
12:38:31:986,3.92,0.80,4.84,0.03,-0.28,-0.01,
12:38:31:989,3.92,0.80,4.84,0.03,-0.10,-0.01,
12:38:31:989,1.68,-2.27,1.32,0.03,-0.10,-0.01,
12:38:31:991,1.68,-2.27,1.32,0.03,0.06,-0.02,
12:38:31:992,1.68,-2.27,1.32,0.03,0.06,-0.02,
12:38:31:994,1.68,-2.27,1.32,0.00,0.22,-0.04,
12:38:31:994,1.94,-2.54,3.71,0.00,0.22,-0.04,
12:38:31:997,1.94,-2.54,3.71,-0.03,0.29,-0.06,
12:38:31:998,1.95,-2.54,3.71,-0.03,0.29,-0.06,
12:38:31:999,1.95,-2.54,3.71,-0.05,0.18,-0.09,
12:38:32:000,2.52,-1.68,4.85,-0.05,0.18,-0.09,
12:38:32:002,2.52,-1.68,4.85,-0.04,-0.02,-0.10,
12:38:32:003,2.52,-1.68,4.85,-0.04,-0.02,-0.10,
12:38:32:004,2.52,-1.68,4.85,-0.02,-0.20,-0.08,
12:38:32:004,1.56,-2.16,3.85,-0.02,-0.20,-0.08,
12:38:32:007,1.56,-2.16,3.85,0.00,-0.28,-0.05,
12:38:32:007,1.56,-2.16,3.85,0.00,-0.28,-0.05,
12:38:32:009,1.56,-2.16,3.85,0.03,-0.20,-0.02,
12:38:32:009,0.75,-0.93,2.78,0.03,-0.20,-0.02,
12:38:32:011,0.75,-0.93,2.78,0.04,-0.01,-0.01,
12:38:32:012,0.75,-0.93,2.78,0.04,-0.01,-0.01,
12:38:32:014,0.75,-0.93,2.78,0.03,0.13,-0.01,
12:38:32:015,1.00,-2.46,2.83,0.03,0.13,-0.01,
12:38:32:016,1.00,-2.46,2.83,0.00,0.15,-0.01,
12:38:32:018,1.00,-2.46,2.83,0.00,0.15,-0.01,
12:38:32:019,1.00,-2.46,2.83,-0.03,0.09,-0.03,
12:38:32:019,2.34,-3.07,5.14,-0.03,0.09,-0.03,
12:38:32:021,2.34,-3.07,5.14,-0.05,-0.04,-0.05,
12:38:32:022,2.34,-3.07,5.14,-0.05,-0.04,-0.05,
12:38:32:023,2.34,-3.07,5.14,-0.06,-0.19,-0.05,
12:38:32:024,2.37,-3.27,3.77,-0.06,-0.19,-0.05,
12:38:32:026,2.37,-3.27,3.77,-0.04,-0.33,-0.05,
12:38:32:027,2.36,-3.27,3.77,-0.04,-0.33,-0.05,
12:38:32:029,2.36,-3.27,3.77,-0.03,-0.36,-0.04,
12:38:32:029,3.62,-2.35,2.81,-0.03,-0.36,-0.04,
12:38:32:037,3.62,-2.35,2.81,-0.02,-0.23,-0.04,
12:38:32:037,3.62,-2.35,2.81,-0.02,-0.23,-0.04,
12:38:32:038,3.62,-2.35,2.81,-0.03,0.04,-0.06,
12:38:32:038,3.37,-0.88,3.26,-0.03,0.04,-0.06,
12:38:32:038,3.37,-0.88,3.26,-0.02,0.31,-0.08,
12:38:32:039,3.38,-0.88,3.26,-0.02,0.31,-0.08,
12:38:32:039,3.38,-0.88,3.26,-0.02,0.35,-0.09,
12:38:32:039,1.69,-3.54,3.64,-0.02,0.35,-0.09,
12:38:32:041,1.69,-3.54,3.64,-0.02,0.20,-0.09,
12:38:32:041,1.69,-3.54,3.64,-0.02,0.20,-0.09,
12:38:32:044,1.69,-3.54,3.64,-0.02,-0.01,-0.09,
12:38:32:044,2.21,-3.45,5.14,-0.02,-0.01,-0.09,
12:38:32:047,2.21,-3.45,5.14,-0.01,-0.17,-0.07,
12:38:32:051,2.22,-3.45,5.14,-0.01,-0.17,-0.07,
12:38:32:052,2.22,-3.45,5.14,0.02,-0.18,-0.05,
12:38:32:052,1.18,-0.27,3.43,0.02,-0.18,-0.05,
12:38:32:052,1.18,-0.27,3.43,0.03,-0.09,-0.03,
12:38:32:052,1.18,-0.28,3.43,0.03,-0.09,-0.03,
12:38:32:054,1.18,-0.28,3.43,0.03,-0.02,-0.01,
12:38:32:054,2.96,-0.86,4.71,0.03,-0.02,-0.01,
12:38:32:056,2.96,-0.86,4.71,0.03,-0.06,0.00,
12:38:32:057,2.96,-0.86,4.71,0.03,-0.06,0.00,
12:38:32:059,2.96,-0.86,4.71,0.03,-0.10,-0.01,
12:38:32:060,2.04,-2.09,2.08,0.03,-0.10,-0.01,
12:38:32:061,2.04,-2.09,2.08,0.03,-0.03,-0.02,
12:38:32:062,2.04,-2.09,2.08,0.03,-0.03,-0.02,
12:38:32:065,2.04,-2.09,2.08,-0.01,0.10,-0.04,
12:38:32:066,1.13,-3.15,3.77,-0.01,0.10,-0.04,
12:38:32:066,1.13,-3.15,3.77,-0.04,0.17,-0.05,
12:38:32:067,1.13,-3.15,3.77,-0.04,0.17,-0.05,
12:38:32:069,1.13,-3.15,3.77,-0.04,0.09,-0.06,
12:38:32:069,1.68,-1.30,4.46,-0.04,0.09,-0.06,
12:38:32:071,1.68,-1.30,4.46,-0.03,-0.06,-0.06,
12:38:32:072,1.68,-1.30,4.46,-0.03,-0.06,-0.06,
12:38:32:074,1.68,-1.30,4.46,-0.01,-0.22,-0.04,
12:38:32:074,2.26,-1.73,3.70,-0.01,-0.22,-0.04,
12:38:32:076,2.26,-1.73,3.70,0.00,-0.31,-0.03,
12:38:32:077,2.26,-1.73,3.70,0.00,-0.31,-0.03,
12:38:32:079,2.26,-1.73,3.70,-0.00,-0.28,-0.01,
12:38:32:080,2.25,-2.92,2.24,-0.00,-0.28,-0.01,
12:38:32:081,2.25,-2.92,2.24,-0.02,-0.13,-0.01,
12:38:32:082,2.25,-2.92,2.24,-0.02,-0.13,-0.01,
12:38:32:084,2.25,-2.92,2.24,-0.04,0.09,-0.01,
12:38:32:084,1.80,-3.87,2.93,-0.04,0.09,-0.01,
12:38:32:086,1.80,-3.87,2.93,-0.05,0.22,-0.03,
12:38:32:087,1.80,-3.87,2.93,-0.05,0.22,-0.03,
12:38:32:089,1.80,-3.87,2.93,-0.04,0.13,-0.04,
12:38:32:089,2.93,-2.62,4.16,-0.04,0.13,-0.04,
12:38:32:091,2.93,-2.62,4.16,-0.02,-0.07,-0.06,
12:38:32:092,2.93,-2.62,4.16,-0.02,-0.07,-0.06,
12:38:32:094,2.93,-2.62,4.16,-0.01,-0.19,-0.06,
12:38:32:095,2.70,-1.62,3.84,-0.01,-0.19,-0.06,
12:38:32:097,2.70,-1.62,3.84,-0.01,-0.11,-0.06,
12:38:32:098,2.70,-1.62,3.84,-0.01,-0.11,-0.06,
12:38:32:099,2.70,-1.62,3.84,-0.00,0.05,-0.06,
12:38:32:100,1.19,-1.61,3.37,-0.00,0.05,-0.06,
12:38:32:101,1.19,-1.61,3.37,0.00,0.06,-0.04,
12:38:32:102,1.19,-1.61,3.37,0.00,0.06,-0.04,
12:38:32:104,1.19,-1.61,3.37,0.00,-0.01,-0.03,
12:38:32:104,1.94,-2.34,3.69,0.00,-0.01,-0.03,
12:38:32:107,1.94,-2.34,3.69,-0.02,-0.04,-0.02,
12:38:32:107,1.94,-2.34,3.69,-0.02,-0.04,-0.02,
12:38:32:109,1.94,-2.34,3.69,-0.04,-0.02,-0.02,
12:38:32:109,1.48,-2.67,4.06,-0.04,-0.02,-0.02,
12:38:32:111,1.48,-2.67,4.06,-0.04,-0.03,-0.02,
12:38:32:112,1.48,-2.67,4.06,-0.04,-0.03,-0.02,
12:38:32:114,1.48,-2.67,4.06,-0.02,-0.05,-0.02,
12:38:32:115,1.02,-1.24,3.48,-0.02,-0.05,-0.02,
12:38:32:116,1.02,-1.24,3.48,-0.01,-0.04,-0.01,
12:38:32:117,1.02,-1.24,3.48,-0.01,-0.04,-0.01,
12:38:32:119,1.02,-1.24,3.48,-0.01,-0.05,-0.00,
12:38:32:119,2.63,-1.46,4.90,-0.01,-0.05,-0.00,
12:38:32:121,2.63,-1.46,4.90,-0.02,-0.11,0.01,
12:38:32:122,2.63,-1.46,4.90,-0.02,-0.11,0.01,
12:38:32:126,2.63,-1.46,4.90,-0.02,-0.13,0.00,
12:38:32:126,1.66,-3.13,3.48,-0.02,-0.13,0.00,
12:38:32:127,1.66,-3.13,3.48,-0.02,-0.08,0.00,
12:38:32:128,1.66,-3.13,3.48,-0.02,-0.08,0.00,
12:38:32:129,1.66,-3.13,3.48,-0.03,0.00,-0.01,
12:38:32:130,1.49,-3.09,3.70,-0.03,0.00,-0.01,
12:38:32:139,1.49,-3.09,3.70,-0.02,0.01,-0.01,
12:38:32:140,1.49,-3.09,3.70,-0.02,0.01,-0.01,
12:38:32:141,1.49,-3.09,3.70,-0.01,-0.03,-0.01,
12:38:32:142,2.54,-1.13,4.68,-0.01,-0.03,-0.01,
12:38:32:143,2.54,-1.13,4.68,-0.00,-0.06,-0.01,
12:38:32:143,2.54,-1.13,4.68,-0.00,-0.06,-0.01,
12:38:32:144,2.54,-1.13,4.68,0.01,-0.05,-0.01,
12:38:32:145,2.04,-1.48,4.13,0.01,-0.05,-0.01,
12:38:32:145,2.04,-1.48,4.13,0.01,-0.02,-0.01,
12:38:32:146,2.04,-1.48,4.13,0.01,-0.02,-0.01,
12:38:32:146,2.04,-1.48,4.13,0.01,0.01,-0.01,
12:38:32:147,1.77,-2.01,4.58,0.01,0.01,-0.01,
12:38:32:147,1.77,-2.01,4.58,-0.01,0.00,-0.01,
12:38:32:148,1.77,-2.01,4.58,-0.01,0.00,-0.01,
12:38:32:149,1.77,-2.01,4.58,-0.01,-0.06,-0.01,
12:38:32:150,1.73,-2.49,3.85,-0.01,-0.06,-0.01,
12:38:32:151,1.73,-2.49,3.85,-0.00,-0.15,-0.00,
12:38:32:152,1.73,-2.49,3.85,-0.00,-0.15,-0.00,
12:38:32:154,1.73,-2.49,3.85,-0.01,-0.17,0.01,
12:38:32:154,2.68,-1.31,4.68,-0.01,-0.17,0.01,
12:38:32:156,2.68,-1.31,4.68,0.00,-0.12,0.02,
12:38:32:157,2.68,-1.31,4.68,0.00,-0.12,0.02,
12:38:32:159,2.68,-1.31,4.68,0.02,-0.08,0.01,
12:38:32:160,1.78,-1.82,2.40,0.02,-0.08,0.01,
12:38:32:162,1.78,-1.82,2.40,0.04,-0.05,0.01,
12:38:32:163,1.78,-1.82,2.40,0.04,-0.05,0.01,
12:38:32:165,1.78,-1.82,2.40,0.03,0.00,0.00,
12:38:32:166,2.39,-2.60,3.82,0.03,0.00,0.00,
12:38:32:167,2.39,-2.60,3.82,-0.00,0.03,-0.01,
12:38:32:168,2.39,-2.60,3.82,-0.00,0.03,-0.01,
12:38:32:169,2.39,-2.60,3.82,-0.02,-0.00,-0.02,
12:38:32:170,1.44,-3.16,2.77,-0.02,-0.00,-0.02,
12:38:32:172,1.44,-3.16,2.77,-0.02,-0.02,-0.03,
12:38:32:179,1.44,-3.16,2.77,-0.02,-0.02,-0.03,
12:38:32:180,1.44,-3.16,2.77,-0.03,0.01,-0.02,
12:38:32:181,1.47,-1.85,4.55,-0.03,0.01,-0.02,
12:38:32:182,1.47,-1.85,4.55,-0.04,0.00,-0.01,
12:38:32:182,1.47,-1.85,4.55,-0.04,0.00,-0.01,
12:38:32:183,1.47,-1.85,4.55,-0.04,-0.12,0.01,
12:38:32:184,3.21,-0.76,4.58,-0.04,-0.12,0.01,
12:38:32:184,3.21,-0.76,4.58,-0.03,-0.25,0.02,
12:38:32:184,3.21,-0.76,4.58,-0.03,-0.25,0.02,
12:38:32:184,3.21,-0.76,4.58,-0.03,-0.25,0.02,
12:38:32:185,2.43,-1.82,3.65,-0.03,-0.25,0.02,
12:38:32:186,2.43,-1.82,3.65,-0.02,-0.04,0.01,
12:38:32:187,2.43,-1.82,3.65,-0.02,-0.04,0.01,
12:38:32:189,2.43,-1.82,3.65,-0.02,0.22,0.00,
12:38:32:189,1.45,-0.04,4.88,-0.02,0.22,0.00,
12:38:32:191,1.45,-0.04,4.88,-0.03,0.36,-0.01,
12:38:32:192,1.45,-0.04,4.88,-0.03,0.36,-0.01,
12:38:32:194,1.45,-0.04,4.88,-0.04,0.30,-0.03,
12:38:32:194,2.08,-0.65,8.20,-0.04,0.30,-0.03,
12:38:32:197,2.08,-0.65,8.20,-0.04,0.07,-0.04,
12:38:32:197,2.08,-0.65,8.20,-0.04,0.07,-0.04,
12:38:32:199,2.08,-0.65,8.20,-0.03,-0.19,-0.03,
12:38:32:200,0.77,-2.94,6.69,-0.03,-0.19,-0.03,
12:38:32:202,0.77,-2.94,6.69,0.01,-0.37,0.00,
12:38:32:202,0.77,-2.94,6.69,0.01,-0.37,0.00,
12:38:32:204,0.77,-2.94,6.69,0.05,-0.44,0.04,
12:38:32:204,1.22,-1.18,3.96,0.05,-0.44,0.04,
12:38:32:206,1.22,-1.18,3.96,0.09,-0.39,0.07,
12:38:32:207,1.21,-1.18,3.96,0.09,-0.39,0.07,
12:38:32:209,1.21,-1.18,3.96,0.12,-0.25,0.08,
12:38:32:209,3.43,-0.28,3.05,0.12,-0.25,0.08,
12:38:32:211,3.43,-0.28,3.05,0.12,-0.05,0.07,
12:38:32:212,3.43,-0.28,3.05,0.12,-0.05,0.07,
12:38:32:214,3.43,-0.28,3.05,0.11,0.16,0.03,
12:38:32:214,2.35,-1.80,2.66,0.11,0.16,0.03,
12:38:32:217,2.35,-1.80,2.66,0.08,0.30,-0.00,
12:38:32:217,2.35,-1.80,2.66,0.08,0.30,-0.00,
12:38:32:219,2.35,-1.80,2.66,0.05,0.34,-0.03,
12:38:32:220,0.90,-2.08,4.96,0.05,0.34,-0.03,
12:38:32:221,0.90,-2.08,4.96,0.01,0.23,-0.04,
12:38:32:222,0.90,-2.08,4.96,0.01,0.23,-0.04,
12:38:32:223,0.90,-2.08,4.96,-0.02,-0.04,-0.03,
12:38:32:224,1.12,-4.33,5.05,-0.02,-0.04,-0.03,
12:38:32:227,1.12,-4.33,5.05,-0.04,-0.34,-0.02,
12:38:32:227,1.12,-4.33,5.05,-0.04,-0.34,-0.02,
12:38:32:229,1.12,-4.33,5.05,-0.04,-0.55,0.00,
12:38:32:230,2.34,-4.62,2.88,-0.04,-0.55,0.00,
12:38:32:237,2.34,-4.62,2.88,-0.04,-0.59,0.02,
12:38:32:237,2.34,-4.62,2.88,-0.04,-0.59,0.02,
12:38:32:237,2.34,-4.62,2.88,-0.03,-0.44,0.02,
12:38:32:238,3.40,-1.88,2.03,-0.03,-0.44,0.02,
12:38:32:238,3.40,-1.88,2.03,-0.02,-0.12,0.03,
12:38:32:238,3.40,-1.88,2.03,-0.02,-0.12,0.03,
12:38:32:239,3.40,-1.88,2.03,-0.00,0.21,0.02,
12:38:32:239,2.39,-0.82,2.11,-0.00,0.21,0.02,
12:38:32:241,2.39,-0.82,2.11,0.00,0.44,0.00,
12:38:32:242,2.39,-0.82,2.12,0.00,0.44,0.00,
12:38:32:244,2.39,-0.82,2.12,0.00,0.49,-0.02,
12:38:32:244,2.65,-0.41,6.22,0.00,0.49,-0.02,
12:38:32:246,2.65,-0.41,6.22,-0.00,0.34,-0.04,
12:38:32:247,2.66,-0.41,6.22,-0.00,0.34,-0.04,
12:38:32:249,2.66,-0.41,6.22,-0.00,0.07,-0.04,
12:38:32:250,1.46,-2.40,6.46,-0.00,0.07,-0.04,
12:38:32:251,1.46,-2.40,6.46,0.02,-0.22,-0.03,
12:38:32:251,1.46,-2.40,6.46,0.02,-0.22,-0.03,
12:38:32:254,1.46,-2.40,6.46,0.05,-0.43,0.00,
12:38:32:254,1.88,-0.54,4.51,0.05,-0.43,0.00,
12:38:32:256,1.88,-0.54,4.51,0.06,-0.47,0.04,
12:38:32:257,1.88,-0.54,4.52,0.06,-0.47,0.04,
12:38:32:259,1.88,-0.54,4.52,0.06,-0.24,0.06,
12:38:32:259,2.16,-0.27,3.86,0.06,-0.24,0.06,
12:38:32:261,2.16,-0.27,3.86,0.03,0.09,0.05,
12:38:32:262,2.16,-0.27,3.86,0.03,0.09,0.05,
12:38:32:264,2.16,-0.27,3.86,0.01,0.27,0.02,
12:38:32:265,2.31,-1.23,4.71,0.01,0.27,0.02,
12:38:32:267,2.31,-1.23,4.71,0.00,0.29,-0.01,
12:38:32:268,2.31,-1.23,4.71,0.00,0.29,-0.01,
12:38:32:269,2.31,-1.23,4.71,-0.00,0.21,-0.03,
12:38:32:270,1.01,-1.40,6.24,-0.00,0.21,-0.03,
12:38:32:272,1.01,-1.40,6.24,0.01,0.09,-0.04,
12:38:32:273,1.01,-1.40,6.24,0.01,0.09,-0.04,
12:38:32:274,1.01,-1.40,6.24,0.02,-0.02,-0.02,
12:38:32:275,0.31,0.04,6.60,0.02,-0.02,-0.02,
12:38:32:276,0.31,0.04,6.60,0.05,-0.22,0.01,
12:38:32:277,0.31,0.04,6.60,0.05,-0.22,0.01,
12:38:32:279,0.31,0.04,6.60,0.06,-0.42,0.04,
12:38:32:280,2.43,-1.39,4.53,0.06,-0.42,0.04,
12:38:32:281,2.43,-1.39,4.53,0.06,-0.49,0.05,
12:38:32:282,2.43,-1.39,4.53,0.06,-0.49,0.05,
12:38:32:284,2.43,-1.39,4.53,0.03,-0.38,0.05,
12:38:32:285,3.58,-3.61,3.65,0.03,-0.38,0.05,
12:38:32:286,3.58,-3.61,3.65,-0.00,-0.15,0.04,
12:38:32:287,3.58,-3.61,3.65,-0.00,-0.15,0.04,
12:38:32:289,3.58,-3.61,3.65,-0.02,0.09,0.01,
12:38:32:290,4.18,-1.17,4.26,-0.02,0.09,0.01,
12:38:32:291,4.18,-1.17,4.26,-0.03,0.29,-0.03,
12:38:32:292,4.18,-1.17,4.26,-0.03,0.29,-0.03,
12:38:32:294,4.18,-1.17,4.26,-0.03,0.38,-0.07,
12:38:32:295,2.32,-2.71,5.76,-0.03,0.38,-0.07,
12:38:32:297,2.32,-2.71,5.76,-0.01,0.28,-0.09,
12:38:32:303,2.32,-2.71,5.76,-0.01,0.28,-0.09,
12:38:32:304,2.32,-2.71,5.76,0.03,0.07,-0.08,
12:38:32:305,0.56,-1.54,5.80,0.03,0.07,-0.08,
12:38:32:306,0.56,-1.54,5.80,0.08,-0.16,-0.05,
12:38:32:306,0.56,-1.54,5.80,0.08,-0.16,-0.05,
12:38:32:307,0.56,-1.54,5.80,0.11,-0.32,-0.01,
12:38:32:308,2.26,-0.31,4.84,0.11,-0.32,-0.01,
12:38:32:309,2.26,-0.31,4.84,0.13,-0.39,0.02,
12:38:32:310,2.26,-0.32,4.84,0.13,-0.39,0.02,
12:38:32:310,2.26,-0.32,4.84,0.13,-0.37,0.04,
12:38:32:311,3.52,-0.66,2.38,0.13,-0.37,0.04,
12:38:32:312,3.52,-0.66,2.38,0.12,-0.22,0.03,
12:38:32:313,3.52,-0.66,2.38,0.12,-0.22,0.03,
12:38:32:314,3.52,-0.66,2.38,0.09,0.07,0.00,
12:38:32:314,3.40,-0.29,2.94,0.09,0.07,0.00,
12:38:32:317,3.40,-0.29,2.94,0.03,0.36,-0.04,
12:38:32:317,3.40,-0.29,2.94,0.03,0.36,-0.04,
12:38:32:319,3.40,-0.29,2.94,0.01,0.44,-0.08,
12:38:32:319,2.14,-1.07,3.88,0.01,0.44,-0.08,
12:38:32:321,2.14,-1.07,3.88,0.00,0.29,-0.10,
12:38:32:322,2.14,-1.07,3.88,0.00,0.29,-0.10,
12:38:32:324,2.14,-1.07,3.88,0.01,0.07,-0.09,
12:38:32:324,-0.24,-2.01,2.90,0.01,0.07,-0.09,
12:38:32:326,-0.24,-2.01,2.90,0.01,-0.14,-0.06,
12:38:32:327,-0.24,-2.01,2.90,0.01,-0.14,-0.06,
12:38:32:329,-0.24,-2.01,2.90,-0.01,-0.23,-0.01,
12:38:32:330,1.60,-0.58,5.87,-0.01,-0.23,-0.01,
12:38:32:336,1.60,-0.58,5.87,-0.05,-0.10,0.02,
12:38:32:337,1.60,-0.58,5.87,-0.05,-0.10,0.02,
12:38:32:337,1.60,-0.58,5.87,-0.06,-0.00,0.03,
12:38:32:338,0.71,-1.92,4.36,-0.06,-0.00,0.03,
12:38:32:338,0.71,-1.92,4.36,-0.05,-0.07,0.04,
12:38:32:339,0.71,-1.92,4.36,-0.05,-0.07,0.04,
12:38:32:339,0.71,-1.92,4.36,-0.04,-0.15,0.04,
12:38:32:340,1.35,-4.27,4.52,-0.04,-0.15,0.04,
12:38:32:341,1.35,-4.27,4.52,-0.05,-0.12,0.03,
12:38:32:342,1.35,-4.27,4.52,-0.05,-0.12,0.03,
12:38:32:344,1.35,-4.27,4.52,-0.04,0.04,0.02,
12:38:32:344,0.65,-3.22,5.33,-0.04,0.04,0.02,
12:38:32:347,0.65,-3.22,5.33,-0.02,0.15,0.01,
12:38:32:347,0.65,-3.22,5.33,-0.02,0.15,0.01,
12:38:32:349,0.65,-3.22,5.33,0.03,0.08,0.00,
12:38:32:350,1.63,-1.81,5.85,0.03,0.08,0.00,
12:38:32:352,1.63,-1.81,5.85,0.07,-0.11,0.00,
12:38:32:353,1.63,-1.81,5.85,0.07,-0.11,0.00,
12:38:32:354,1.63,-1.81,5.85,0.10,-0.26,0.01,
12:38:32:354,2.93,-1.37,5.69,0.10,-0.26,0.01,
12:38:32:358,2.93,-1.37,5.69,0.12,-0.23,0.01,
12:38:32:359,2.92,-1.37,5.69,0.12,-0.23,0.01,
12:38:32:359,2.92,-1.37,5.69,0.12,-0.06,0.00,
12:38:32:360,1.38,-1.38,3.20,0.12,-0.06,0.00,
12:38:32:361,1.38,-1.38,3.20,0.12,0.09,0.00,
12:38:32:362,1.38,-1.38,3.21,0.12,0.09,0.00,
12:38:32:364,1.38,-1.38,3.21,0.11,0.06,-0.00,
12:38:32:365,2.23,-2.25,3.51,0.11,0.06,-0.00,
12:38:32:367,2.23,-2.25,3.51,0.09,-0.03,-0.01,
12:38:32:369,2.23,-2.25,3.51,0.09,-0.03,-0.01,
12:38:32:369,2.23,-2.25,3.51,0.08,-0.12,-0.01,
12:38:32:369,2.01,-3.19,2.45,0.08,-0.12,-0.01,
12:38:32:372,2.01,-3.19,2.45,0.05,-0.16,-0.01,
12:38:32:372,2.01,-3.19,2.45,0.05,-0.16,-0.01,
12:38:32:374,2.01,-3.19,2.45,0.03,-0.15,0.00,
12:38:32:375,2.69,-2.69,2.51,0.03,-0.15,0.00,
12:38:32:376,2.69,-2.69,2.51,0.01,-0.11,0.01,
12:38:32:377,2.69,-2.69,2.51,0.01,-0.11,0.01,
12:38:32:379,2.69,-2.69,2.51,-0.02,-0.04,0.02,
12:38:32:380,2.59,-3.26,2.74,-0.02,-0.04,0.02,
12:38:32:381,2.59,-3.26,2.74,-0.05,0.05,0.02,
12:38:32:382,2.59,-3.26,2.74,-0.05,0.05,0.02,
12:38:32:384,2.59,-3.26,2.74,-0.05,0.12,0.00,
12:38:32:384,1.85,-2.08,3.13,-0.05,0.12,0.00,
12:38:32:386,1.85,-2.08,3.13,-0.04,0.14,-0.01,
12:38:32:387,1.85,-2.08,3.13,-0.04,0.14,-0.01,
12:38:32:389,1.85,-2.08,3.13,-0.02,0.12,-0.02,
12:38:32:390,1.10,-1.00,4.12,-0.02,0.12,-0.02,
12:38:32:391,1.10,-1.00,4.12,-0.00,0.07,-0.02,
12:38:32:392,1.10,-1.00,4.12,-0.00,0.07,-0.02,
12:38:32:394,1.10,-1.00,4.12,0.01,-0.00,-0.02,
12:38:32:395,1.67,0.17,5.05,0.01,-0.00,-0.02,
12:38:32:397,1.67,0.17,5.05,0.00,-0.07,-0.00,
12:38:32:398,1.67,0.17,5.05,0.00,-0.07,-0.00,
12:38:32:399,1.67,0.17,5.05,-0.01,-0.10,0.02,
12:38:32:400,2.20,-0.56,5.25,-0.01,-0.10,0.02,
12:38:32:402,2.20,-0.56,5.25,0.00,-0.11,0.02,
12:38:32:402,2.20,-0.56,5.25,0.00,-0.11,0.02,
12:38:32:404,2.20,-0.56,5.25,0.02,-0.14,0.03,
12:38:32:404,1.82,-0.56,3.32,0.02,-0.14,0.03,
12:38:32:407,1.82,-0.56,3.32,0.04,-0.14,0.03,
12:38:32:407,1.82,-0.56,3.32,0.04,-0.14,0.03,
12:38:32:409,1.82,-0.56,3.32,0.05,-0.09,0.02,
12:38:32:409,1.82,-1.41,2.39,0.05,-0.09,0.02,
12:38:32:411,1.82,-1.41,2.39,0.06,-0.04,0.00,
12:38:32:412,1.82,-1.41,2.40,0.06,-0.04,0.00,
12:38:32:414,1.82,-1.41,2.40,0.07,-0.02,-0.02,
12:38:32:415,1.31,-1.12,1.01,0.07,-0.02,-0.02,
12:38:32:416,1.31,-1.12,1.01,0.08,0.01,-0.03,
12:38:32:417,1.31,-1.12,1.01,0.08,0.01,-0.03,
12:38:32:419,1.31,-1.12,1.01,0.06,0.01,-0.03,
12:38:32:419,2.57,-1.21,2.24,0.06,0.01,-0.03,
12:38:32:421,2.57,-1.21,2.24,0.01,-0.01,-0.03,
12:38:32:428,2.57,-1.21,2.24,0.01,-0.01,-0.03,
12:38:32:429,2.57,-1.21,2.24,-0.05,-0.04,-0.03,
12:38:32:430,3.30,-3.48,2.88,-0.05,-0.04,-0.03,
12:38:32:430,3.30,-3.48,2.88,-0.09,-0.09,-0.04,
12:38:32:431,3.30,-3.48,2.87,-0.09,-0.09,-0.04,
12:38:32:431,3.30,-3.48,2.87,-0.12,-0.15,-0.04,
12:38:32:432,1.97,-6.31,0.95,-0.12,-0.15,-0.04,
12:38:32:433,1.97,-6.31,0.95,-0.13,-0.17,-0.04,
12:38:32:434,1.97,-6.31,0.95,-0.13,-0.17,-0.04,
12:38:32:435,1.97,-6.31,0.95,-0.15,-0.10,-0.03,
12:38:32:435,2.56,-4.51,2.58,-0.15,-0.10,-0.03,
12:38:32:440,2.56,-4.51,2.58,-0.15,0.03,-0.03,
12:38:32:441,2.56,-4.51,2.57,-0.15,0.03,-0.03,
12:38:32:442,2.56,-4.51,2.57,-0.13,0.16,-0.03,
12:38:32:443,2.44,-1.24,3.13,-0.13,0.16,-0.03,
12:38:32:443,2.44,-1.24,3.13,-0.08,0.22,-0.04,
12:38:32:444,2.44,-1.24,3.13,-0.08,0.22,-0.04,
12:38:32:444,2.44,-1.24,3.13,-0.05,0.16,-0.04,
12:38:32:444,2.07,-2.54,3.85,-0.05,0.16,-0.04,
12:38:32:451,2.07,-2.54,3.85,-0.04,0.02,-0.04,
12:38:32:452,2.07,-2.54,3.85,-0.04,0.02,-0.04,
12:38:32:453,2.07,-2.54,3.85,-0.02,-0.08,-0.04,
12:38:32:453,1.66,-2.28,4.01,-0.02,-0.08,-0.04,
12:38:32:454,1.66,-2.28,4.01,-0.00,-0.05,-0.03,
12:38:32:455,1.67,-2.28,4.01,-0.00,-0.05,-0.03,
12:38:32:456,1.67,-2.28,4.01,0.02,0.00,-0.02,
12:38:32:456,0.77,-1.79,2.54,0.02,0.00,-0.02,
12:38:32:457,0.77,-1.79,2.54,0.03,-0.02,-0.01,
12:38:32:457,0.77,-1.79,2.54,0.03,-0.02,-0.01,
12:38:32:460,0.77,-1.79,2.54,0.04,-0.08,-0.00,
12:38:32:461,2.01,-1.69,2.99,0.04,-0.08,-0.00,
12:38:32:462,2.01,-1.69,2.99,0.03,-0.05,-0.01,
12:38:32:462,2.01,-1.69,2.99,0.03,-0.05,-0.01,
12:38:32:464,2.01,-1.69,2.99,0.02,0.05,-0.02,
12:38:32:465,1.52,-0.22,2.12,0.02,0.05,-0.02,
12:38:32:467,1.52,-0.22,2.12,0.00,0.12,-0.03,
12:38:32:468,1.52,-0.22,2.12,0.00,0.12,-0.03,
12:38:32:469,1.52,-0.22,2.12,-0.03,0.16,-0.04,
12:38:32:469,2.00,-0.98,4.00,-0.03,0.16,-0.04,
12:38:32:471,2.00,-0.98,4.00,-0.08,0.11,-0.04,
12:38:32:472,2.00,-0.98,4.00,-0.08,0.11,-0.04,
12:38:32:474,2.00,-0.98,4.00,-0.10,-0.02,-0.05,
12:38:32:474,1.64,-2.23,3.52,-0.10,-0.02,-0.05,
12:38:32:477,1.64,-2.23,3.52,-0.12,-0.12,-0.04,
12:38:32:477,1.65,-2.23,3.52,-0.12,-0.12,-0.04,
12:38:32:479,1.65,-2.23,3.52,-0.12,-0.13,-0.02,
12:38:32:480,1.37,-1.73,3.47,-0.12,-0.13,-0.02,
12:38:32:483,1.37,-1.73,3.47,-0.12,-0.06,-0.02,
12:38:32:484,1.37,-1.73,3.47,-0.12,-0.06,-0.02,
12:38:32:484,1.37,-1.73,3.47,-0.11,-0.01,-0.01,
12:38:32:485,2.05,-1.92,3.63,-0.11,-0.01,-0.01,
12:38:32:486,2.05,-1.92,3.63,-0.09,-0.06,-0.00,
12:38:32:487,2.05,-1.92,3.63,-0.09,-0.06,-0.00,
12:38:32:489,2.05,-1.92,3.63,-0.08,-0.13,-0.01,
12:38:32:490,3.96,-1.77,3.82,-0.08,-0.13,-0.01,
12:38:32:491,3.96,-1.77,3.82,-0.05,-0.17,-0.02,
12:38:32:492,3.96,-1.77,3.81,-0.05,-0.17,-0.02,
12:38:32:494,3.96,-1.77,3.81,-0.04,-0.10,-0.05,
12:38:32:495,3.33,-1.69,2.56,-0.04,-0.10,-0.05,
12:38:32:497,3.33,-1.69,2.56,-0.03,0.06,-0.07,
12:38:32:499,3.34,-1.69,2.56,-0.03,0.06,-0.07,
12:38:32:500,3.34,-1.69,2.56,-0.03,0.24,-0.09,
12:38:32:502,2.21,-1.58,3.54,-0.03,0.24,-0.09,
12:38:32:503,2.21,-1.58,3.54,-0.02,0.29,-0.11,
12:38:32:504,2.21,-1.58,3.54,-0.02,0.29,-0.11,
12:38:32:505,2.21,-1.58,3.54,-0.01,0.21,-0.11,
12:38:32:506,1.26,-1.94,4.07,-0.01,0.21,-0.11,
12:38:32:506,1.26,-1.94,4.07,0.01,0.07,-0.10,
12:38:32:507,1.27,-1.94,4.07,0.01,0.07,-0.10,
12:38:32:509,1.27,-1.94,4.07,0.02,-0.07,-0.08,
12:38:32:510,0.67,-1.93,3.08,0.02,-0.07,-0.08,
12:38:32:512,0.67,-1.93,3.08,0.02,-0.20,-0.04,
12:38:32:512,0.67,-1.93,3.08,0.02,-0.20,-0.04,
12:38:32:514,0.67,-1.93,3.08,0.01,-0.27,-0.01,
12:38:32:515,2.19,-2.69,2.17,0.01,-0.27,-0.01,
12:38:32:516,2.19,-2.69,2.17,-0.00,-0.27,0.01,
12:38:32:517,2.19,-2.69,2.16,-0.00,-0.27,0.01,
12:38:32:519,2.19,-2.69,2.16,-0.01,-0.19,0.02,
12:38:32:519,2.39,-2.11,0.73,-0.01,-0.19,0.02,
12:38:32:521,2.39,-2.11,0.73,-0.01,0.00,0.00,
12:38:32:522,2.39,-2.11,0.73,-0.01,0.00,0.00,
12:38:32:524,2.39,-2.11,0.73,-0.02,0.23,-0.02,
12:38:32:525,1.33,-1.32,1.52,-0.02,0.23,-0.02,
12:38:32:526,1.33,-1.32,1.52,-0.03,0.37,-0.04,
12:38:32:527,1.34,-1.32,1.52,-0.03,0.37,-0.04,
12:38:32:529,1.34,-1.32,1.52,-0.05,0.39,-0.05,
12:38:32:530,-0.13,-2.66,3.05,-0.05,0.39,-0.05,
12:38:32:537,-0.13,-2.66,3.05,-0.07,0.29,-0.05,
12:38:32:538,-0.13,-2.66,3.05,-0.07,0.29,-0.05,
12:38:32:538,-0.13,-2.66,3.05,-0.10,0.09,-0.05,
12:38:32:538,0.99,-2.99,5.24,-0.10,0.09,-0.05,
12:38:32:538,0.99,-2.99,5.24,-0.12,-0.16,-0.03,
12:38:32:538,0.99,-2.99,5.24,-0.12,-0.16,-0.03,
12:38:32:539,0.99,-2.99,5.24,-0.12,-0.31,-0.02,
12:38:32:539,1.98,-1.50,5.18,-0.12,-0.31,-0.02,
12:38:32:541,1.98,-1.50,5.18,-0.10,-0.32,0.00,
12:38:32:542,1.98,-1.50,5.17,-0.10,-0.32,0.00,
12:38:32:544,1.98,-1.50,5.17,-0.07,-0.23,0.00,
12:38:32:544,2.47,-0.71,3.16,-0.07,-0.23,0.00,
12:38:32:547,2.47,-0.71,3.16,-0.04,-0.09,0.00,
12:38:32:552,2.47,-0.71,3.16,-0.04,-0.09,0.00,
12:38:32:552,2.47,-0.71,3.16,-0.03,0.09,-0.02,
12:38:32:552,2.10,-2.37,3.67,-0.03,0.09,-0.02,
12:38:32:553,2.10,-2.37,3.67,-0.03,0.26,-0.04,
12:38:32:553,2.10,-2.37,3.67,-0.03,0.26,-0.04,
12:38:32:554,2.10,-2.37,3.67,-0.01,0.35,-0.07,
12:38:32:554,0.66,-2.67,4.80,-0.01,0.35,-0.07,
12:38:32:556,0.66,-2.67,4.80,0.01,0.30,-0.08,
12:38:32:557,0.67,-2.67,4.80,0.01,0.30,-0.08,
12:38:32:560,0.67,-2.67,4.80,0.04,0.11,-0.08,
12:38:32:561,1.54,0.61,6.17,0.04,0.11,-0.08,
12:38:32:562,1.54,0.61,6.17,0.08,-0.16,-0.06,
12:38:32:562,1.54,0.61,6.17,0.08,-0.16,-0.06,
12:38:32:564,1.54,0.61,6.17,0.09,-0.36,-0.04,
12:38:32:565,2.56,-1.23,3.87,0.09,-0.36,-0.04,
12:38:32:566,2.56,-1.23,3.87,0.08,-0.41,-0.03,
12:38:32:567,2.56,-1.23,3.87,0.08,-0.41,-0.03,
12:38:32:569,2.56,-1.23,3.87,0.06,-0.28,-0.01,
12:38:32:570,2.77,-1.52,2.34,0.06,-0.28,-0.01,
12:38:32:571,2.77,-1.52,2.34,0.04,-0.03,-0.01,
12:38:32:572,2.77,-1.52,2.35,0.04,-0.03,-0.01,
12:38:32:574,2.77,-1.52,2.35,0.01,0.20,-0.02,
12:38:32:574,3.16,0.13,3.26,0.01,0.20,-0.02,
12:38:32:576,3.16,0.13,3.26,-0.01,0.33,-0.05,
12:38:32:577,3.16,0.13,3.26,-0.01,0.33,-0.05,
12:38:32:579,3.16,0.13,3.26,-0.03,0.31,-0.07,
12:38:32:579,1.30,-3.37,3.86,-0.03,0.31,-0.07,
12:38:32:582,1.30,-3.37,3.86,-0.04,0.18,-0.08,
12:38:32:583,1.30,-3.37,3.86,-0.04,0.18,-0.08,
12:38:32:584,1.30,-3.37,3.86,-0.02,-0.01,-0.06,
12:38:32:584,0.80,-1.37,4.29,-0.02,-0.01,-0.06,
12:38:32:587,0.80,-1.37,4.29,0.01,-0.17,-0.04,
12:38:32:587,0.80,-1.37,4.29,0.01,-0.17,-0.04,
12:38:32:589,0.80,-1.37,4.29,0.03,-0.25,-0.02,
12:38:32:590,2.07,-0.55,3.75,0.03,-0.25,-0.02,
12:38:32:592,2.07,-0.55,3.75,0.06,-0.25,0.01,
12:38:32:592,2.07,-0.55,3.75,0.06,-0.25,0.01,
12:38:32:594,2.07,-0.55,3.75,0.08,-0.21,0.02,
12:38:32:595,2.34,-0.94,1.69,0.08,-0.21,0.02,
12:38:32:600,2.34,-0.94,1.69,0.09,-0.10,0.01,
12:38:32:602,2.34,-0.94,1.69,0.08,0.10,-0.01,
12:38:32:603,2.32,-1.38,2.28,0.08,0.10,-0.01,
12:38:32:604,2.32,-1.38,2.28,0.08,0.10,-0.01,
12:38:32:605,2.32,-1.38,2.28,0.06,0.29,-0.05,
12:38:32:606,2.33,-1.38,2.28,0.06,0.29,-0.05,
12:38:32:606,2.33,-1.38,2.28,0.04,0.35,-0.07,
12:38:32:607,0.19,-2.44,2.44,0.04,0.35,-0.07,
12:38:32:607,0.19,-2.44,2.44,0.03,0.29,-0.08,
12:38:32:608,0.20,-2.44,2.44,0.03,0.29,-0.08,
12:38:32:609,0.20,-2.44,2.44,0.01,0.12,-0.07,
12:38:32:610,1.59,-0.63,5.39,0.01,0.12,-0.07,
12:38:32:611,1.59,-0.63,5.39,-0.00,-0.07,-0.05,
12:38:32:612,1.59,-0.63,5.39,-0.00,-0.07,-0.05,
12:38:32:620,1.59,-0.63,5.39,-0.01,-0.18,-0.03,
12:38:32:621,0.76,-0.62,3.81,-0.01,-0.18,-0.03,
12:38:32:622,0.76,-0.62,3.81,-0.00,-0.15,-0.02,
12:38:32:622,0.76,-0.62,3.81,-0.00,-0.15,-0.02,
12:38:32:623,0.76,-0.62,3.81,0.01,-0.07,-0.00,
12:38:32:623,1.32,0.17,3.69,0.01,-0.07,-0.00,
12:38:32:624,1.32,0.17,3.69,0.01,-0.03,0.01,
12:38:32:624,1.31,0.17,3.69,0.01,-0.03,0.01,
12:38:32:625,1.31,0.17,3.69,0.02,-0.02,-0.00,
12:38:32:626,2.91,-0.10,3.99,0.02,-0.02,-0.00,
12:38:32:627,2.91,-0.10,3.99,0.01,0.01,-0.02,
12:38:32:627,2.91,-0.10,3.99,0.01,0.01,-0.02,
12:38:32:629,2.91,-0.10,3.99,0.02,0.06,-0.05,
12:38:32:630,1.03,-2.52,2.66,0.02,0.06,-0.05,
12:38:32:635,1.03,-2.52,2.66,0.03,0.08,-0.08,
12:38:32:635,1.03,-2.52,2.66,0.03,0.08,-0.08,
12:38:32:636,1.03,-2.52,2.66,0.03,0.08,-0.08,
12:38:32:636,1.46,-1.67,4.23,0.03,0.08,-0.08,
12:38:32:637,1.46,-1.67,4.23,0.02,0.04,-0.07,
12:38:32:637,1.46,-1.67,4.23,0.02,0.04,-0.07,
12:38:32:639,1.46,-1.67,4.23,0.02,-0.01,-0.06,
12:38:32:639,2.20,-1.33,4.42,0.02,-0.01,-0.06,
12:38:32:641,2.20,-1.33,4.42,0.03,-0.07,-0.05,
12:38:32:642,2.20,-1.33,4.42,0.03,-0.07,-0.05,
12:38:32:644,2.20,-1.33,4.42,0.04,-0.10,-0.04,
12:38:32:644,1.97,-1.73,3.52,0.04,-0.10,-0.04,
12:38:32:647,1.97,-1.73,3.52,0.04,-0.06,-0.03,
12:38:32:648,1.97,-1.73,3.52,0.04,-0.06,-0.03,
12:38:32:650,1.97,-1.73,3.52,0.04,0.04,-0.03,
12:38:32:650,1.93,-1.23,3.68,0.04,0.04,-0.03,
12:38:32:651,1.93,-1.23,3.68,0.04,0.12,-0.04,
12:38:32:651,1.93,-1.23,3.69,0.04,0.12,-0.04,
12:38:32:654,1.93,-1.23,3.69,0.05,0.12,-0.06,
12:38:32:654,1.35,-2.29,3.21,0.05,0.12,-0.06,
12:38:32:656,1.35,-2.29,3.21,0.06,0.03,-0.07,
12:38:32:657,1.35,-2.29,3.21,0.06,0.03,-0.07,
12:38:32:659,1.35,-2.29,3.21,0.07,-0.05,-0.07,
12:38:32:660,2.47,0.02,4.49,0.07,-0.05,-0.07,
12:38:32:662,2.47,0.02,4.49,0.06,-0.03,-0.06,
12:38:32:662,2.47,0.02,4.50,0.06,-0.03,-0.06,
12:38:32:664,2.47,0.02,4.50,0.06,0.08,-0.06,
12:38:32:665,0.67,-1.93,3.19,0.06,0.08,-0.06,
12:38:32:666,0.67,-1.93,3.19,0.05,0.07,-0.05,
12:38:32:667,0.67,-1.93,3.19,0.05,0.07,-0.05,
12:38:32:669,0.67,-1.93,3.19,0.05,-0.06,-0.04,
12:38:32:670,1.80,-2.39,3.22,0.05,-0.06,-0.04,
12:38:32:671,1.80,-2.39,3.22,0.05,-0.16,-0.03,
12:38:32:679,1.80,-2.39,3.22,0.05,-0.16,-0.03,
12:38:32:680,1.80,-2.39,3.22,0.05,-0.07,-0.03,
12:38:32:680,1.54,-0.21,3.28,0.05,-0.07,-0.03,
12:38:32:681,1.54,-0.21,3.28,0.05,0.15,-0.04,
12:38:32:682,1.55,-0.21,3.28,0.05,0.15,-0.04,
12:38:32:682,1.55,-0.21,3.28,0.06,0.27,-0.04,
12:38:32:683,-0.03,-0.35,2.99,0.06,0.27,-0.04,
12:38:32:684,-0.03,-0.35,2.99,0.08,0.22,-0.05,
12:38:32:684,-0.03,-0.35,3.00,0.08,0.22,-0.05,
12:38:32:685,-0.03,-0.35,3.00,0.10,0.07,-0.04,
12:38:32:685,0.52,-1.51,3.35,0.10,0.07,-0.04,
12:38:32:687,0.52,-1.51,3.35,0.07,-0.08,-0.03,
12:38:32:688,0.52,-1.51,3.35,0.07,-0.08,-0.03,
12:38:32:689,0.52,-1.51,3.35,0.04,-0.10,-0.02,
12:38:32:689,1.20,-0.14,4.70,0.04,-0.10,-0.02,
12:38:32:691,1.20,-0.14,4.70,0.03,-0.05,-0.02,
12:38:32:692,1.20,-0.14,4.70,0.03,-0.05,-0.02,
12:38:32:694,1.20,-0.14,4.70,0.04,-0.06,-0.01,
12:38:32:695,0.59,-0.89,2.54,0.04,-0.06,-0.01,
12:38:32:696,0.59,-0.89,2.54,0.05,-0.11,0.00,
12:38:32:697,0.59,-0.89,2.54,0.05,-0.11,0.00,
12:38:32:699,0.59,-0.89,2.54,0.05,-0.13,0.01,
12:38:32:700,1.72,-1.36,2.28,0.05,-0.13,0.01,
12:38:32:702,1.72,-1.36,2.28,0.06,-0.08,0.00,
12:38:32:702,1.71,-1.36,2.28,0.06,-0.08,0.00,
12:38:32:704,1.71,-1.36,2.28,0.05,0.02,-0.01,
12:38:32:704,1.14,-1.15,2.07,0.05,0.02,-0.01,
12:38:32:707,1.14,-1.15,2.07,0.04,0.14,-0.03,
12:38:32:707,1.14,-1.15,2.07,0.04,0.14,-0.03,
12:38:32:709,1.14,-1.15,2.07,0.03,0.20,-0.05,
12:38:32:710,1.73,-0.81,3.65,0.03,0.20,-0.05,
12:38:32:711,1.73,-0.81,3.65,0.01,0.11,-0.05,
12:38:32:712,1.73,-0.81,3.65,0.01,0.11,-0.05,
12:38:32:714,1.73,-0.81,3.65,-0.01,-0.03,-0.04,
12:38:32:714,2.16,-1.64,4.34,-0.01,-0.03,-0.04,
12:38:32:717,2.16,-1.64,4.34,-0.01,-0.14,-0.03,
12:38:32:717,2.16,-1.64,4.34,-0.01,-0.14,-0.03,
12:38:32:719,2.16,-1.64,4.34,-0.00,-0.19,-0.02,
12:38:32:720,0.70,-3.86,1.80,-0.00,-0.19,-0.02,
12:38:32:722,0.70,-3.86,1.80,-0.01,-0.15,-0.01,
12:38:32:722,0.70,-3.86,1.80,-0.01,-0.15,-0.01,
12:38:32:724,0.70,-3.86,1.80,-0.02,-0.03,-0.01,
12:38:32:725,1.60,-2.16,3.50,-0.02,-0.03,-0.01,
12:38:32:726,1.60,-2.16,3.50,-0.01,0.15,-0.01,
12:38:32:727,1.60,-2.16,3.50,-0.01,0.15,-0.01,
12:38:32:729,1.60,-2.16,3.50,0.00,0.29,-0.02,
12:38:32:730,1.07,0.02,4.19,0.00,0.29,-0.02,
12:38:32:736,1.07,0.02,4.19,0.03,0.28,-0.03,
12:38:32:736,1.07,0.02,4.19,0.03,0.28,-0.03,
12:38:32:737,1.07,0.02,4.19,0.06,0.10,-0.03,
12:38:32:737,1.97,-0.13,5.58,0.06,0.10,-0.03,
12:38:32:738,1.97,-0.13,5.58,0.08,-0.12,-0.02,
12:38:32:738,1.97,-0.13,5.59,0.08,-0.12,-0.02,
12:38:32:739,1.97,-0.13,5.59,0.08,-0.20,-0.02,
12:38:32:739,0.77,-1.30,3.50,0.08,-0.20,-0.02,
12:38:32:741,0.77,-1.30,3.50,0.08,-0.14,-0.01,
12:38:32:742,0.77,-1.30,3.51,0.08,-0.14,-0.01,
12:38:32:744,0.77,-1.30,3.51,0.09,-0.05,-0.01,
12:38:32:744,1.03,0.34,2.69,0.09,-0.05,-0.01,
12:38:32:746,1.03,0.34,2.69,0.10,-0.00,-0.00,
12:38:32:747,1.03,0.34,2.69,0.10,-0.00,-0.00,
12:38:32:750,1.03,0.34,2.69,0.09,0.03,-0.00,
12:38:32:751,1.78,-0.72,2.91,0.09,0.03,-0.00,
12:38:32:752,1.78,-0.72,2.91,0.06,0.07,-0.01,
12:38:32:753,1.78,-0.72,2.91,0.06,0.07,-0.01,
12:38:32:754,1.78,-0.72,2.91,0.03,0.06,-0.03,
12:38:32:755,1.51,-2.33,2.75,0.03,0.06,-0.03,
12:38:32:756,1.51,-2.33,2.75,0.00,0.04,-0.04,
12:38:32:757,1.51,-2.33,2.75,0.00,0.04,-0.04,
12:38:32:759,1.51,-2.33,2.75,-0.01,0.03,-0.05,
12:38:32:759,1.19,-0.77,3.61,-0.01,0.03,-0.05,
12:38:32:761,1.19,-0.77,3.61,-0.01,-0.00,-0.04,
12:38:32:762,1.19,-0.77,3.61,-0.01,-0.00,-0.04,
12:38:32:764,1.19,-0.77,3.61,-0.01,-0.04,-0.02,
12:38:32:765,1.10,-0.50,3.34,-0.01,-0.04,-0.02,
12:38:32:766,1.10,-0.50,3.34,-0.00,-0.03,-0.01,
12:38:32:767,1.10,-0.50,3.34,-0.00,-0.03,-0.01,
12:38:32:769,1.10,-0.50,3.34,0.00,0.01,-0.00,
12:38:32:770,0.82,-1.47,3.34,0.00,0.01,-0.00,
12:38:32:771,0.82,-1.47,3.34,-0.00,0.03,-0.00,
12:38:32:772,0.82,-1.47,3.34,-0.00,0.03,-0.00,
12:38:32:774,0.82,-1.47,3.34,-0.00,0.00,-0.00,
12:38:32:774,2.07,-0.30,4.02,-0.00,0.00,-0.00,
12:38:32:776,2.07,-0.30,4.02,0.01,-0.04,-0.00,
12:38:32:777,2.07,-0.30,4.02,0.01,-0.04,-0.00,
12:38:32:779,2.07,-0.30,4.02,0.01,-0.04,-0.01,
12:38:32:780,1.70,-0.99,3.53,0.01,-0.04,-0.01,
12:38:32:782,1.70,-0.99,3.53,0.01,-0.00,-0.02,
12:38:32:783,1.71,-0.99,3.53,0.01,-0.00,-0.02,
12:38:32:784,1.71,-0.99,3.53,0.02,0.02,-0.03,
12:38:32:785,1.41,-1.45,3.49,0.02,0.02,-0.03,
12:38:32:786,1.41,-1.45,3.49,0.02,0.03,-0.03,
12:38:32:787,1.41,-1.45,3.49,0.02,0.03,-0.03,
12:38:32:789,1.41,-1.45,3.49,0.02,0.03,-0.03,
12:38:32:790,1.69,-0.43,4.05,0.02,0.03,-0.03,
12:38:32:792,1.69,-0.43,4.05,0.02,0.05,-0.03,
12:38:32:792,1.70,-0.43,4.05,0.02,0.05,-0.03,
12:38:32:797,1.70,-0.43,4.05,0.03,0.10,-0.03,
12:38:32:798,0.95,0.26,4.35,0.03,0.10,-0.03,
12:38:32:798,0.95,0.26,4.35,0.03,0.10,-0.03,
12:38:32:803,0.95,0.26,4.35,0.03,0.10,-0.03,
12:38:32:804,0.95,0.26,4.35,0.03,0.03,-0.02,
12:38:32:804,0.92,-0.58,4.61,0.03,0.03,-0.02,
12:38:32:805,0.92,-0.58,4.61,0.03,-0.03,-0.01,
12:38:32:805,0.92,-0.58,4.61,0.03,-0.03,-0.01,
12:38:32:806,0.92,-0.58,4.61,0.02,-0.05,-0.01,
12:38:32:806,0.35,-1.66,3.96,0.02,-0.05,-0.01,
12:38:32:807,0.35,-1.66,3.96,0.02,-0.06,-0.01,
12:38:32:807,0.35,-1.66,3.96,0.02,-0.06,-0.01,
12:38:32:809,0.35,-1.66,3.96,0.03,-0.09,0.00,
12:38:32:809,1.21,0.27,3.83,0.03,-0.09,0.00,
12:38:32:811,1.21,0.27,3.83,0.05,-0.05,0.01,
12:38:32:812,1.21,0.27,3.84,0.05,-0.05,0.01,
12:38:32:814,1.21,0.27,3.84,0.05,0.01,0.01,
12:38:32:815,1.04,-0.84,2.97,0.05,0.01,0.01,
12:38:32:817,1.04,-0.84,2.97,0.05,0.03,-0.00,
12:38:32:817,1.04,-0.84,2.97,0.05,0.03,-0.00,
12:38:32:819,1.04,-0.84,2.97,0.04,0.01,-0.01,
12:38:32:819,1.86,-0.58,4.00,0.04,0.01,-0.01,
12:38:32:822,1.86,-0.58,4.00,0.04,0.01,-0.02,
12:38:32:822,1.86,-0.58,4.00,0.04,0.01,-0.02,
12:38:32:824,1.86,-0.58,4.00,0.03,-0.00,-0.03,
12:38:32:825,1.11,-2.01,2.67,0.03,-0.00,-0.03,
12:38:32:827,1.11,-2.01,2.67,0.03,-0.04,-0.03,
12:38:32:828,1.11,-2.01,2.67,0.03,-0.04,-0.03,
12:38:32:829,1.11,-2.01,2.67,0.02,-0.08,-0.02,
12:38:32:831,2.23,-0.87,3.57,0.02,-0.08,-0.02,
12:38:32:837,2.23,-0.87,3.57,0.02,-0.07,-0.01,
12:38:32:838,2.23,-0.87,3.57,0.02,-0.07,-0.01,
12:38:32:838,2.23,-0.87,3.57,0.01,0.00,-0.01,
12:38:32:839,1.55,-1.36,2.71,0.01,0.00,-0.01,
12:38:32:839,1.55,-1.36,2.71,0.00,0.08,-0.02,
12:38:32:839,1.55,-1.36,2.71,0.00,0.08,-0.02,
12:38:32:840,1.55,-1.36,2.71,-0.01,0.12,-0.03,
12:38:32:840,1.74,-1.22,3.86,-0.01,0.12,-0.03,
12:38:32:841,1.74,-1.22,3.86,-0.01,0.07,-0.03,
12:38:32:842,1.74,-1.22,3.86,-0.01,0.07,-0.03,
12:38:32:844,1.74,-1.22,3.86,-0.02,-0.03,-0.03,
12:38:32:844,1.96,-1.09,3.99,-0.02,-0.03,-0.03,
12:38:32:848,1.96,-1.09,3.99,-0.01,-0.06,-0.03,
12:38:32:849,1.96,-1.09,3.99,-0.01,-0.06,-0.03,
12:38:32:850,1.96,-1.09,3.99,0.01,0.02,-0.03,
12:38:32:851,0.94,0.37,3.95,0.01,0.02,-0.03,
12:38:32:852,0.94,0.37,3.95,0.01,0.09,-0.03,
12:38:32:852,0.94,0.37,3.95,0.01,0.09,-0.03,
12:38:32:854,0.94,0.37,3.95,0.02,0.07,-0.03,
12:38:32:855,1.42,-0.05,4.66,0.02,0.07,-0.03,
12:38:32:857,1.42,-0.05,4.66,0.04,0.03,-0.03,
12:38:32:857,1.42,-0.05,4.66,0.04,0.03,-0.03,
12:38:32:859,1.42,-0.05,4.66,0.05,-0.01,-0.03,
12:38:32:860,0.54,-1.18,3.46,0.05,-0.01,-0.03,
12:38:32:862,0.54,-1.18,3.46,0.04,-0.03,-0.03,
12:38:32:862,0.54,-1.18,3.47,0.04,-0.03,-0.03,
12:38:32:864,0.54,-1.18,3.47,0.03,0.01,-0.03,
12:38:32:866,1.22,-0.41,4.92,0.03,0.01,-0.03,
12:38:32:867,1.22,-0.41,4.92,0.02,0.03,-0.02,
12:38:32:867,1.22,-0.41,4.92,0.02,0.03,-0.02,
12:38:32:869,1.22,-0.41,4.92,0.03,-0.05,-0.01,
12:38:32:869,1.11,-1.70,2.79,0.03,-0.05,-0.01,
12:38:32:871,1.11,-1.70,2.79,0.05,-0.17,-0.01,
12:38:32:872,1.11,-1.70,2.79,0.05,-0.17,-0.01,
12:38:32:874,1.11,-1.70,2.79,0.05,-0.20,0.01,
12:38:32:874,2.34,-1.28,3.15,0.05,-0.20,0.01,
12:38:32:876,2.34,-1.28,3.15,0.04,-0.09,0.00,
12:38:32:877,2.34,-1.28,3.16,0.04,-0.09,0.00,
12:38:32:879,2.34,-1.28,3.16,0.04,0.09,-0.01,
12:38:32:880,1.63,-0.50,2.58,0.04,0.09,-0.01,
12:38:32:883,1.63,-0.50,2.58,0.03,0.21,-0.04,
12:38:32:884,1.63,-0.50,2.59,0.03,0.21,-0.04,
12:38:32:885,1.63,-0.50,2.59,0.02,0.19,-0.06,
12:38:32:885,1.81,-2.51,3.70,0.02,0.19,-0.06,
12:38:32:886,1.81,-2.51,3.70,-0.01,0.06,-0.07,
12:38:32:887,1.81,-2.51,3.70,-0.01,0.06,-0.07,
12:38:32:889,1.81,-2.51,3.70,-0.02,-0.05,-0.07,
12:38:32:890,1.35,-1.88,4.06,-0.02,-0.05,-0.07,
12:38:32:891,1.35,-1.88,4.06,-0.02,-0.05,-0.05,
12:38:32:892,1.35,-1.88,4.06,-0.02,-0.05,-0.05,
12:38:32:894,1.35,-1.88,4.06,-0.01,0.02,-0.03,
12:38:32:895,0.77,0.44,3.91,-0.01,0.02,-0.03,
12:38:32:897,0.77,0.44,3.91,0.02,0.05,-0.01,
12:38:32:898,0.77,0.44,3.91,0.02,0.05,-0.01,
12:38:32:899,0.77,0.44,3.91,0.03,0.02,-0.01,
12:38:32:900,1.37,-0.05,4.03,0.03,0.02,-0.01,
12:38:32:902,1.37,-0.05,4.03,0.04,-0.02,-0.01,
12:38:32:902,1.37,-0.05,4.03,0.04,-0.02,-0.01,
12:38:32:904,1.37,-0.05,4.03,0.04,-0.05,-0.02,
12:38:32:905,1.46,-1.06,3.15,0.04,-0.05,-0.02,
12:38:32:907,1.46,-1.06,3.15,0.04,-0.04,-0.03,
12:38:32:907,1.46,-1.06,3.15,0.04,-0.04,-0.03,
12:38:32:909,1.46,-1.06,3.15,0.04,0.03,-0.04,
12:38:32:909,1.22,-0.31,3.54,0.04,0.03,-0.04,
12:38:32:911,1.22,-0.31,3.54,0.03,0.08,-0.05,
12:38:32:912,1.22,-0.31,3.55,0.03,0.08,-0.05,
12:38:32:914,1.22,-0.31,3.55,0.03,0.04,-0.05,
12:38:32:915,1.32,-0.98,2.92,0.03,0.04,-0.05,
12:38:32:916,1.32,-0.98,2.92,0.02,-0.04,-0.04,
12:38:32:917,1.32,-0.98,2.92,0.02,-0.04,-0.04,
12:38:32:919,1.32,-0.98,2.92,0.02,-0.07,-0.03,
12:38:32:919,1.09,-1.48,2.42,0.02,-0.07,-0.03,
12:38:32:921,1.09,-1.48,2.42,0.01,-0.07,-0.02,
12:38:32:930,1.09,-1.48,2.42,0.01,-0.07,-0.02,
12:38:32:931,1.09,-1.48,2.42,0.01,-0.08,-0.02,
12:38:32:933,1.32,-1.67,1.42,0.01,-0.08,-0.02,
12:38:32:934,1.32,-1.67,1.42,0.00,-0.02,-0.02,
12:38:32:935,1.32,-1.67,1.42,0.00,-0.02,-0.02,
12:38:32:936,1.32,-1.67,1.42,-0.03,0.13,-0.03,
12:38:32:937,1.01,-1.58,3.04,-0.03,0.13,-0.03,
12:38:32:937,1.01,-1.58,3.04,-0.06,0.24,-0.05,
12:38:32:938,1.01,-1.58,3.04,-0.06,0.24,-0.05,
12:38:32:939,1.01,-1.58,3.04,-0.08,0.17,-0.05,
12:38:32:939,2.05,-0.52,4.78,-0.08,0.17,-0.05,
12:38:32:940,2.05,-0.52,4.78,-0.06,-0.00,-0.05,
12:38:32:940,2.05,-0.52,4.78,-0.06,-0.00,-0.05,
12:38:32:940,2.05,-0.52,4.78,-0.04,-0.13,-0.03,
12:38:32:941,0.59,-2.07,2.81,-0.04,-0.13,-0.03,
12:38:32:942,0.59,-2.07,2.81,-0.03,-0.18,-0.02,
12:38:32:942,0.59,-2.07,2.80,-0.03,-0.18,-0.02,
12:38:32:947,0.59,-2.07,2.80,-0.03,-0.11,-0.01,
12:38:32:948,0.59,-1.82,3.31,-0.03,-0.11,-0.01,
12:38:32:949,0.59,-1.82,3.31,-0.02,0.03,-0.01,
12:38:32:951,0.59,-1.82,3.31,-0.02,0.03,-0.01,
12:38:32:952,0.59,-1.82,3.31,-0.00,0.13,-0.01,
12:38:32:953,0.63,-1.06,3.28,-0.00,0.13,-0.01,
12:38:32:954,0.63,-1.06,3.28,0.01,0.15,-0.01,
12:38:32:954,0.63,-1.06,3.28,0.01,0.15,-0.01,
12:38:32:954,0.63,-1.06,3.28,0.01,0.07,-0.02,
12:38:32:954,1.15,-2.34,4.28,0.01,0.07,-0.02,
12:38:32:956,1.15,-2.34,4.28,0.01,-0.05,-0.02,
12:38:32:957,1.15,-2.34,4.28,0.01,-0.05,-0.02,
12:38:32:959,1.15,-2.34,4.28,0.01,-0.14,-0.01,
12:38:32:959,1.17,-1.73,3.49,0.01,-0.14,-0.01,
12:38:32:961,1.17,-1.73,3.49,0.01,-0.14,0.00,
12:38:32:962,1.17,-1.73,3.48,0.01,-0.14,0.00,
12:38:32:964,1.17,-1.73,3.48,0.02,-0.09,0.02,
12:38:32:965,1.34,-1.14,2.61,0.02,-0.09,0.02,
12:38:32:967,1.34,-1.14,2.61,0.02,-0.07,0.03,
12:38:32:968,1.34,-1.14,2.61,0.02,-0.07,0.03,
12:38:32:969,1.34,-1.14,2.61,0.01,-0.05,0.03,
12:38:32:969,1.61,-3.17,2.22,0.01,-0.05,0.03,
12:38:32:971,1.61,-3.17,2.22,-0.00,0.01,0.01,
12:38:32:972,1.61,-3.17,2.22,-0.00,0.01,0.01,
12:38:32:974,1.61,-3.17,2.22,-0.02,0.12,-0.01,
12:38:32:974,0.71,-2.20,2.31,-0.02,0.12,-0.01,
12:38:32:976,0.71,-2.20,2.31,-0.03,0.18,-0.02,
12:38:32:977,0.71,-2.20,2.31,-0.03,0.18,-0.02,
12:38:32:980,0.71,-2.20,2.31,-0.04,0.12,-0.02,
12:38:32:981,1.98,-0.28,4.75,-0.04,0.12,-0.02,
12:38:32:981,1.98,-0.28,4.75,-0.03,-0.01,-0.02,
12:38:32:982,1.98,-0.28,4.75,-0.03,-0.01,-0.02,
12:38:32:984,1.98,-0.28,4.75,-0.02,-0.14,-0.01,
12:38:32:985,1.03,-1.70,2.43,-0.02,-0.14,-0.01,
12:38:32:987,1.03,-1.70,2.43,-0.01,-0.21,0.01,
12:38:32:987,1.03,-1.70,2.43,-0.01,-0.21,0.01,
12:38:32:989,1.03,-1.70,2.43,-0.00,-0.20,0.03,
12:38:32:990,1.83,-1.43,2.23,-0.00,-0.20,0.03,
12:38:32:991,1.83,-1.43,2.23,-0.00,-0.13,0.03,
12:38:32:992,1.83,-1.43,2.23,-0.00,-0.13,0.03,
12:38:32:994,1.83,-1.43,2.23,-0.01,-0.02,0.02,
12:38:32:995,1.94,-1.36,1.40,-0.01,-0.02,0.02,
12:38:32:997,1.94,-1.36,1.40,-0.02,0.09,0.00,
12:38:32:998,1.94,-1.36,1.40,-0.02,0.09,0.00,
12:38:32:999,1.94,-1.36,1.40,-0.04,0.19,-0.02,
12:38:33:001,1.83,-1.43,3.26,-0.04,0.19,-0.02,
12:38:33:002,1.83,-1.43,3.26,-0.07,0.25,-0.05,
12:38:33:002,1.83,-1.43,3.26,-0.07,0.25,-0.05,
12:38:33:004,1.83,-1.43,3.26,-0.08,0.22,-0.06,
12:38:33:005,0.38,-1.33,3.74,-0.08,0.22,-0.06,
12:38:33:007,0.38,-1.33,3.74,-0.08,0.09,-0.05,
12:38:33:007,0.38,-1.33,3.74,-0.08,0.09,-0.05,
12:38:33:009,0.38,-1.33,3.74,-0.07,-0.11,-0.02,
12:38:33:010,0.98,-1.76,3.84,-0.07,-0.11,-0.02,
12:38:33:011,0.98,-1.76,3.84,-0.06,-0.28,0.02,
12:38:33:013,0.98,-1.76,3.84,-0.06,-0.28,0.02,
12:38:33:016,0.98,-1.76,3.84,-0.05,-0.32,0.05,
12:38:33:017,1.44,-1.51,2.99,-0.05,-0.32,0.05,
12:38:33:018,1.44,-1.51,2.99,-0.05,-0.17,0.06,
12:38:33:018,1.44,-1.51,2.99,-0.05,-0.17,0.06,
12:38:33:019,1.44,-1.51,2.99,-0.04,0.04,0.05,
12:38:33:019,0.90,-1.67,2.06,-0.04,0.04,0.05,
12:38:33:022,0.90,-1.67,2.06,-0.04,0.14,0.03,
12:38:33:022,0.90,-1.67,2.06,-0.04,0.14,0.03,
12:38:33:024,0.90,-1.67,2.06,-0.04,0.15,0.01,
12:38:33:025,1.56,-1.42,3.89,-0.04,0.15,0.01,
12:38:33:027,1.56,-1.42,3.89,-0.04,0.11,-0.02,
12:38:33:028,1.56,-1.42,3.89,-0.04,0.11,-0.02,
12:38:33:037,1.56,-1.42,3.89,-0.03,0.05,-0.03,
12:38:33:038,0.63,-1.75,3.47,-0.03,0.05,-0.03,
12:38:33:038,0.63,-1.75,3.47,-0.03,-0.06,-0.02,
12:38:33:038,0.63,-1.75,3.46,-0.03,-0.06,-0.02,
12:38:33:039,0.63,-1.75,3.46,-0.03,-0.14,0.01,
12:38:33:039,1.30,-1.53,3.90,-0.03,-0.14,0.01,
12:38:33:039,1.30,-1.53,3.90,-0.03,-0.20,0.03,
12:38:33:039,1.30,-1.53,3.90,-0.03,-0.20,0.03,
12:38:33:040,1.30,-1.53,3.90,-0.02,-0.21,0.05,
12:38:33:040,1.36,-2.40,1.75,-0.02,-0.21,0.05,
12:38:33:041,1.36,-2.40,1.75,-0.02,-0.16,0.06,
12:38:33:043,1.36,-2.40,1.74,-0.02,-0.16,0.06,
12:38:33:044,1.36,-2.40,1.74,-0.04,-0.01,0.05,
12:38:33:044,2.19,-2.17,2.81,-0.04,-0.01,0.05,
12:38:33:047,2.19,-2.17,2.81,-0.07,0.13,0.02,
12:38:33:051,2.19,-2.17,2.80,-0.07,0.13,0.02,
12:38:33:051,2.19,-2.17,2.80,-0.08,0.17,-0.01,
12:38:33:051,2.18,-1.42,3.84,-0.08,0.17,-0.01,
12:38:33:051,2.18,-1.42,3.84,-0.07,0.15,-0.03,
12:38:33:052,2.18,-1.42,3.84,-0.07,0.15,-0.03,
12:38:33:054,2.18,-1.42,3.84,-0.06,0.09,-0.03,
12:38:33:055,0.87,-1.69,4.52,-0.06,0.09,-0.03,
12:38:33:056,0.87,-1.69,4.52,-0.06,-0.01,-0.03,
12:38:33:057,0.87,-1.69,4.52,-0.06,-0.01,-0.03,
12:38:33:059,0.87,-1.69,4.52,-0.04,-0.15,-0.00,
12:38:33:059,0.79,-2.55,3.66,-0.04,-0.15,-0.00,
12:38:33:062,0.79,-2.55,3.66,-0.03,-0.22,0.03,
12:38:33:063,0.79,-2.55,3.65,-0.03,-0.22,0.03,
12:38:33:064,0.79,-2.55,3.65,-0.01,-0.16,0.06,
12:38:33:066,1.25,-0.32,3.38,-0.01,-0.16,0.06,
12:38:33:067,1.25,-0.32,3.38,-0.00,-0.04,0.07,
12:38:33:068,1.25,-0.32,3.38,-0.00,-0.04,0.07,
12:38:33:069,1.25,-0.32,3.38,-0.01,0.05,0.05,
12:38:33:069,1.81,-1.76,3.39,-0.01,0.05,0.05,
12:38:33:071,1.81,-1.76,3.39,-0.00,0.06,0.03,
12:38:33:072,1.81,-1.76,3.39,-0.00,0.06,0.03,
12:38:33:074,1.81,-1.76,3.39,0.01,0.02,0.00,
12:38:33:075,1.53,-1.46,3.10,0.01,0.02,0.00,
12:38:33:076,1.53,-1.46,3.10,-0.00,-0.03,-0.01,
12:38:33:077,1.53,-1.46,3.09,-0.00,-0.03,-0.01,
12:38:33:079,1.53,-1.46,3.09,-0.02,-0.03,-0.02,
12:38:33:080,2.12,0.01,4.31,-0.02,-0.03,-0.02,
12:38:33:082,2.12,0.01,4.31,-0.03,0.01,-0.02,
12:38:33:083,2.12,0.01,4.31,-0.03,0.01,-0.02,
12:38:33:084,2.12,0.01,4.31,-0.03,-0.01,-0.01,
12:38:33:085,0.94,-1.84,2.85,-0.03,-0.01,-0.01,
12:38:33:087,0.94,-1.84,2.85,-0.03,-0.08,0.00,
12:38:33:087,0.94,-1.84,2.85,-0.03,-0.08,0.00,
12:38:33:089,0.94,-1.84,2.85,-0.03,-0.13,0.01,
12:38:33:091,2.05,-1.38,3.46,-0.03,-0.13,0.01,
12:38:33:092,2.05,-1.38,3.46,-0.05,-0.08,0.02,
12:38:33:093,2.05,-1.38,3.46,-0.05,-0.08,0.02,
12:38:33:094,2.05,-1.38,3.46,-0.06,0.03,0.01,
12:38:33:095,2.34,-0.43,4.42,-0.06,0.03,0.01,
12:38:33:097,2.34,-0.43,4.42,-0.06,0.11,-0.01,
12:38:33:098,2.34,-0.42,4.42,-0.06,0.11,-0.01,
12:38:33:099,2.34,-0.42,4.42,-0.05,0.09,-0.02,
12:38:33:100,1.62,-1.70,4.41,-0.05,0.09,-0.02,
12:38:33:102,1.62,-1.70,4.41,-0.04,0.02,-0.03,
12:38:33:102,1.62,-1.70,4.41,-0.04,0.02,-0.03,
12:38:33:104,1.62,-1.70,4.41,-0.03,-0.05,-0.03,
12:38:33:105,1.51,-1.40,5.05,-0.03,-0.05,-0.03,
12:38:33:107,1.51,-1.40,5.05,-0.01,-0.06,-0.02,
12:38:33:108,1.51,-1.40,5.04,-0.01,-0.06,-0.02,
12:38:33:109,1.51,-1.40,5.04,0.02,-0.08,-0.02,
12:38:33:110,0.87,-0.51,3.33,0.02,-0.08,-0.02,
12:38:33:112,0.87,-0.51,3.33,0.06,-0.14,0.00,
12:38:33:113,0.87,-0.51,3.33,0.06,-0.14,0.00,
12:38:33:114,0.87,-0.51,3.33,0.07,-0.18,0.02,
12:38:33:115,2.76,-0.68,3.49,0.07,-0.18,0.02,
12:38:33:117,2.76,-0.68,3.49,0.07,-0.13,0.02,
12:38:33:117,2.76,-0.68,3.50,0.07,-0.13,0.02,
12:38:33:119,2.76,-0.68,3.50,0.06,-0.01,0.01,
12:38:33:119,1.86,-1.79,1.74,0.06,-0.01,0.01,
12:38:33:122,1.86,-1.79,1.74,0.06,0.07,-0.01,
12:38:33:122,1.86,-1.79,1.74,0.06,0.07,-0.01,
12:38:33:124,1.86,-1.79,1.74,0.05,0.07,-0.03,
12:38:33:125,2.22,-1.84,2.90,0.05,0.07,-0.03,
12:38:33:127,2.22,-1.84,2.90,0.02,0.05,-0.05,
12:38:33:128,2.22,-1.84,2.90,0.02,0.05,-0.05,
12:38:33:136,2.22,-1.84,2.90,-0.01,0.08,-0.05,
12:38:33:137,0.71,-3.11,3.01,-0.01,0.08,-0.05,
12:38:33:137,0.71,-3.11,3.01,-0.03,0.11,-0.05,
12:38:33:137,0.71,-3.11,3.01,-0.03,0.11,-0.05,
12:38:33:138,0.71,-3.11,3.01,-0.04,0.11,-0.03,
12:38:33:138,-0.15,-1.77,3.87,-0.04,0.11,-0.03,
12:38:33:138,-0.15,-1.77,3.87,-0.04,-0.01,-0.01,
12:38:33:138,-0.15,-1.77,3.87,-0.04,-0.01,-0.01,
12:38:33:139,-0.15,-1.77,3.87,-0.03,-0.22,0.02,
12:38:33:139,2.64,-1.30,4.15,-0.03,-0.22,0.02,
12:38:33:141,2.64,-1.30,4.15,-0.02,-0.33,0.02,
12:38:33:142,2.64,-1.30,4.15,-0.02,-0.33,0.02,
12:38:33:144,2.64,-1.30,4.15,-0.01,-0.23,0.02,
12:38:33:144,1.89,-0.67,3.15,-0.01,-0.23,0.02,
12:38:33:147,1.89,-0.67,3.15,-0.00,0.05,0.01,
12:38:33:147,1.89,-0.67,3.15,-0.00,0.05,0.01,
12:38:33:149,1.89,-0.67,3.15,0.00,0.26,-0.01,
12:38:33:150,1.35,-0.07,4.03,0.00,0.26,-0.01,
12:38:33:151,1.35,-0.07,4.03,0.01,0.30,-0.03,
12:38:33:152,1.35,-0.07,4.03,0.01,0.30,-0.03,
12:38:33:154,1.35,-0.07,4.03,0.02,0.18,-0.04,
12:38:33:155,1.15,-1.53,5.20,0.02,0.18,-0.04,
12:38:33:156,1.15,-1.53,5.20,0.03,-0.00,-0.05,
12:38:33:157,1.15,-1.53,5.20,0.03,-0.00,-0.05,
12:38:33:159,1.15,-1.53,5.20,0.05,-0.14,-0.04,
12:38:33:160,1.00,0.11,5.20,0.05,-0.14,-0.04,
12:38:33:161,1.00,0.11,5.20,0.07,-0.17,-0.02,
12:38:33:162,1.00,0.11,5.20,0.07,-0.17,-0.02,
12:38:33:164,1.00,0.11,5.20,0.08,-0.12,0.01,
12:38:33:165,1.30,1.30,4.13,0.08,-0.12,0.01,
12:38:33:167,1.30,1.30,4.13,0.09,-0.11,0.03,
12:38:33:168,1.30,1.30,4.13,0.09,-0.11,0.03,
12:38:33:169,1.30,1.30,4.13,0.08,-0.12,0.04,
12:38:33:170,2.81,-0.29,3.51,0.08,-0.12,0.04,
12:38:33:171,2.81,-0.29,3.51,0.06,-0.09,0.03,
12:38:33:179,2.80,-0.29,3.51,0.06,-0.09,0.03,
12:38:33:180,2.80,-0.29,3.51,0.04,0.00,0.00,
12:38:33:181,2.12,-1.29,3.03,0.04,0.00,0.00,
12:38:33:182,2.12,-1.29,3.03,0.03,0.09,-0.03,
12:38:33:183,2.12,-1.29,3.03,0.03,0.09,-0.03,
12:38:33:184,2.12,-1.29,3.03,0.01,0.15,-0.06,
12:38:33:184,1.40,-0.81,4.03,0.01,0.15,-0.06,
12:38:33:185,1.40,-0.81,4.03,0.01,0.12,-0.08,
12:38:33:185,1.41,-0.81,4.03,0.01,0.12,-0.08,
12:38:33:186,1.41,-0.81,4.03,0.01,0.01,-0.07,
12:38:33:186,1.27,-1.90,4.29,0.01,0.01,-0.07,
12:38:33:187,1.27,-1.90,4.29,0.02,-0.15,-0.05,
12:38:33:188,1.27,-1.90,4.29,0.02,-0.15,-0.05,
12:38:33:189,1.27,-1.90,4.29,0.03,-0.25,-0.01,
12:38:33:190,1.49,-1.78,3.01,0.03,-0.25,-0.01,
12:38:33:192,1.49,-1.78,3.01,0.05,-0.27,0.02,
12:38:33:192,1.49,-1.78,3.01,0.05,-0.27,0.02,
12:38:33:194,1.49,-1.78,3.01,0.06,-0.19,0.03,
12:38:33:195,2.44,-1.44,2.67,0.06,-0.19,0.03,
12:38:33:197,2.44,-1.44,2.67,0.06,-0.04,0.03,
12:38:33:198,2.44,-1.44,2.67,0.06,-0.04,0.03,
12:38:33:199,2.44,-1.44,2.67,0.07,0.14,0.01,
12:38:33:200,1.73,-0.40,2.70,0.07,0.14,0.01,
12:38:33:202,1.73,-0.40,2.70,0.07,0.29,-0.01,
12:38:33:202,1.73,-0.40,2.70,0.07,0.29,-0.01,
12:38:33:204,1.73,-0.40,2.70,0.06,0.35,-0.04,
12:38:33:205,1.07,-0.37,4.98,0.06,0.35,-0.04,
12:38:33:207,1.07,-0.37,4.98,0.04,0.25,-0.05,
12:38:33:207,1.07,-0.37,4.98,0.04,0.25,-0.05,
12:38:33:209,1.07,-0.37,4.98,0.03,0.02,-0.05,
12:38:33:210,0.68,-1.99,4.99,0.03,0.02,-0.05,
12:38:33:211,0.68,-1.99,4.99,0.03,-0.23,-0.03,
12:38:33:212,0.68,-2.00,4.99,0.03,-0.23,-0.03,
12:38:33:214,0.68,-2.00,4.99,0.04,-0.36,0.00,
12:38:33:215,1.40,-0.24,3.82,0.04,-0.36,0.00,
12:38:33:216,1.40,-0.24,3.82,0.06,-0.32,0.03,
12:38:33:217,1.40,-0.24,3.82,0.06,-0.32,0.03,
12:38:33:219,1.40,-0.24,3.82,0.07,-0.17,0.05,
12:38:33:219,1.71,-0.35,2.34,0.07,-0.17,0.05,
12:38:33:222,1.71,-0.35,2.34,0.08,-0.05,0.04,
12:38:33:222,1.71,-0.35,2.34,0.08,-0.05,0.04,
12:38:33:224,1.71,-0.35,2.34,0.10,0.00,0.02,
12:38:33:225,2.34,-0.87,1.66,0.10,0.00,0.02,
12:38:33:227,2.34,-0.87,1.66,0.11,0.06,-0.01,
12:38:33:227,2.35,-0.87,1.66,0.11,0.06,-0.01,
12:38:33:229,2.35,-0.87,1.66,0.09,0.16,-0.05,
12:38:33:230,1.80,-1.10,2.74,0.09,0.16,-0.05,
12:38:33:237,1.80,-1.10,2.74,0.06,0.20,-0.07,
12:38:33:237,1.80,-1.10,2.75,0.06,0.20,-0.07,
12:38:33:238,1.80,-1.10,2.75,0.04,0.15,-0.08,
12:38:33:238,1.13,-1.86,3.32,0.04,0.15,-0.08,
12:38:33:238,1.13,-1.86,3.32,0.02,0.03,-0.08,
12:38:33:239,1.13,-1.86,3.32,0.02,0.03,-0.08,
12:38:33:239,1.13,-1.86,3.32,0.01,-0.10,-0.04,
12:38:33:239,1.40,-1.79,3.22,0.01,-0.10,-0.04,
12:38:33:241,1.40,-1.79,3.22,-0.01,-0.19,-0.01,
12:38:33:242,1.40,-1.79,3.22,-0.01,-0.19,-0.01,
12:38:33:244,1.40,-1.79,3.22,-0.02,-0.20,0.01,
12:38:33:244,1.80,-2.15,2.85,-0.02,-0.20,0.01,
12:38:33:247,1.80,-2.15,2.85,-0.01,-0.13,0.02,
12:38:33:247,1.79,-2.15,2.85,-0.01,-0.13,0.02,
12:38:33:249,1.79,-2.15,2.85,-0.00,-0.02,0.02,
12:38:33:250,2.03,-1.34,2.36,-0.00,-0.02,0.02,
12:38:33:251,2.03,-1.34,2.36,0.01,0.06,0.00,
12:38:33:252,2.03,-1.34,2.36,0.01,0.06,0.00,
12:38:33:254,2.03,-1.34,2.36,0.01,0.08,-0.02,
12:38:33:254,3.29,-1.28,4.04,0.01,0.08,-0.02,
12:38:33:256,3.29,-1.28,4.04,0.02,0.07,-0.05,
12:38:33:257,3.29,-1.28,4.04,0.02,0.07,-0.05,
12:38:33:259,3.29,-1.28,4.04,0.03,0.06,-0.08,
12:38:33:260,1.47,-2.08,2.92,0.03,0.06,-0.08,
12:38:33:261,1.47,-2.08,2.92,0.05,0.03,-0.09,
12:38:33:262,1.47,-2.08,2.93,0.05,0.03,-0.09,
12:38:33:264,1.47,-2.08,2.93,0.06,-0.00,-0.08,
12:38:33:265,1.80,-1.55,3.43,0.06,-0.00,-0.08,
12:38:33:267,1.80,-1.55,3.43,0.05,-0.03,-0.06,
12:38:33:268,1.80,-1.55,3.43,0.05,-0.03,-0.06,
12:38:33:269,1.80,-1.55,3.43,0.05,-0.02,-0.04,
12:38:33:270,1.44,-1.40,3.05,0.05,-0.02,-0.04,
12:38:33:271,1.44,-1.40,3.05,0.05,0.00,-0.03,
12:38:33:272,1.44,-1.40,3.05,0.05,0.00,-0.03,
12:38:33:274,1.44,-1.40,3.05,0.06,-0.00,-0.03,
12:38:33:274,1.72,-1.00,2.69,0.06,-0.00,-0.03,
12:38:33:276,1.72,-1.00,2.69,0.06,0.00,-0.03,
12:38:33:277,1.73,-1.00,2.69,0.06,0.00,-0.03,
12:38:33:280,1.73,-1.00,2.69,0.06,0.04,-0.03,
12:38:33:281,1.66,0.60,3.11,0.06,0.04,-0.03,
12:38:33:281,1.66,0.60,3.11,0.05,0.12,-0.04,
12:38:33:282,1.66,0.60,3.11,0.05,0.12,-0.04,
12:38:33:284,1.66,0.60,3.11,0.03,0.18,-0.05,
12:38:33:285,1.14,-0.26,3.85,0.03,0.18,-0.05,
12:38:33:287,1.14,-0.26,3.85,-0.00,0.13,-0.06,
12:38:33:287,1.15,-0.25,3.85,-0.00,0.13,-0.06,
12:38:33:289,1.15,-0.25,3.85,-0.02,-0.02,-0.06,
12:38:33:290,1.54,-1.97,4.24,-0.02,-0.02,-0.06,
12:38:33:292,1.54,-1.97,4.24,-0.02,-0.16,-0.04,
12:38:33:292,1.54,-1.97,4.24,-0.02,-0.16,-0.04,
12:38:33:294,1.54,-1.97,4.24,-0.01,-0.20,-0.03,
12:38:33:295,0.60,-2.34,2.17,-0.01,-0.20,-0.03,
12:38:33:297,0.60,-2.34,2.17,0.00,-0.17,-0.01,
12:38:33:303,0.60,-2.34,2.17,0.00,-0.17,-0.01,
12:38:33:304,0.60,-2.34,2.17,0.02,-0.10,0.00,
12:38:33:304,1.57,-0.66,2.02,0.02,-0.10,0.00,
12:38:33:305,1.57,-0.66,2.02,0.04,-0.00,0.00,
12:38:33:305,1.57,-0.66,2.02,0.04,-0.00,0.00,
12:38:33:306,1.57,-0.66,2.02,0.05,0.11,-0.01,
12:38:33:307,1.54,-1.60,2.01,0.05,0.11,-0.01,
12:38:33:307,1.54,-1.60,2.01,0.05,0.15,-0.03,
12:38:33:308,1.54,-1.60,2.01,0.05,0.15,-0.03,
12:38:33:309,1.54,-1.60,2.01,0.03,0.12,-0.05,
12:38:33:310,1.64,-2.00,2.93,0.03,0.12,-0.05,
12:38:33:311,1.64,-2.00,2.93,0.02,0.05,-0.07,
12:38:33:312,1.64,-2.00,2.93,0.02,0.05,-0.07,
12:38:33:318,1.64,-2.00,2.93,0.00,-0.04,-0.07,
12:38:33:319,1.02,-2.47,2.15,0.00,-0.04,-0.07,
12:38:33:319,1.02,-2.47,2.15,-0.00,-0.08,-0.05,
12:38:33:320,1.02,-2.47,2.15,-0.00,-0.08,-0.05,
12:38:33:320,1.02,-2.47,2.15,-0.01,-0.03,-0.04,
12:38:33:320,0.71,-1.18,2.38,-0.01,-0.03,-0.04,
12:38:33:321,0.71,-1.18,2.38,-0.02,0.04,-0.02,
12:38:33:322,0.71,-1.18,2.38,-0.02,0.04,-0.02,
12:38:33:324,0.71,-1.18,2.38,-0.03,0.03,-0.00,
12:38:33:325,1.70,-1.29,2.68,-0.03,0.03,-0.00,
12:38:33:327,1.70,-1.29,2.68,-0.03,-0.02,0.00,
12:38:33:328,1.70,-1.29,2.68,-0.03,-0.02,0.00,
12:38:33:329,1.70,-1.29,2.68,-0.03,-0.06,-0.00,
12:38:33:330,2.04,-1.02,2.42,-0.03,-0.06,-0.00,
12:38:33:332,2.04,-1.02,2.42,-0.03,-0.04,-0.01,
12:38:33:333,2.04,-1.02,2.42,-0.03,-0.04,-0.01,
12:38:33:334,2.04,-1.02,2.42,-0.02,0.06,-0.03,
12:38:33:335,1.25,-0.74,2.58,-0.02,0.06,-0.03,
12:38:33:336,1.25,-0.74,2.58,-0.02,0.13,-0.06,
12:38:33:337,1.25,-0.74,2.58,-0.02,0.13,-0.06,
12:38:33:339,1.25,-0.74,2.58,-0.01,0.13,-0.07,
12:38:33:339,1.12,-1.06,3.05,-0.01,0.13,-0.07,
12:38:33:341,1.12,-1.06,3.05,-0.02,0.05,-0.06,
12:38:33:342,1.12,-1.06,3.05,-0.02,0.05,-0.06,
12:38:33:344,1.12,-1.06,3.05,-0.02,-0.05,-0.04,
12:38:33:345,1.82,-1.63,3.63,-0.02,-0.05,-0.04,
12:38:33:347,1.82,-1.63,3.63,-0.03,-0.11,-0.03,
12:38:33:348,1.82,-1.63,3.63,-0.03,-0.11,-0.03,
12:38:33:349,1.82,-1.63,3.63,-0.04,-0.09,-0.02,
12:38:33:350,1.16,-2.88,2.39,-0.04,-0.09,-0.02,
12:38:33:351,1.16,-2.88,2.39,-0.04,-0.06,-0.02,
12:38:33:352,1.16,-2.88,2.39,-0.04,-0.06,-0.02,
12:38:33:354,1.16,-2.88,2.39,-0.04,-0.00,-0.02,
12:38:33:355,2.23,-1.44,3.42,-0.04,-0.00,-0.02,
12:38:33:357,2.23,-1.44,3.42,-0.04,0.08,-0.02,
12:38:33:357,2.23,-1.44,3.42,-0.04,0.08,-0.02,
12:38:33:359,2.23,-1.44,3.42,-0.02,0.15,-0.04,
12:38:33:360,1.67,-0.56,3.33,-0.02,0.15,-0.04,
12:38:33:362,1.67,-0.56,3.33,-0.00,0.15,-0.06,
12:38:33:362,1.67,-0.56,3.33,-0.00,0.15,-0.06,
12:38:33:364,1.67,-0.56,3.33,0.01,0.11,-0.07,
12:38:33:365,1.66,-0.28,4.63,0.01,0.11,-0.07,
12:38:33:367,1.66,-0.28,4.63,0.01,0.04,-0.07,
12:38:33:369,1.66,-0.28,4.63,0.01,0.04,-0.07,
12:38:33:369,1.66,-0.28,4.63,0.01,-0.03,-0.06,
12:38:33:370,1.01,-1.18,3.72,0.01,-0.03,-0.06,
12:38:33:371,1.01,-1.18,3.72,0.01,-0.04,-0.05,
12:38:33:372,1.01,-1.18,3.72,0.01,-0.04,-0.05,
12:38:33:374,1.01,-1.18,3.72,-0.00,-0.02,-0.04,
12:38:33:375,1.11,-1.63,3.60,-0.00,-0.02,-0.04,
12:38:33:377,1.11,-1.63,3.60,-0.00,-0.05,-0.02,
12:38:33:378,1.11,-1.63,3.60,-0.00,-0.05,-0.02,
12:38:33:379,1.11,-1.63,3.60,0.00,-0.07,-0.01,
12:38:33:380,1.33,-1.20,2.95,0.00,-0.07,-0.01,
12:38:33:382,1.33,-1.20,2.95,0.00,-0.01,-0.01,
12:38:33:383,1.33,-1.20,2.95,0.00,-0.01,-0.01,
12:38:33:384,1.33,-1.20,2.95,0.00,0.08,-0.02,
12:38:33:385,0.65,-1.84,2.54,0.00,0.08,-0.02,
12:38:33:387,0.65,-1.84,2.54,0.00,0.12,-0.03,
12:38:33:387,0.65,-1.84,2.54,0.00,0.12,-0.03,
12:38:33:389,0.65,-1.84,2.54,0.01,0.07,-0.03,
12:38:33:390,1.44,-1.41,3.50,0.01,0.07,-0.03,
12:38:33:392,1.44,-1.41,3.50,0.01,-0.03,-0.03,
12:38:33:393,1.44,-1.41,3.50,0.01,-0.03,-0.03,
12:38:33:394,1.44,-1.41,3.50,0.01,-0.07,-0.02,
12:38:33:395,1.11,-1.45,3.12,0.01,-0.07,-0.02,
12:38:33:397,1.11,-1.45,3.12,-0.01,0.00,-0.02,
12:38:33:399,1.11,-1.45,3.12,-0.01,0.00,-0.02,
12:38:33:400,1.11,-1.45,3.12,-0.02,0.09,-0.02,
12:38:33:401,0.65,-1.80,3.10,-0.02,0.09,-0.02,
12:38:33:402,0.65,-1.80,3.10,-0.03,0.08,-0.02,
12:38:33:402,0.65,-1.80,3.10,-0.03,0.08,-0.02,
12:38:33:404,0.65,-1.80,3.10,-0.04,-0.02,-0.02,
12:38:33:405,1.57,-2.86,3.54,-0.04,-0.02,-0.02,
12:38:33:407,1.57,-2.86,3.54,-0.04,-0.11,-0.01,
12:38:33:408,1.57,-2.86,3.54,-0.04,-0.11,-0.01,
12:38:33:409,1.57,-2.86,3.54,-0.02,-0.10,-0.01,
12:38:33:410,0.73,-1.19,2.10,-0.02,-0.10,-0.01,
12:38:33:412,0.73,-1.19,2.10,0.01,0.01,-0.01,
12:38:33:412,0.73,-1.19,2.10,0.01,0.01,-0.01,
12:38:33:414,0.73,-1.19,2.10,0.03,0.13,-0.01,
12:38:33:415,0.72,1.25,2.66,0.03,0.13,-0.01,
12:38:33:416,0.72,1.25,2.66,0.05,0.19,-0.01,
12:38:33:417,0.72,1.25,2.66,0.05,0.19,-0.01,
12:38:33:419,0.72,1.25,2.66,0.04,0.16,-0.02,
12:38:33:419,1.21,-0.29,3.53,0.04,0.16,-0.02,
12:38:33:422,1.21,-0.29,3.53,0.02,0.05,-0.02,
12:38:33:429,1.22,-0.29,3.53,0.02,0.05,-0.02,
12:38:33:430,1.22,-0.29,3.53,-0.01,-0.08,-0.03,
12:38:33:430,1.27,-2.40,3.26,-0.01,-0.08,-0.03,
12:38:33:431,1.27,-2.40,3.26,-0.03,-0.15,-0.02,
12:38:33:431,1.27,-2.40,3.26,-0.03,-0.15,-0.02,
12:38:33:432,1.27,-2.40,3.26,-0.06,-0.11,-0.01,
12:38:33:432,0.62,-2.85,2.63,-0.06,-0.11,-0.01,
12:38:33:433,0.62,-2.85,2.63,-0.08,-0.02,-0.00,
12:38:33:433,0.62,-2.85,2.63,-0.08,-0.02,-0.00,
12:38:33:438,0.62,-2.85,2.63,-0.08,0.05,0.00,
12:38:33:438,1.17,-1.43,2.86,-0.08,0.05,0.00,
12:38:33:439,1.17,-1.43,2.86,-0.07,0.07,0.00,
12:38:33:439,1.17,-1.43,2.86,-0.07,0.07,0.00,
12:38:33:439,1.17,-1.43,2.86,-0.06,0.07,0.00,
12:38:33:439,1.58,-1.60,4.31,-0.06,0.07,0.00,
12:38:33:441,1.58,-1.60,4.31,-0.06,0.08,-0.00,
12:38:33:442,1.58,-1.60,4.31,-0.06,0.08,-0.00,
12:38:33:444,1.58,-1.60,4.31,-0.04,0.08,-0.01,
12:38:33:444,1.41,-0.86,4.99,-0.04,0.08,-0.01,
12:38:33:447,1.41,-0.86,4.99,-0.01,0.04,-0.02,
12:38:33:448,1.41,-0.86,4.99,-0.01,0.04,-0.02,
12:38:33:449,1.41,-0.86,4.99,0.03,-0.05,-0.01,
12:38:33:449,0.85,-0.63,3.52,0.03,-0.05,-0.01,
12:38:33:451,0.85,-0.63,3.52,0.07,-0.12,-0.00,
12:38:33:452,0.85,-0.63,3.52,0.07,-0.12,-0.00,
12:38:33:454,0.85,-0.63,3.52,0.09,-0.13,0.01,
12:38:33:455,0.44,-2.59,1.95,0.09,-0.13,0.01,
12:38:33:456,0.44,-2.59,1.95,0.09,-0.05,0.01,
12:38:33:457,0.44,-2.59,1.95,0.09,-0.05,0.01,
12:38:33:459,0.44,-2.59,1.95,0.07,0.04,0.01,
12:38:33:460,1.08,-1.39,2.03,0.07,0.04,0.01,
12:38:33:462,1.08,-1.39,2.03,0.06,0.08,0.02,
12:38:33:462,1.08,-1.39,2.03,0.06,0.08,0.02,
12:38:33:465,1.08,-1.39,2.03,0.04,0.07,0.01,
12:38:33:466,1.65,-1.45,2.52,0.04,0.07,0.01,
12:38:33:470,1.65,-1.45,2.52,0.01,0.03,0.01,
12:38:33:471,1.65,-1.45,2.52,0.01,0.03,0.01,
12:38:33:471,1.65,-1.45,2.52,-0.03,0.00,-0.00,
12:38:33:471,1.03,-2.89,2.48,-0.03,0.00,-0.00,
12:38:33:472,1.03,-2.89,2.48,-0.06,0.03,-0.01,
12:38:33:472,1.03,-2.89,2.48,-0.06,0.03,-0.01,
12:38:33:474,1.03,-2.89,2.48,-0.07,0.07,-0.01,
12:38:33:475,0.20,-1.91,2.79,-0.07,0.07,-0.01,
12:38:33:476,0.20,-1.91,2.79,-0.08,0.07,-0.01,
12:38:33:477,0.20,-1.91,2.79,-0.08,0.07,-0.01,
12:38:33:480,0.20,-1.91,2.79,-0.08,0.02,0.01,
12:38:33:481,0.92,-1.28,3.76,-0.08,0.02,0.01,
12:38:33:481,0.92,-1.28,3.76,-0.07,-0.03,0.02,
12:38:33:482,0.92,-1.28,3.76,-0.07,-0.03,0.02,
12:38:33:484,0.92,-1.28,3.76,-0.06,-0.04,0.02,
12:38:33:485,1.01,-1.38,3.94,-0.06,-0.04,0.02,
12:38:33:487,1.01,-1.38,3.94,-0.04,-0.02,0.03,
12:38:33:487,1.01,-1.38,3.94,-0.04,-0.02,0.03,
12:38:33:489,1.01,-1.38,3.94,-0.03,0.01,0.02,
12:38:33:490,0.62,-1.10,3.44,-0.03,0.01,0.02,
12:38:33:492,0.62,-1.10,3.44,-0.02,0.03,0.02,
12:38:33:492,0.62,-1.10,3.44,-0.02,0.03,0.02,
12:38:33:494,0.62,-1.10,3.44,-0.01,0.01,0.02,
12:38:33:495,0.78,-1.66,3.44,-0.01,0.01,0.02,
12:38:33:497,0.78,-1.66,3.44,0.01,-0.01,0.01,
12:38:33:498,0.78,-1.66,3.44,0.01,-0.01,0.01,
12:38:33:499,0.78,-1.66,3.44,0.03,0.01,0.01,
12:38:33:500,0.23,-0.11,2.77,0.03,0.01,0.01,
12:38:33:502,0.23,-0.11,2.77,0.04,0.06,0.01,
12:38:33:503,0.23,-0.11,2.77,0.04,0.06,0.01,
12:38:33:504,0.23,-0.11,2.77,0.03,0.11,0.01,
12:38:33:504,0.66,-0.21,3.88,0.03,0.11,0.01,
12:38:33:507,0.66,-0.21,3.88,0.00,0.09,0.01,
12:38:33:508,0.66,-0.21,3.88,0.00,0.09,0.01,
12:38:33:509,0.66,-0.21,3.88,-0.02,-0.03,0.02,
12:38:33:510,1.42,-2.11,3.59,-0.02,-0.03,0.02,
12:38:33:511,1.42,-2.11,3.59,-0.04,-0.17,0.02,
12:38:33:512,1.42,-2.11,3.59,-0.04,-0.17,0.02,
12:38:33:514,1.42,-2.11,3.59,-0.06,-0.21,0.03,
12:38:33:515,1.65,-2.53,3.10,-0.06,-0.21,0.03,
12:38:33:516,1.65,-2.53,3.10,-0.08,-0.13,0.03,
12:38:33:517,1.65,-2.53,3.09,-0.08,-0.13,0.03,
12:38:33:519,1.65,-2.53,3.09,-0.08,-0.00,0.02,
12:38:33:520,1.00,-1.96,2.11,-0.08,-0.00,0.02,
12:38:33:521,1.00,-1.96,2.11,-0.06,0.09,0.01,
12:38:33:522,1.00,-1.96,2.11,-0.06,0.09,0.01,
12:38:33:524,1.00,-1.96,2.11,-0.04,0.13,0.00,
12:38:33:525,1.32,-1.44,3.40,-0.04,0.13,0.00,
12:38:33:527,1.32,-1.44,3.40,-0.02,0.08,-0.01,
12:38:33:528,1.32,-1.44,3.40,-0.02,0.08,-0.01,
12:38:33:535,1.32,-1.44,3.40,-0.00,-0.01,-0.01,
12:38:33:536,1.71,-1.96,3.61,-0.00,-0.01,-0.01,
12:38:33:537,1.71,-1.96,3.61,-0.00,-0.06,0.00,
12:38:33:537,1.71,-1.96,3.61,-0.00,-0.06,0.00,
12:38:33:537,1.71,-1.96,3.61,-0.01,-0.04,0.00,
12:38:33:538,0.53,-2.36,2.59,-0.01,-0.04,0.00,
12:38:33:538,0.53,-2.36,2.59,-0.00,0.01,0.00,
12:38:33:538,0.53,-2.36,2.59,-0.00,0.01,0.00,
12:38:33:539,0.53,-2.36,2.59,-0.01,0.04,0.01,
12:38:33:540,0.95,-2.15,2.91,-0.01,0.04,0.01,
12:38:33:542,0.95,-2.15,2.91,-0.01,0.01,0.02,
12:38:33:542,0.95,-2.15,2.91,-0.01,0.01,0.02,
12:38:33:544,0.95,-2.15,2.91,-0.01,-0.04,0.02,
12:38:33:544,1.06,-1.65,2.35,-0.01,-0.04,0.02,
12:38:33:547,1.06,-1.65,2.35,0.00,-0.04,0.03,
12:38:33:551,1.06,-1.65,2.35,0.00,-0.04,0.03,
12:38:33:552,1.06,-1.65,2.35,0.00,0.02,0.03,
12:38:33:552,0.91,-0.80,2.78,0.00,0.02,0.03,
12:38:33:553,0.91,-0.80,2.78,-0.01,0.10,0.02,
12:38:33:553,0.91,-0.80,2.78,-0.01,0.10,0.02,
12:38:33:554,0.91,-0.80,2.78,-0.03,0.15,0.00,
12:38:33:555,0.58,-1.98,3.23,-0.03,0.15,0.00,
12:38:33:556,0.58,-1.98,3.23,-0.05,0.09,-0.01,
12:38:33:557,0.58,-1.98,3.23,-0.05,0.09,-0.01,
12:38:33:559,0.58,-1.98,3.23,-0.05,-0.06,-0.01,
12:38:33:560,1.51,-2.03,2.99,-0.05,-0.06,-0.01,
12:38:33:562,1.51,-2.03,2.99,-0.04,-0.23,0.01,
12:38:33:562,1.51,-2.03,2.99,-0.04,-0.23,0.01,
12:38:33:564,1.51,-2.03,2.99,-0.05,-0.28,0.02,
12:38:33:566,2.66,-1.18,2.98,-0.05,-0.28,0.02,
12:38:33:567,2.66,-1.18,2.98,-0.06,-0.10,0.02,
12:38:33:567,2.66,-1.18,2.97,-0.06,-0.10,0.02,
12:38:33:570,2.66,-1.18,2.97,-0.06,0.18,0.00,
12:38:33:571,0.40,-1.05,2.18,-0.06,0.18,0.00,
12:38:33:571,0.40,-1.05,2.18,-0.07,0.33,-0.01,
12:38:33:572,0.40,-1.05,2.18,-0.07,0.33,-0.01,
12:38:33:574,0.40,-1.05,2.18,-0.07,0.26,-0.02,
12:38:33:575,1.48,-1.70,4.91,-0.07,0.26,-0.02,
12:38:33:576,1.48,-1.70,4.91,-0.08,0.09,-0.02,
12:38:33:577,1.48,-1.70,4.90,-0.08,0.09,-0.02,
12:38:33:580,1.48,-1.70,4.90,-0.09,-0.02,-0.03,
12:38:33:581,0.57,-2.97,4.87,-0.09,-0.02,-0.03,
12:38:33:581,0.57,-2.97,4.87,-0.09,-0.07,-0.03,
12:38:33:582,0.57,-2.97,4.87,-0.09,-0.07,-0.03,
12:38:33:584,0.57,-2.97,4.87,-0.06,-0.09,-0.01,
12:38:33:585,0.52,-0.75,4.61,-0.06,-0.09,-0.01,
12:38:33:587,0.52,-0.75,4.61,-0.02,-0.12,0.01,
12:38:33:588,0.52,-0.75,4.61,-0.02,-0.12,0.01,
12:38:33:590,0.52,-0.75,4.61,0.01,-0.13,0.03,
12:38:33:591,1.77,-0.39,3.26,0.01,-0.13,0.03,
12:38:33:592,1.77,-0.39,3.26,0.03,-0.09,0.02,
12:38:33:593,1.77,-0.39,3.26,0.03,-0.09,0.02,
12:38:33:594,1.77,-0.39,3.26,0.03,0.04,0.02,
12:38:33:595,1.21,-1.40,2.87,0.03,0.04,0.02,
12:38:33:597,1.21,-1.40,2.87,0.02,0.15,-0.01,
12:38:33:598,1.21,-1.40,2.87,0.02,0.15,-0.01,
12:38:33:600,1.21,-1.40,2.87,0.01,0.19,-0.03,
12:38:33:600,0.99,-2.11,3.74,0.01,0.19,-0.03,
12:38:33:601,0.99,-2.11,3.74,-0.00,0.15,-0.05,
12:38:33:602,0.99,-2.11,3.74,-0.00,0.15,-0.05,
12:38:33:604,0.99,-2.11,3.74,-0.02,0.05,-0.05,
12:38:33:605,1.00,-1.93,4.14,-0.02,0.05,-0.05,
12:38:33:607,1.00,-1.93,4.14,-0.01,-0.08,-0.03,
12:38:33:608,1.00,-1.93,4.14,-0.01,-0.08,-0.03,
12:38:33:609,1.00,-1.93,4.14,-0.01,-0.18,-0.01,
12:38:33:610,0.80,-2.07,2.57,-0.01,-0.18,-0.01,
12:38:33:612,0.80,-2.07,2.57,-0.01,-0.20,0.02,
12:38:33:612,0.80,-2.07,2.57,-0.01,-0.20,0.02,
12:38:33:614,0.80,-2.07,2.57,-0.01,-0.12,0.04,
12:38:33:615,1.84,-1.28,2.91,-0.01,-0.12,0.04,
12:38:33:616,1.84,-1.28,2.91,-0.02,-0.01,0.04,
12:38:33:617,1.84,-1.28,2.91,-0.02,-0.01,0.04,
12:38:33:619,1.84,-1.28,2.91,-0.02,0.09,0.02,
12:38:33:620,1.41,-1.90,2.31,-0.02,0.09,0.02,
12:38:33:622,1.41,-1.90,2.31,-0.02,0.17,-0.01,
12:38:33:622,1.42,-1.90,2.31,-0.02,0.17,-0.01,
12:38:33:624,1.42,-1.90,2.31,-0.02,0.18,-0.04,
12:38:33:625,1.05,-1.55,3.62,-0.02,0.18,-0.04,
12:38:33:627,1.05,-1.55,3.62,-0.02,0.13,-0.06,
12:38:33:628,1.05,-1.55,3.62,-0.02,0.13,-0.06,
12:38:33:636,1.05,-1.55,3.62,-0.02,0.03,-0.05,
12:38:33:637,1.18,-1.28,4.50,-0.02,0.03,-0.05,
12:38:33:637,1.18,-1.28,4.50,-0.01,-0.07,-0.03,
12:38:33:638,1.18,-1.28,4.50,-0.01,-0.07,-0.03,
12:38:33:639,1.18,-1.28,4.50,0.01,-0.13,-0.00,
12:38:33:639,0.69,-1.13,2.96,0.01,-0.13,-0.00,
12:38:33:640,0.69,-1.13,2.96,0.01,-0.12,0.02,
12:38:33:640,0.68,-1.13,2.96,0.01,-0.12,0.02,
12:38:33:641,0.68,-1.13,2.96,0.00,-0.03,0.04,
12:38:33:642,1.05,-1.18,3.27,0.00,-0.03,0.04,
12:38:33:642,1.05,-1.18,3.27,-0.00,0.09,0.02,
12:38:33:642,1.05,-1.18,3.27,-0.00,0.09,0.02,
12:38:33:644,1.05,-1.18,3.27,-0.00,0.15,-0.00,
12:38:33:644,0.86,-1.30,3.17,-0.00,0.15,-0.00,
12:38:33:647,0.86,-1.30,3.17,-0.00,0.11,-0.02,
12:38:33:648,0.86,-1.30,3.17,-0.00,0.11,-0.02,
12:38:33:649,0.86,-1.30,3.17,-0.01,0.02,-0.03,
12:38:33:650,1.67,0.05,4.92,-0.01,0.02,-0.03,
12:38:33:651,1.67,0.05,4.92,-0.01,-0.02,-0.03,
12:38:33:652,1.67,0.05,4.92,-0.01,-0.02,-0.03,
12:38:33:654,1.67,0.05,4.92,-0.01,-0.03,-0.02,
12:38:33:655,0.28,-1.48,3.27,-0.01,-0.03,-0.02,
12:38:33:657,0.28,-1.48,3.27,-0.01,-0.03,-0.01,
12:38:33:657,0.28,-1.48,3.27,-0.01,-0.03,-0.01,
12:38:33:660,0.28,-1.48,3.27,-0.01,-0.06,-0.00,
12:38:33:661,1.05,-1.63,3.50,-0.01,-0.06,-0.00,
12:38:33:662,1.05,-1.63,3.50,-0.01,-0.08,0.02,
12:38:33:663,1.05,-1.63,3.50,-0.01,-0.08,0.02,
12:38:33:665,1.05,-1.63,3.50,-0.02,-0.04,0.02,
12:38:33:666,1.49,-1.30,3.76,-0.02,-0.04,0.02,
12:38:33:668,1.49,-1.30,3.76,-0.02,0.06,-0.00,
12:38:33:669,1.49,-1.30,3.76,-0.02,0.06,-0.00,
12:38:33:669,1.49,-1.30,3.76,-0.01,0.13,-0.02,
12:38:33:670,0.62,-1.34,3.35,-0.01,0.13,-0.02,
12:38:33:671,0.62,-1.34,3.35,-0.00,0.13,-0.04,
12:38:33:679,0.62,-1.34,3.35,-0.00,0.13,-0.04,
12:38:33:679,0.62,-1.34,3.35,-0.00,0.08,-0.04,
12:38:33:680,1.03,-0.89,5.17,-0.00,0.08,-0.04,
12:38:33:680,1.03,-0.89,5.17,0.00,0.01,-0.04,
12:38:33:681,1.03,-0.89,5.17,0.00,0.01,-0.04,
12:38:33:682,1.03,-0.89,5.17,0.01,-0.09,-0.02,
12:38:33:682,1.26,-1.18,4.23,0.01,-0.09,-0.02,
12:38:33:683,1.26,-1.18,4.23,0.03,-0.19,0.01,
12:38:33:683,1.26,-1.18,4.23,0.03,-0.19,0.01,
12:38:33:684,1.26,-1.18,4.23,0.04,-0.22,0.03,
12:38:33:685,1.95,-1.22,2.88,0.04,-0.22,0.03,
12:38:33:687,1.95,-1.22,2.88,0.04,-0.14,0.03,
12:38:33:688,1.95,-1.22,2.88,0.04,-0.14,0.03,
12:38:33:689,1.95,-1.22,2.88,0.03,0.04,0.01,
12:38:33:690,1.38,-2.19,2.24,0.03,0.04,0.01,
12:38:33:691,1.38,-2.19,2.24,0.02,0.21,-0.02,
12:38:33:692,1.38,-2.19,2.24,0.02,0.21,-0.02,
12:38:33:694,1.38,-2.19,2.24,0.01,0.25,-0.05,
12:38:33:695,0.92,-2.62,3.06,0.01,0.25,-0.05,
12:38:33:697,0.92,-2.62,3.06,0.02,0.15,-0.07,
12:38:33:697,0.92,-2.62,3.06,0.02,0.15,-0.07,
12:38:33:699,0.92,-2.62,3.06,0.03,-0.01,-0.06,
12:38:33:701,1.72,-0.43,4.26,0.03,-0.01,-0.06,
12:38:33:701,1.72,-0.43,4.26,0.03,-0.10,-0.04,
12:38:33:702,1.72,-0.43,4.26,0.03,-0.10,-0.04,
12:38:33:704,1.72,-0.43,4.26,0.03,-0.06,-0.02,
12:38:33:705,0.56,-0.77,3.18,0.03,-0.06,-0.02,
12:38:33:707,0.56,-0.77,3.18,0.03,-0.00,-0.01,
12:38:33:708,0.56,-0.77,3.18,0.03,-0.00,-0.01,
12:38:33:709,0.56,-0.77,3.18,0.03,-0.01,0.01,
12:38:33:710,0.78,-1.37,2.20,0.03,-0.01,0.01,
12:38:33:711,0.78,-1.37,2.20,0.04,-0.04,0.01,
12:38:33:712,0.78,-1.37,2.20,0.04,-0.04,0.01,
12:38:33:718,0.78,-1.37,2.20,0.01,0.02,0.00,
12:38:33:719,1.01,-2.38,3.23,0.01,0.02,0.00,
12:38:33:719,1.01,-2.38,3.23,-0.02,0.12,-0.01,
12:38:33:719,1.01,-2.38,3.23,-0.02,0.12,-0.01,
12:38:33:719,1.01,-2.38,3.23,-0.02,0.15,-0.03,
12:38:33:720,0.93,-0.21,3.77,-0.02,0.15,-0.03,
12:38:33:722,0.93,-0.21,3.77,-0.01,0.09,-0.03,
12:38:33:723,0.93,-0.21,3.77,-0.01,0.09,-0.03,
12:38:33:724,0.93,-0.21,3.77,-0.01,-0.01,-0.02,
12:38:33:725,1.49,-1.02,5.09,-0.01,-0.01,-0.02,
12:38:33:727,1.49,-1.02,5.09,-0.01,-0.11,-0.00,
12:38:33:728,1.49,-1.02,5.09,-0.01,-0.11,-0.00,
12:38:33:730,1.49,-1.02,5.09,0.01,-0.13,0.01,
12:38:33:731,0.43,-1.48,2.98,0.01,-0.13,0.01,
12:38:33:733,0.43,-1.48,2.98,0.03,-0.07,0.01,
12:38:33:735,0.42,-1.48,2.98,0.03,-0.07,0.01,
12:38:33:736,0.42,-1.48,2.98,0.04,-0.00,0.01,
12:38:33:736,0.97,-1.53,3.23,0.04,-0.00,0.01,
12:38:33:736,0.97,-1.53,3.23,0.05,0.04,0.01,
12:38:33:737,0.97,-1.53,3.23,0.05,0.04,0.01,
12:38:33:739,0.97,-1.53,3.23,0.04,0.10,-0.00,
12:38:33:740,0.79,-1.49,3.69,0.04,0.10,-0.00,
12:38:33:741,0.79,-1.49,3.69,0.03,0.16,-0.02,
12:38:33:742,0.79,-1.49,3.69,0.03,0.16,-0.02,
12:38:33:744,0.79,-1.49,3.69,0.04,0.13,-0.04,
12:38:33:744,0.29,-0.73,3.94,0.04,0.13,-0.04,
12:38:33:747,0.29,-0.73,3.94,0.04,0.01,-0.03,
12:38:33:748,0.29,-0.73,3.94,0.04,0.01,-0.03,
12:38:33:749,0.29,-0.73,3.94,0.04,-0.15,0.00,
12:38:33:750,1.60,-0.72,4.23,0.04,-0.15,0.00,
12:38:33:752,1.60,-0.72,4.23,0.03,-0.22,0.03,
12:38:33:752,1.60,-0.72,4.23,0.03,-0.22,0.03,
12:38:33:754,1.60,-0.72,4.23,0.01,-0.19,0.04,
12:38:33:755,0.78,-2.42,2.05,0.01,-0.19,0.04,
12:38:33:757,0.78,-2.42,2.05,0.01,-0.06,0.04,
12:38:33:757,0.78,-2.42,2.05,0.01,-0.06,0.04,
12:38:33:759,0.78,-2.42,2.05,0.01,0.08,0.02,
12:38:33:760,1.47,-0.30,2.85,0.01,0.08,0.02,
12:38:33:762,1.47,-0.30,2.85,0.00,0.17,0.00,
12:38:33:762,1.47,-0.30,2.85,0.00,0.17,0.00,
12:38:33:764,1.47,-0.30,2.85,-0.01,0.19,-0.02,
12:38:33:765,1.75,-0.46,4.80,-0.01,0.19,-0.02,
12:38:33:767,1.75,-0.46,4.80,-0.02,0.15,-0.04,
12:38:33:768,1.75,-0.46,4.80,-0.02,0.15,-0.04,
12:38:33:769,1.75,-0.46,4.80,-0.01,0.03,-0.05,
12:38:33:770,0.48,-1.93,3.79,-0.01,0.03,-0.05,
12:38:33:771,0.48,-1.93,3.79,0.01,-0.14,-0.04,
12:38:33:772,0.48,-1.93,3.79,0.01,-0.14,-0.04,
12:38:33:774,0.48,-1.93,3.79,0.02,-0.25,-0.01,
12:38:33:775,1.00,-2.39,2.95,0.02,-0.25,-0.01,
12:38:33:776,1.00,-2.39,2.95,0.03,-0.22,0.02,
12:38:33:777,1.00,-2.39,2.95,0.03,-0.22,0.02,
12:38:33:780,1.00,-2.39,2.95,0.04,-0.06,0.02,
12:38:33:781,0.44,-2.08,1.79,0.04,-0.06,0.02,
12:38:33:782,0.44,-2.08,1.79,0.04,0.08,0.03,
12:38:33:783,0.44,-2.08,1.79,0.04,0.08,0.03,
12:38:33:784,0.44,-2.08,1.79,0.04,0.15,0.02,
12:38:33:784,2.30,0.00,3.73,0.04,0.15,0.02,
12:38:33:787,2.30,0.00,3.73,0.04,0.15,0.01,
12:38:33:788,2.30,0.00,3.73,0.04,0.15,0.01,
12:38:33:790,2.30,0.00,3.73,0.03,0.08,-0.02,
12:38:33:791,1.72,-2.03,3.08,0.03,0.08,-0.02,
12:38:33:792,1.72,-2.03,3.08,0.03,-0.03,-0.03,
12:38:33:793,1.72,-2.03,3.08,0.03,-0.03,-0.03,
12:38:33:794,1.72,-2.03,3.08,0.03,-0.07,-0.04,
12:38:33:795,0.28,-1.95,2.48,0.03,-0.07,-0.04,
12:38:33:797,0.28,-1.95,2.48,0.01,0.01,-0.04,
12:38:33:803,0.28,-1.95,2.48,0.01,0.01,-0.04,
12:38:33:804,0.28,-1.95,2.48,-0.00,0.14,-0.03,
12:38:33:804,0.40,-0.41,3.84,-0.00,0.14,-0.03,
12:38:33:805,0.40,-0.41,3.84,-0.01,0.17,-0.01,
12:38:33:806,0.40,-0.41,3.84,-0.01,0.17,-0.01,
12:38:33:807,0.40,-0.41,3.84,0.00,0.08,0.00,
12:38:33:810,0.72,-0.34,4.13,0.00,0.08,0.00,
12:38:33:811,0.72,-0.34,4.13,0.01,-0.05,0.02,
12:38:33:812,0.72,-0.34,4.13,0.01,-0.05,0.02,
12:38:33:812,0.72,-0.34,4.13,-0.00,-0.16,0.03,
12:38:33:813,1.06,-2.83,3.88,-0.00,-0.16,0.03,
12:38:33:814,1.06,-2.83,3.88,-0.02,-0.16,0.03,
12:38:33:815,1.05,-2.83,3.88,-0.02,-0.16,0.03,
12:38:33:816,1.05,-2.83,3.88,-0.01,-0.08,0.03,
12:38:33:817,1.11,-0.38,3.25,-0.01,-0.08,0.03,
12:38:33:817,1.11,-0.38,3.25,-0.00,0.02,0.03,
12:38:33:818,1.11,-0.38,3.25,-0.00,0.02,0.03,
12:38:33:819,1.11,-0.38,3.25,0.02,0.06,0.02,
12:38:33:820,1.49,-1.43,3.59,0.02,0.06,0.02,
12:38:33:822,1.49,-1.43,3.59,0.03,0.04,0.01,
12:38:33:823,1.49,-1.43,3.60,0.03,0.04,0.01,
12:38:33:824,1.49,-1.43,3.60,0.03,0.02,-0.01,
12:38:33:826,1.05,-1.63,3.30,0.03,0.02,-0.01,
12:38:33:827,1.05,-1.63,3.30,0.03,0.06,-0.02,
12:38:33:828,1.05,-1.63,3.30,0.03,0.06,-0.02,
12:38:33:835,1.05,-1.63,3.30,0.03,0.12,-0.02,
12:38:33:836,0.33,-1.37,3.88,0.03,0.12,-0.02,
12:38:33:836,0.33,-1.37,3.88,0.01,0.11,-0.02,
12:38:33:836,0.33,-1.37,3.89,0.01,0.11,-0.02,
12:38:33:837,0.33,-1.37,3.89,0.02,0.00,-0.00,
12:38:33:837,1.21,-0.61,4.95,0.02,0.00,-0.00,
12:38:33:837,1.21,-0.61,4.95,0.02,-0.12,0.02,
12:38:33:837,1.20,-0.61,4.95,0.02,-0.12,0.02,
12:38:33:839,1.20,-0.61,4.95,0.03,-0.21,0.04,
12:38:33:839,1.08,-2.01,2.62,0.03,-0.21,0.04,
12:38:33:841,1.08,-2.01,2.62,0.04,-0.19,0.05,
12:38:33:842,1.08,-2.01,2.62,0.04,-0.19,0.05,
12:38:33:844,1.08,-2.01,2.62,0.03,-0.04,0.04,
12:38:33:845,1.24,-0.45,2.73,0.03,-0.04,0.04,
12:38:33:847,1.24,-0.45,2.73,0.04,0.12,0.03,
12:38:33:847,1.24,-0.45,2.73,0.04,0.12,0.03,
12:38:33:849,1.24,-0.45,2.73,0.03,0.21,0.00,
12:38:33:850,1.01,-0.15,3.40,0.03,0.21,0.00,
12:38:33:851,1.01,-0.15,3.40,0.02,0.24,-0.03,
12:38:33:852,1.01,-0.15,3.40,0.02,0.24,-0.03,
12:38:33:854,1.01,-0.15,3.40,0.01,0.17,-0.05,
12:38:33:854,0.60,-0.75,4.65,0.01,0.17,-0.05,
12:38:33:857,0.60,-0.75,4.65,-0.00,0.01,-0.04,
12:38:33:857,0.61,-0.75,4.65,-0.00,0.01,-0.04,
12:38:33:859,0.61,-0.75,4.65,-0.01,-0.17,-0.01,
12:38:33:860,0.86,-0.87,4.23,-0.01,-0.17,-0.01,
12:38:33:861,0.86,-0.87,4.23,-0.00,-0.25,0.03,
12:38:33:862,0.86,-0.87,4.23,-0.00,-0.25,0.03,
12:38:33:864,0.86,-0.87,4.23,-0.00,-0.20,0.06,
12:38:33:865,0.57,-2.03,2.84,-0.00,-0.20,0.06,
12:38:33:867,0.57,-2.03,2.84,-0.01,-0.09,0.07,
12:38:33:868,0.57,-2.03,2.84,-0.01,-0.09,0.07,
12:38:33:869,0.57,-2.03,2.84,0.00,0.02,0.07,
12:38:33:870,1.29,-0.26,3.28,0.00,0.02,0.07,
12:38:33:871,1.29,-0.26,3.28,0.02,0.17,0.05,
12:38:33:872,1.29,-0.26,3.28,0.02,0.17,0.05,
12:38:33:874,1.29,-0.26,3.28,0.02,0.29,0.02,
12:38:33:874,0.35,-0.55,4.68,0.02,0.29,0.02,
12:38:33:876,0.35,-0.55,4.68,0.01,0.29,-0.01,
12:38:33:877,0.35,-0.55,4.68,0.01,0.29,-0.01,
12:38:33:880,0.35,-0.55,4.68,0.01,0.13,-0.02,
12:38:33:881,0.78,-0.04,6.39,0.01,0.13,-0.02,
12:38:33:882,0.78,-0.04,6.39,0.03,-0.11,-0.01,
12:38:33:883,0.78,-0.04,6.39,0.03,-0.11,-0.01,
12:38:33:884,0.78,-0.04,6.39,0.05,-0.26,0.02,
12:38:33:884,0.48,0.18,4.41,0.05,-0.26,0.02,
12:38:33:887,0.48,0.18,4.41,0.05,-0.25,0.06,
12:38:33:888,0.47,0.18,4.41,0.05,-0.25,0.06,
12:38:33:889,0.47,0.18,4.41,0.05,-0.14,0.08,
12:38:33:890,0.76,-1.05,3.57,0.05,-0.14,0.08,
12:38:33:892,0.76,-1.05,3.57,0.04,-0.05,0.08,
12:38:33:892,0.76,-1.05,3.57,0.04,-0.05,0.08,
12:38:33:894,0.76,-1.05,3.57,0.04,-0.02,0.07,
12:38:33:895,1.64,-1.65,2.74,0.04,-0.02,0.07,
12:38:33:897,1.64,-1.65,2.74,0.05,-0.01,0.04,
12:38:33:898,1.64,-1.65,2.74,0.05,-0.01,0.04,
12:38:33:899,1.64,-1.65,2.74,0.04,0.07,0.01,
12:38:33:901,2.06,0.36,4.31,0.04,0.07,0.01,
12:38:33:902,2.06,0.36,4.31,0.02,0.18,-0.02,
12:38:33:902,2.06,0.36,4.31,0.02,0.18,-0.02,
12:38:33:904,2.06,0.36,4.31,0.01,0.21,-0.04,
12:38:33:905,0.70,-1.32,4.68,0.01,0.21,-0.04,
12:38:33:907,0.70,-1.32,4.68,0.01,0.08,-0.04,
12:38:33:907,0.70,-1.32,4.68,0.01,0.08,-0.04,
12:38:33:909,0.70,-1.32,4.68,0.02,-0.12,-0.01,
12:38:33:910,0.65,-2.39,3.96,0.02,-0.12,-0.01,
12:38:33:911,0.65,-2.39,3.96,0.03,-0.25,0.02,
12:38:33:912,0.65,-2.39,3.96,0.03,-0.25,0.02,
12:38:33:914,0.65,-2.39,3.96,0.04,-0.23,0.05,
12:38:33:915,0.44,-1.84,3.15,0.04,-0.23,0.05,
12:38:33:916,0.44,-1.84,3.15,0.04,-0.05,0.06,
12:38:33:917,0.44,-1.84,3.15,0.04,-0.05,0.06,
12:38:33:919,0.44,-1.84,3.15,0.05,0.14,0.07,
12:38:33:919,0.74,-0.17,3.50,0.05,0.14,0.07,
12:38:33:922,0.74,-0.17,3.50,0.06,0.19,0.06,
12:38:33:929,0.74,-0.17,3.50,0.06,0.19,0.06,
12:38:33:929,0.74,-0.17,3.50,0.06,0.13,0.04,
12:38:33:930,1.50,-1.15,4.77,0.06,0.13,0.04,
12:38:33:931,1.50,-1.15,4.77,0.06,0.02,0.01,
12:38:33:931,1.50,-1.15,4.77,0.06,0.02,0.01,
12:38:33:932,1.50,-1.15,4.77,0.07,-0.08,-0.01,
12:38:33:933,0.52,-0.93,3.46,0.07,-0.08,-0.01,
12:38:33:933,0.52,-0.93,3.46,0.07,-0.11,-0.01,
12:38:33:934,0.52,-0.93,3.46,0.07,-0.11,-0.01,
12:38:33:934,0.52,-0.93,3.46,0.06,-0.04,0.01,
12:38:33:935,0.83,0.76,4.24,0.06,-0.04,0.01,
12:38:33:940,0.83,0.76,4.24,0.05,0.04,0.02,
12:38:33:941,0.83,0.76,4.24,0.05,0.04,0.02,
12:38:33:941,0.83,0.76,4.24,0.05,0.07,0.03,
12:38:33:942,0.63,-0.69,3.58,0.05,0.07,0.03,
12:38:33:942,0.63,-0.69,3.58,0.05,0.02,0.04,
12:38:33:942,0.62,-0.69,3.58,0.05,0.02,0.04,
12:38:33:944,0.62,-0.69,3.58,0.04,-0.06,0.04,
12:38:33:944,1.44,-0.28,4.33,0.04,-0.06,0.04,
12:38:33:949,1.44,-0.28,4.33,0.03,-0.06,0.03,
12:38:33:950,1.44,-0.28,4.33,0.03,-0.06,0.03,
12:38:33:951,1.44,-0.28,4.33,0.01,0.00,0.02,
12:38:33:952,0.80,-0.62,3.88,0.01,0.00,0.02,
12:38:33:952,0.80,-0.62,3.88,0.01,0.03,0.01,
12:38:33:953,0.80,-0.62,3.88,0.01,0.03,0.01,
12:38:33:954,0.80,-0.62,3.88,0.02,-0.02,0.01,
12:38:33:955,1.25,-0.36,3.89,0.02,-0.02,0.01,
12:38:33:956,1.25,-0.36,3.89,0.04,-0.05,0.01,
12:38:33:957,1.25,-0.36,3.89,0.04,-0.05,0.01,
12:38:33:959,1.25,-0.36,3.89,0.05,-0.00,0.01,
12:38:33:960,-0.06,-1.34,3.51,0.05,-0.00,0.01,
12:38:33:962,-0.06,-1.34,3.51,0.05,0.09,0.01,
12:38:33:962,-0.06,-1.34,3.51,0.05,0.09,0.01,
12:38:33:964,-0.06,-1.34,3.51,0.05,0.14,0.01,
12:38:33:966,0.84,0.25,5.33,0.05,0.14,0.01,
12:38:33:967,0.84,0.25,5.33,0.05,0.06,0.02,
12:38:33:968,0.84,0.25,5.33,0.05,0.06,0.02,
12:38:33:969,0.84,0.25,5.33,0.05,-0.09,0.04,
12:38:33:970,1.48,-0.96,4.89,0.05,-0.09,0.04,
12:38:33:972,1.48,-0.96,4.89,0.05,-0.20,0.05,
12:38:33:972,1.48,-0.96,4.89,0.05,-0.20,0.05,
12:38:33:974,1.48,-0.96,4.89,0.06,-0.16,0.05,
12:38:33:975,0.39,-0.68,3.26,0.06,-0.16,0.05,
12:38:33:976,0.39,-0.68,3.26,0.07,-0.04,0.05,
12:38:33:977,0.38,-0.68,3.26,0.07,-0.04,0.05,
12:38:33:980,0.38,-0.68,3.26,0.08,0.04,0.04,
12:38:33:981,1.02,0.03,3.09,0.08,0.04,0.04,
12:38:33:982,1.02,0.03,3.09,0.10,0.07,0.03,
12:38:33:982,1.02,0.03,3.09,0.10,0.07,0.03,
12:38:33:984,1.02,0.03,3.09,0.09,0.08,0.02,
12:38:33:985,1.06,-0.16,4.06,0.09,0.08,0.02,
12:38:33:987,1.06,-0.16,4.06,0.06,0.11,0.00,
12:38:33:988,1.06,-0.16,4.06,0.06,0.11,0.00,
12:38:33:990,1.06,-0.16,4.06,0.03,0.10,0.00,
12:38:33:991,0.87,-0.69,5.02,0.03,0.10,0.00,
12:38:33:992,0.87,-0.69,5.02,0.02,-0.00,0.00,
12:38:33:993,0.87,-0.69,5.02,0.02,-0.00,0.00,
12:38:33:994,0.87,-0.69,5.02,0.04,-0.17,0.02,
12:38:33:995,1.17,-0.80,3.97,0.04,-0.17,0.02,
12:38:33:997,1.17,-0.80,3.97,0.05,-0.29,0.05,
12:38:33:997,1.17,-0.80,3.97,0.05,-0.29,0.05,
12:38:33:999,1.17,-0.80,3.97,0.06,-0.24,0.06,
12:38:34:000,1.47,-0.67,3.03,0.06,-0.24,0.06,
12:38:34:002,1.47,-0.67,3.03,0.04,-0.02,0.06,
12:38:34:002,1.47,-0.67,3.03,0.04,-0.02,0.06,
12:38:34:004,1.47,-0.67,3.03,0.04,0.19,0.04,
12:38:34:005,1.19,0.69,3.32,0.04,0.19,0.04,
12:38:34:007,1.19,0.69,3.32,0.04,0.29,0.01,
12:38:34:008,1.19,0.69,3.32,0.04,0.29,0.01,
12:38:34:009,1.19,0.69,3.32,0.03,0.26,-0.02,
12:38:34:010,1.22,-0.42,5.53,0.03,0.26,-0.02,
12:38:34:012,1.22,-0.42,5.53,0.02,0.09,-0.03,
12:38:34:012,1.22,-0.42,5.53,0.02,0.09,-0.03,
12:38:34:014,1.22,-0.42,5.53,0.03,-0.12,-0.03,
12:38:34:015,0.91,0.28,4.67,0.03,-0.12,-0.03,
12:38:34:017,0.91,0.28,4.67,0.05,-0.23,-0.00,
12:38:34:018,0.91,0.28,4.67,0.05,-0.23,-0.00,
12:38:34:019,0.91,0.28,4.67,0.06,-0.20,0.03,
12:38:34:019,0.46,0.15,3.72,0.06,-0.20,0.03,
12:38:34:022,0.46,0.15,3.72,0.07,-0.08,0.05,
12:38:34:022,0.46,0.15,3.72,0.07,-0.08,0.05,
12:38:34:024,0.46,0.15,3.72,0.08,0.00,0.06,
12:38:34:025,1.68,0.47,3.42,0.08,0.00,0.06,
12:38:34:027,1.68,0.47,3.42,0.07,0.03,0.05,
12:38:34:028,1.68,0.47,3.42,0.07,0.03,0.05,
12:38:34:037,1.68,0.47,3.42,0.06,0.03,0.03,
12:38:34:037,1.88,-1.67,3.78,0.06,0.03,0.03,
12:38:34:037,1.88,-1.67,3.78,0.04,0.03,-0.01,
12:38:34:038,1.89,-1.67,3.78,0.04,0.03,-0.01,
12:38:34:038,1.89,-1.67,3.78,0.03,0.03,-0.03,
12:38:34:038,1.46,-1.15,3.81,0.03,0.03,-0.03,
12:38:34:038,1.46,-1.15,3.81,0.01,0.04,-0.04,
12:38:34:039,1.46,-1.15,3.81,0.01,0.04,-0.04,
12:38:34:039,1.46,-1.15,3.81,0.01,0.06,-0.04,
12:38:34:039,0.85,-0.82,4.44,0.01,0.06,-0.04,
12:38:34:042,0.85,-0.82,4.44,0.02,0.03,-0.03,
12:38:34:042,0.85,-0.82,4.44,0.02,0.03,-0.03,
12:38:34:044,0.85,-0.82,4.44,0.05,-0.07,-0.01,
12:38:34:045,1.44,-0.25,3.91,0.05,-0.07,-0.01,
12:38:34:047,1.44,-0.25,3.91,0.07,-0.14,0.01,
12:38:34:053,1.44,-0.25,3.91,0.07,-0.14,0.01,
12:38:34:053,1.44,-0.25,3.91,0.07,-0.11,0.03,
12:38:34:054,1.77,-1.19,3.80,0.07,-0.11,0.03,
12:38:34:054,1.77,-1.19,3.80,0.06,0.00,0.02,
12:38:34:055,1.76,-1.19,3.80,0.06,0.00,0.02,
12:38:34:055,1.76,-1.19,3.80,0.05,0.07,0.00,
12:38:34:056,1.81,-1.19,3.52,0.05,0.07,0.00,
12:38:34:057,1.81,-1.19,3.52,0.06,0.09,-0.02,
12:38:34:057,1.81,-1.19,3.52,0.06,0.09,-0.02,
12:38:34:059,1.81,-1.19,3.52,0.06,0.10,-0.05,
12:38:34:060,0.88,-1.16,3.83,0.06,0.10,-0.05,
12:38:34:062,0.88,-1.16,3.83,0.06,0.10,-0.06,
12:38:34:062,0.88,-1.16,3.84,0.06,0.10,-0.06,
12:38:34:064,0.88,-1.16,3.84,0.07,0.06,-0.05,
12:38:34:065,0.69,0.43,4.25,0.07,0.06,-0.05,
12:38:34:068,0.69,0.43,4.25,0.08,-0.02,-0.03,
12:38:34:069,0.70,0.43,4.25,0.08,-0.02,-0.03,
12:38:34:070,0.70,0.43,4.25,0.08,-0.12,-0.00,
12:38:34:071,1.34,-0.91,3.34,0.08,-0.12,-0.00,
12:38:34:072,1.34,-0.91,3.34,0.08,-0.20,0.02,
12:38:34:073,1.33,-0.91,3.34,0.08,-0.20,0.02,
12:38:34:074,1.33,-0.91,3.34,0.06,-0.20,0.03,
12:38:34:075,1.75,-1.77,2.07,0.06,-0.20,0.03,
12:38:34:076,1.75,-1.77,2.07,0.06,-0.08,0.02,
12:38:34:077,1.75,-1.77,2.07,0.06,-0.08,0.02,
12:38:34:080,1.75,-1.77,2.07,0.03,0.09,-0.00,
12:38:34:080,1.47,-1.30,2.55,0.03,0.09,-0.00,
12:38:34:082,1.47,-1.30,2.55,0.01,0.23,-0.03,
12:38:34:083,1.47,-1.30,2.55,0.01,0.23,-0.03,
12:38:34:084,1.47,-1.30,2.55,-0.00,0.27,-0.06,
12:38:34:085,1.06,-0.98,3.90,-0.00,0.27,-0.06,
12:38:34:087,1.06,-0.98,3.90,-0.01,0.20,-0.07,
12:38:34:087,1.07,-0.98,3.90,-0.01,0.20,-0.07,
12:38:34:090,1.07,-0.98,3.90,-0.00,0.06,-0.07,
12:38:34:091,0.65,-0.33,4.87,-0.00,0.06,-0.07,
12:38:34:092,0.65,-0.33,4.87,0.01,-0.08,-0.04,
12:38:34:093,0.65,-0.33,4.87,0.01,-0.08,-0.04,
12:38:34:094,0.65,-0.33,4.87,0.04,-0.17,-0.00,
12:38:34:095,0.22,-0.38,3.00,0.04,-0.17,-0.00,
12:38:34:096,0.22,-0.38,3.00,0.05,-0.20,0.03,
12:38:34:097,0.22,-0.38,3.00,0.05,-0.20,0.03,
12:38:34:100,0.22,-0.38,3.00,0.06,-0.16,0.05,
12:38:34:101,1.47,-1.13,2.68,0.06,-0.16,0.05,
12:38:34:102,1.47,-1.13,2.68,0.05,-0.07,0.05,
12:38:34:103,1.47,-1.13,2.68,0.05,-0.07,0.05,
12:38:34:104,1.47,-1.13,2.68,0.04,0.02,0.03,
12:38:34:105,2.21,-1.10,2.46,0.04,0.02,0.03,
12:38:34:107,2.21,-1.10,2.46,0.03,0.10,-0.01,
12:38:34:107,2.21,-1.10,2.46,0.03,0.10,-0.01,
12:38:34:109,2.21,-1.10,2.46,0.02,0.13,-0.05,
12:38:34:110,1.81,-1.29,2.80,0.02,0.13,-0.05,
12:38:34:112,1.81,-1.29,2.80,0.01,0.13,-0.08,
12:38:34:113,1.82,-1.29,2.80,0.01,0.13,-0.08,
12:38:34:115,1.82,-1.29,2.80,-0.00,0.06,-0.08,
12:38:34:116,1.49,-2.00,3.17,-0.00,0.06,-0.08,
12:38:34:117,1.49,-2.00,3.17,-0.01,-0.05,-0.06,
12:38:34:117,1.49,-2.00,3.17,-0.01,-0.05,-0.06,
12:38:34:119,1.49,-2.00,3.17,-0.02,-0.12,-0.04,
12:38:34:120,1.34,-2.08,2.89,-0.02,-0.12,-0.04,
12:38:34:122,1.34,-2.08,2.89,-0.02,-0.10,-0.01,
12:38:34:122,1.34,-2.08,2.88,-0.02,-0.10,-0.01,
12:38:34:124,1.34,-2.08,2.88,-0.02,-0.01,0.00,
12:38:34:125,1.04,-1.68,2.45,-0.02,-0.01,0.00,
12:38:34:127,1.04,-1.68,2.45,-0.01,0.06,0.00,
12:38:34:128,1.04,-1.68,2.45,-0.01,0.06,0.00,
12:38:34:130,1.04,-1.68,2.45,0.01,0.08,-0.00,
12:38:34:131,1.58,-0.53,3.13,0.01,0.08,-0.00,
12:38:34:132,1.58,-0.53,3.13,0.01,0.08,-0.01,
12:38:34:132,1.58,-0.53,3.13,0.01,0.08,-0.01,
12:38:34:135,1.58,-0.53,3.13,-0.00,0.08,-0.03,
12:38:34:135,1.33,-1.66,3.53,-0.00,0.08,-0.03,
12:38:34:137,1.33,-1.66,3.53,0.01,0.05,-0.04,
12:38:34:137,1.33,-1.66,3.53,0.01,0.05,-0.04,
12:38:34:139,1.33,-1.66,3.53,0.01,-0.02,-0.04,
12:38:34:140,0.90,-1.37,2.75,0.01,-0.02,-0.04,
12:38:34:142,0.90,-1.37,2.75,0.01,-0.08,-0.03,
12:38:34:142,0.90,-1.37,2.75,0.01,-0.08,-0.03,
12:38:34:152,0.90,-1.37,2.75,-0.00,-0.10,-0.01,
12:38:34:152,0.91,-2.83,2.34,-0.00,-0.10,-0.01,
12:38:34:152,0.91,-2.83,2.34,-0.01,-0.06,0.00,
12:38:34:153,0.91,-2.83,2.34,-0.01,-0.06,0.00,
12:38:34:153,0.91,-2.83,2.34,-0.01,0.01,0.00,
12:38:34:153,0.54,-2.12,1.75,-0.01,0.01,0.00,
12:38:34:154,0.54,-2.12,1.75,-0.01,0.07,0.00,
12:38:34:154,0.54,-2.12,1.75,-0.01,0.07,0.00,
12:38:34:154,0.54,-2.12,1.75,-0.02,0.10,0.00,
12:38:34:154,1.46,-0.59,3.32,-0.02,0.10,0.00,
12:38:34:156,1.46,-0.59,3.32,-0.02,0.08,-0.00,
12:38:34:157,1.46,-0.59,3.32,-0.02,0.08,-0.00,
12:38:34:159,1.46,-0.59,3.32,-0.03,0.01,-0.01,
12:38:34:159,1.15,-2.04,2.82,-0.03,0.01,-0.01,
12:38:34:162,1.15,-2.04,2.82,-0.04,-0.05,-0.02,
12:38:34:162,1.15,-2.04,2.81,-0.04,-0.05,-0.02,
12:38:34:164,1.15,-2.04,2.81,-0.05,-0.07,-0.02,
12:38:34:165,0.71,-2.94,2.13,-0.05,-0.07,-0.02,
12:38:34:167,0.71,-2.94,2.13,-0.05,-0.08,-0.01,
12:38:34:168,0.71,-2.93,2.13,-0.05,-0.08,-0.01,
12:38:34:171,0.71,-2.93,2.13,-0.05,-0.08,0.01,
12:38:34:172,1.58,-1.72,2.31,-0.05,-0.08,0.01,
12:38:34:172,1.58,-1.72,2.31,-0.06,-0.04,0.02,
12:38:34:177,1.58,-1.72,2.30,-0.06,-0.04,0.02,
12:38:34:178,1.58,-1.72,2.30,-0.06,0.01,0.01,
12:38:34:179,1.29,-2.87,1.73,-0.06,0.01,0.01,
12:38:34:179,1.29,-2.87,1.73,-0.05,0.05,0.00,
12:38:34:179,1.29,-2.87,1.73,-0.05,0.05,0.00,
12:38:34:180,1.29,-2.87,1.73,-0.04,0.07,-0.01,
12:38:34:180,1.64,-0.97,2.70,-0.04,0.07,-0.01,
12:38:34:182,1.64,-0.97,2.70,-0.04,0.08,-0.02,
12:38:34:183,1.64,-0.97,2.70,-0.04,0.08,-0.02,
12:38:34:184,1.64,-0.97,2.70,-0.05,0.06,-0.03,
12:38:34:185,1.64,-1.82,3.05,-0.05,0.06,-0.03,
12:38:34:187,1.64,-1.82,3.05,-0.06,0.00,-0.03,
12:38:34:187,1.64,-1.82,3.05,-0.06,0.00,-0.03,
12:38:34:189,1.64,-1.82,3.05,-0.06,-0.08,-0.02,
12:38:34:191,1.54,-2.82,2.12,-0.06,-0.08,-0.02,
12:38:34:192,1.54,-2.82,2.12,-0.05,-0.13,-0.01,
12:38:34:192,1.54,-2.82,2.12,-0.05,-0.13,-0.01,
12:38:34:194,1.54,-2.82,2.12,-0.05,-0.11,-0.01,
12:38:34:195,1.24,-2.90,1.49,-0.05,-0.11,-0.01,
12:38:34:197,1.24,-2.90,1.49,-0.06,0.01,-0.01,
12:38:34:197,1.24,-2.90,1.49,-0.06,0.01,-0.01,
12:38:34:199,1.24,-2.90,1.49,-0.07,0.13,-0.01,
12:38:34:200,1.13,-2.60,1.77,-0.07,0.13,-0.01,
12:38:34:202,1.13,-2.60,1.77,-0.07,0.13,-0.02,
12:38:34:202,1.14,-2.60,1.77,-0.07,0.13,-0.02,
12:38:34:204,1.14,-2.60,1.77,-0.07,0.08,-0.02,
12:38:34:205,1.56,-1.87,3.25,-0.07,0.08,-0.02,
12:38:34:208,1.56,-1.87,3.25,-0.07,0.05,-0.02,
12:38:34:208,1.56,-1.87,3.25,-0.07,0.05,-0.02,
12:38:34:209,1.56,-1.87,3.25,-0.07,0.00,-0.02,
12:38:34:210,0.51,-2.52,1.90,-0.07,0.00,-0.02,
12:38:34:212,0.51,-2.52,1.90,-0.06,-0.06,-0.02,
12:38:34:212,0.51,-2.52,1.90,-0.06,-0.06,-0.02,
12:38:34:214,0.51,-2.52,1.90,-0.05,-0.11,-0.00,
12:38:34:215,1.18,-2.21,1.90,-0.05,-0.11,-0.00,
12:38:34:217,1.18,-2.21,1.90,-0.05,-0.13,0.02,
12:38:34:218,1.18,-2.21,1.90,-0.05,-0.13,0.02,
12:38:34:219,1.18,-2.21,1.90,-0.05,-0.09,0.02,
12:38:34:220,1.82,-1.63,1.67,-0.05,-0.09,0.02,
12:38:34:222,1.82,-1.63,1.67,-0.05,-0.01,0.02,
12:38:34:222,1.82,-1.63,1.66,-0.05,-0.01,0.02,
12:38:34:224,1.82,-1.63,1.66,-0.07,0.08,0.00,
12:38:34:225,1.34,-2.68,1.61,-0.07,0.08,0.00,
12:38:34:227,1.34,-2.68,1.61,-0.08,0.11,-0.02,
12:38:34:228,1.34,-2.68,1.61,-0.08,0.11,-0.02,
12:38:34:237,1.34,-2.68,1.61,-0.08,0.10,-0.04,
12:38:34:238,0.73,-3.13,1.70,-0.08,0.10,-0.04,
12:38:34:238,0.73,-3.13,1.70,-0.10,0.08,-0.04,
12:38:34:238,0.73,-3.13,1.70,-0.10,0.08,-0.04,
12:38:34:239,0.73,-3.13,1.70,-0.12,0.03,-0.03,
12:38:34:239,1.13,-3.25,3.17,-0.12,0.03,-0.03,
12:38:34:239,1.13,-3.25,3.17,-0.13,-0.04,-0.01,
12:38:34:239,1.13,-3.25,3.16,-0.13,-0.04,-0.01,
12:38:34:240,1.13,-3.25,3.16,-0.11,-0.11,0.02,
12:38:34:240,0.88,-2.43,1.99,-0.11,-0.11,0.02,
12:38:34:242,0.88,-2.43,1.99,-0.09,-0.11,0.04,
12:38:34:243,0.88,-2.43,1.99,-0.09,-0.11,0.04,
12:38:34:244,0.88,-2.43,1.99,-0.09,-0.02,0.04,
12:38:34:244,1.00,-1.96,2.66,-0.09,-0.02,0.04,
12:38:34:247,1.00,-1.96,2.66,-0.09,0.08,0.03,
12:38:34:248,1.00,-1.96,2.66,-0.09,0.08,0.03,
12:38:34:250,1.00,-1.96,2.66,-0.09,0.06,0.01,
12:38:34:251,1.38,-3.73,2.17,-0.09,0.06,0.01,
12:38:34:251,1.38,-3.73,2.17,-0.08,-0.03,0.00,
12:38:34:252,1.38,-3.73,2.17,-0.08,-0.03,0.00,
12:38:34:254,1.38,-3.73,2.17,-0.08,-0.09,-0.00,
12:38:34:255,1.67,-2.58,2.55,-0.08,-0.09,-0.00,
12:38:34:257,1.67,-2.58,2.55,-0.08,-0.02,-0.01,
12:38:34:257,1.67,-2.58,2.55,-0.08,-0.02,-0.01,
12:38:34:259,1.67,-2.58,2.55,-0.07,0.11,-0.01,
12:38:34:260,0.74,-0.74,2.63,-0.07,0.11,-0.01,
12:38:34:262,0.74,-0.74,2.63,-0.06,0.14,-0.01,
12:38:34:263,0.74,-0.74,2.63,-0.06,0.14,-0.01,
12:38:34:264,0.74,-0.74,2.63,-0.05,0.09,-0.01,
12:38:34:266,0.87,-1.90,2.83,-0.05,0.09,-0.01,
12:38:34:267,0.87,-1.90,2.83,-0.06,-0.01,0.00,
12:38:34:269,0.87,-1.90,2.83,-0.06,-0.01,0.00,
12:38:34:270,0.87,-1.90,2.83,-0.08,-0.09,0.01,
12:38:34:271,1.11,-3.22,2.62,-0.08,-0.09,0.01,
12:38:34:272,1.11,-3.22,2.62,-0.10,-0.10,0.01,
12:38:34:272,1.11,-3.22,2.62,-0.10,-0.10,0.01,
12:38:34:274,1.11,-3.22,2.62,-0.10,-0.06,0.01,
12:38:34:275,0.82,-1.82,2.51,-0.10,-0.06,0.01,
12:38:34:277,0.82,-1.82,2.51,-0.10,-0.01,0.01,
12:38:34:278,0.82,-1.82,2.50,-0.10,-0.01,0.01,
12:38:34:280,0.82,-1.82,2.50,-0.09,0.01,0.02,
12:38:34:282,1.38,-1.92,2.32,-0.09,0.01,0.02,
12:38:34:283,1.38,-1.92,2.32,-0.09,-0.01,0.02,
12:38:34:283,1.38,-1.92,2.32,-0.09,-0.01,0.02,
12:38:34:284,1.38,-1.92,2.32,-0.09,-0.06,0.01,
12:38:34:285,1.99,-3.15,2.37,-0.09,-0.06,0.01,
12:38:34:287,1.99,-3.15,2.37,-0.09,-0.09,0.01,
12:38:34:288,1.99,-3.15,2.37,-0.09,-0.09,0.01,
12:38:34:289,1.99,-3.15,2.37,-0.09,-0.07,-0.00,
12:38:34:290,1.15,-4.01,1.66,-0.09,-0.07,-0.00,
12:38:34:292,1.15,-4.01,1.66,-0.09,0.01,-0.01,
12:38:34:292,1.15,-4.01,1.66,-0.09,0.01,-0.01,
12:38:34:294,1.15,-4.01,1.66,-0.09,0.09,-0.01,
12:38:34:295,1.30,-1.58,2.47,-0.09,0.09,-0.01,
12:38:34:297,1.30,-1.58,2.47,-0.07,0.14,-0.01,
12:38:34:303,1.30,-1.58,2.47,-0.07,0.14,-0.01,
12:38:34:303,1.30,-1.58,2.47,-0.06,0.12,-0.01,
12:38:34:304,0.86,-2.33,2.61,-0.06,0.12,-0.01,
12:38:34:304,0.86,-2.33,2.61,-0.06,0.02,-0.01,
12:38:34:305,0.86,-2.33,2.61,-0.06,0.02,-0.01,
12:38:34:305,0.86,-2.33,2.61,-0.08,-0.11,-0.00,
12:38:34:306,1.78,-3.81,2.89,-0.08,-0.11,-0.00,
12:38:34:307,1.78,-3.81,2.89,-0.08,-0.19,0.01,
12:38:34:308,1.78,-3.81,2.89,-0.08,-0.19,0.01,
12:38:34:309,1.78,-3.81,2.89,-0.08,-0.18,0.01,
12:38:34:310,1.47,-2.60,1.65,-0.08,-0.18,0.01,
12:38:34:312,1.47,-2.60,1.65,-0.07,-0.07,0.02,
12:38:34:312,1.47,-2.60,1.64,-0.07,-0.07,0.02,
12:38:34:314,1.47,-2.60,1.64,-0.07,0.10,0.02,
12:38:34:315,1.13,-1.63,2.20,-0.07,0.10,0.02,
12:38:34:317,1.13,-1.63,2.20,-0.08,0.22,0.01,
12:38:34:318,1.13,-1.63,2.20,-0.08,0.22,0.01,
12:38:34:319,1.13,-1.63,2.20,-0.08,0.21,-0.01,
12:38:34:319,0.82,-2.82,3.06,-0.08,0.21,-0.01,
12:38:34:322,0.82,-2.82,3.06,-0.09,0.13,-0.02,
12:38:34:322,0.82,-2.82,3.06,-0.09,0.13,-0.02,
12:38:34:324,0.82,-2.82,3.06,-0.09,0.01,-0.02,
12:38:34:325,1.35,-2.30,4.76,-0.09,0.01,-0.02,
12:38:34:327,1.35,-2.30,4.76,-0.10,-0.12,-0.00,
12:38:34:328,1.35,-2.30,4.75,-0.10,-0.12,-0.00,
12:38:34:335,1.35,-2.30,4.75,-0.08,-0.21,0.02,
12:38:34:336,1.38,-1.78,3.32,-0.08,-0.21,0.02,
12:38:34:336,1.38,-1.78,3.32,-0.05,-0.21,0.04,
12:38:34:336,1.38,-1.78,3.32,-0.05,-0.21,0.04,
12:38:34:337,1.38,-1.78,3.32,-0.03,-0.11,0.04,
12:38:34:337,1.25,-1.17,2.28,-0.03,-0.11,0.04,
12:38:34:337,1.25,-1.17,2.28,-0.02,0.05,0.03,
12:38:34:337,1.25,-1.17,2.28,-0.02,0.05,0.03,
12:38:34:339,1.25,-1.17,2.28,-0.03,0.18,0.02,
12:38:34:341,1.85,-1.92,3.93,-0.03,0.18,0.02,
12:38:34:341,1.85,-1.92,3.93,-0.05,0.22,-0.01,
12:38:34:342,1.85,-1.92,3.93,-0.05,0.22,-0.01,
12:38:34:344,1.85,-1.92,3.93,-0.06,0.16,-0.03,
12:38:34:345,1.17,-1.89,4.72,-0.06,0.16,-0.03,
12:38:34:347,1.17,-1.89,4.72,-0.05,0.04,-0.04,
12:38:34:348,1.18,-1.89,4.72,-0.05,0.04,-0.04,
12:38:34:349,1.18,-1.89,4.72,-0.02,-0.08,-0.03,
12:38:34:350,0.37,-0.44,3.83,-0.02,-0.08,-0.03,
12:38:34:351,0.37,-0.44,3.83,0.01,-0.15,0.00,
12:38:34:352,0.37,-0.44,3.83,0.01,-0.15,0.00,
12:38:34:354,0.37,-0.44,3.83,0.02,-0.17,0.03,
12:38:34:355,0.93,-0.70,2.92,0.02,-0.17,0.03,
12:38:34:357,0.93,-0.70,2.92,0.02,-0.13,0.06,
12:38:34:357,0.93,-0.70,2.92,0.02,-0.13,0.06,
12:38:34:359,0.93,-0.70,2.92,0.00,-0.03,0.06,
12:38:34:360,1.70,-1.90,2.82,0.00,-0.03,0.06,
12:38:34:362,1.70,-1.90,2.82,-0.02,0.04,0.05,
12:38:34:362,1.70,-1.90,2.82,-0.02,0.04,0.05,
12:38:34:365,1.70,-1.90,2.82,-0.04,0.02,0.02,
12:38:34:366,2.49,-2.20,3.22,-0.04,0.02,0.02,
12:38:34:367,2.49,-2.20,3.22,-0.03,-0.02,-0.01,
12:38:34:368,2.49,-2.20,3.22,-0.03,-0.02,-0.01,
12:38:34:369,2.49,-2.20,3.22,-0.02,0.02,-0.04,
12:38:34:370,0.90,-1.32,2.60,-0.02,0.02,-0.04,
12:38:34:372,0.90,-1.32,2.60,-0.02,0.11,-0.05,
12:38:34:372,0.90,-1.32,2.60,-0.02,0.11,-0.05,
12:38:34:374,0.90,-1.32,2.60,-0.03,0.14,-0.05,
12:38:34:375,1.13,-0.91,4.33,-0.03,0.14,-0.05,
12:38:34:376,1.13,-0.91,4.33,-0.02,0.07,-0.03,
12:38:34:377,1.13,-0.91,4.33,-0.02,0.07,-0.03,
12:38:34:380,1.13,-0.91,4.33,-0.02,-0.05,-0.01,
12:38:34:381,1.19,-1.70,4.07,-0.02,-0.05,-0.01,
12:38:34:382,1.19,-1.70,4.07,-0.01,-0.14,0.02,
12:38:34:383,1.19,-1.70,4.07,-0.01,-0.14,0.02,
12:38:34:384,1.19,-1.70,4.07,0.01,-0.14,0.02,
12:38:34:385,1.00,-0.96,3.20,0.01,-0.14,0.02,
12:38:34:387,1.00,-0.96,3.20,0.02,-0.05,0.03,
12:38:34:388,0.99,-0.96,3.20,0.02,-0.05,0.03,
12:38:34:390,0.99,-0.96,3.20,0.04,0.04,0.02,
12:38:34:391,1.39,0.10,3.23,0.04,0.04,0.02,
12:38:34:392,1.39,0.10,3.23,0.05,0.08,0.00,
12:38:34:393,1.39,0.10,3.23,0.05,0.08,0.00,
12:38:34:394,1.39,0.10,3.23,0.05,0.04,-0.02,
12:38:34:395,1.88,-1.78,3.50,0.05,0.04,-0.02,
12:38:34:397,1.88,-1.78,3.50,0.04,-0.01,-0.03,
12:38:34:398,1.88,-1.78,3.50,0.04,-0.01,-0.03,
12:38:34:399,1.88,-1.78,3.50,0.02,-0.02,-0.03,
12:38:34:400,1.19,-1.97,3.44,0.02,-0.02,-0.03,
12:38:34:402,1.19,-1.97,3.44,0.01,-0.01,-0.03,
12:38:34:403,1.19,-1.97,3.44,0.01,-0.01,-0.03,
12:38:34:404,1.19,-1.97,3.44,0.02,-0.02,-0.01,
12:38:34:404,1.31,-0.51,3.41,0.02,-0.02,-0.01,
12:38:34:408,1.31,-0.51,3.41,0.02,-0.02,-0.00,
12:38:34:408,1.31,-0.51,3.41,0.02,-0.02,-0.00,
12:38:34:410,1.31,-0.51,3.41,0.02,0.03,0.00,
12:38:34:410,0.58,-2.01,3.34,0.02,0.03,0.00,
12:38:34:413,0.58,-2.01,3.34,0.01,0.05,0.00,
12:38:34:414,0.58,-2.01,3.34,0.01,0.05,0.00,
12:38:34:415,0.58,-2.01,3.34,0.02,0.03,0.00,
12:38:34:415,1.48,-0.77,4.19,0.02,0.03,0.00,
12:38:34:417,1.48,-0.77,4.19,0.03,-0.03,0.00,
12:38:34:418,1.48,-0.77,4.19,0.03,-0.03,0.00,
12:38:34:419,1.48,-0.77,4.19,0.04,-0.09,0.01,
12:38:34:419,2.10,-0.57,4.30,0.04,-0.09,0.01,
12:38:34:422,2.10,-0.57,4.30,0.05,-0.11,0.01,
12:38:34:429,2.10,-0.57,4.30,0.05,-0.11,0.01,
12:38:34:430,2.10,-0.57,4.30,0.06,-0.06,0.01,
12:38:34:430,1.41,-1.22,3.02,0.06,-0.06,0.01,
12:38:34:431,1.41,-1.22,3.02,0.07,0.03,-0.01,
12:38:34:431,1.41,-1.22,3.02,0.07,0.03,-0.01,
12:38:34:432,1.41,-1.22,3.02,0.06,0.06,-0.02,
12:38:34:433,2.10,-1.51,3.70,0.06,0.06,-0.02,
12:38:34:433,2.10,-1.51,3.70,0.06,0.02,-0.02,
12:38:34:434,2.10,-1.51,3.71,0.06,0.02,-0.02,
12:38:34:435,2.10,-1.51,3.71,0.06,-0.00,-0.03,
12:38:34:435,1.67,-0.90,3.68,0.06,-0.00,-0.03,
12:38:34:437,1.67,-0.90,3.68,0.07,0.04,-0.04,
12:38:34:437,1.67,-0.90,3.68,0.07,0.04,-0.04,
12:38:34:439,1.67,-0.90,3.68,0.08,0.12,-0.04,
12:38:34:440,0.55,0.44,3.97,0.08,0.12,-0.04,
12:38:34:442,0.55,0.44,3.97,0.08,0.14,-0.04,
12:38:34:442,0.55,0.44,3.97,0.08,0.14,-0.04,
12:38:34:444,0.55,0.44,3.97,0.08,0.05,-0.03,
12:38:34:445,1.18,-0.23,4.56,0.08,0.05,-0.03,
12:38:34:451,1.18,-0.23,4.56,0.08,-0.10,-0.01,
12:38:34:452,1.18,-0.23,4.56,0.08,-0.10,-0.01,
12:38:34:452,1.18,-0.23,4.56,0.07,-0.24,0.00,
12:38:34:452,2.24,-1.54,3.21,0.07,-0.24,0.00,
12:38:34:453,2.24,-1.54,3.21,0.06,-0.27,0.01,
12:38:34:453,2.24,-1.54,3.21,0.06,-0.27,0.01,
12:38:34:454,2.24,-1.54,3.21,0.06,-0.13,0.01,
12:38:34:455,1.78,0.37,2.79,0.06,-0.13,0.01,
12:38:34:456,1.78,0.37,2.79,0.07,0.11,-0.01,
12:38:34:457,1.78,0.37,2.80,0.07,0.11,-0.01,
12:38:34:459,1.78,0.37,2.80,0.08,0.27,-0.03,
12:38:34:459,1.00,0.37,3.00,0.08,0.27,-0.03,
12:38:34:462,1.00,0.37,3.00,0.09,0.27,-0.05,
12:38:34:462,1.01,0.37,3.00,0.09,0.27,-0.05,
12:38:34:464,1.01,0.37,3.00,0.09,0.13,-0.06,
12:38:34:465,1.33,-0.56,4.44,0.09,0.13,-0.06,
12:38:34:467,1.33,-0.56,4.44,0.07,-0.02,-0.06,
12:38:34:468,1.34,-0.56,4.44,0.07,-0.02,-0.06,
12:38:34:469,1.34,-0.56,4.44,0.05,-0.10,-0.05,
12:38:34:470,0.75,-0.98,4.39,0.05,-0.10,-0.05,
12:38:34:471,0.75,-0.98,4.39,0.06,-0.13,-0.03,
12:38:34:472,0.75,-0.98,4.39,0.06,-0.13,-0.03,
12:38:34:474,0.75,-0.98,4.39,0.08,-0.16,0.00,
12:38:34:475,0.93,-0.03,2.63,0.08,-0.16,0.00,
12:38:34:477,0.93,-0.03,2.63,0.10,-0.16,0.03,
12:38:34:477,0.93,-0.03,2.63,0.10,-0.16,0.03,
12:38:34:480,0.93,-0.03,2.63,0.10,-0.11,0.04,
12:38:34:480,2.10,-0.98,2.44,0.10,-0.11,0.04,
12:38:34:483,2.10,-0.98,2.44,0.09,-0.01,0.02,
12:38:34:484,2.10,-0.98,2.45,0.09,-0.01,0.02,
12:38:34:484,2.10,-0.98,2.45,0.08,0.13,-0.01,
12:38:34:484,1.40,-1.46,2.53,0.08,0.13,-0.01,
12:38:34:487,1.40,-1.46,2.53,0.07,0.18,-0.04,
12:38:34:488,1.40,-1.46,2.53,0.07,0.18,-0.04,
12:38:34:489,1.40,-1.46,2.53,0.06,0.16,-0.06,
12:38:34:490,1.28,-1.20,3.91,0.06,0.16,-0.06,
12:38:34:492,1.28,-1.20,3.91,0.06,0.07,-0.07,
12:38:34:492,1.29,-1.20,3.91,0.06,0.07,-0.07,
12:38:34:494,1.29,-1.20,3.91,0.06,-0.02,-0.06,
12:38:34:495,0.81,-0.89,4.06,0.06,-0.02,-0.06,
12:38:34:497,0.81,-0.89,4.06,0.06,-0.08,-0.04,
12:38:34:498,0.81,-0.89,4.06,0.06,-0.08,-0.04,
12:38:34:499,0.81,-0.89,4.06,0.08,-0.13,-0.00,
12:38:34:500,0.81,-0.75,2.79,0.08,-0.13,-0.00,
12:38:34:502,0.81,-0.75,2.79,0.09,-0.15,0.03,
12:38:34:502,0.81,-0.75,2.79,0.09,-0.15,0.03,
12:38:34:505,0.81,-0.75,2.79,0.09,-0.08,0.04,
12:38:34:505,1.35,-1.23,2.91,0.09,-0.08,0.04,
12:38:34:507,1.35,-1.23,2.91,0.08,0.04,0.02,
12:38:34:508,1.35,-1.23,2.91,0.08,0.04,0.02,
12:38:34:509,1.35,-1.23,2.91,0.07,0.13,-0.00,
12:38:34:510,1.45,-0.67,3.28,0.07,0.13,-0.00,
12:38:34:512,1.45,-0.67,3.28,0.08,0.14,-0.03,
12:38:34:512,1.45,-0.67,3.29,0.08,0.14,-0.03,
12:38:34:514,1.45,-0.67,3.29,0.08,0.08,-0.05,
12:38:34:515,1.23,-0.54,3.82,0.08,0.08,-0.05,
12:38:34:517,1.23,-0.54,3.82,0.09,-0.03,-0.05,
12:38:34:518,1.23,-0.54,3.82,0.09,-0.03,-0.05,
12:38:34:519,1.23,-0.54,3.82,0.10,-0.09,-0.03,
12:38:34:519,0.87,0.11,3.48,0.10,-0.09,-0.03,
12:38:34:522,0.87,0.11,3.48,0.10,-0.06,-0.01,
12:38:34:522,0.87,0.11,3.49,0.10,-0.06,-0.01,
12:38:34:524,0.87,0.11,3.49,0.10,0.01,0.00,
12:38:34:525,0.49,0.50,3.17,0.10,0.01,0.00,
12:38:34:527,0.49,0.50,3.17,0.10,0.06,0.01,
12:38:34:528,0.49,0.49,3.18,0.10,0.06,0.01,
12:38:34:530,0.49,0.49,3.18,0.10,0.05,0.01,
12:38:34:531,0.70,-0.69,3.02,0.10,0.05,0.01,
12:38:34:532,0.70,-0.69,3.02,0.09,-0.03,0.01,
12:38:34:532,0.70,-0.69,3.02,0.09,-0.03,0.01,
12:38:34:534,0.70,-0.69,3.02,0.07,-0.12,0.01,
12:38:34:535,1.59,-1.30,2.95,0.07,-0.12,0.01,
12:38:34:537,1.59,-1.30,2.95,0.06,-0.13,0.00,
12:38:34:537,1.59,-1.30,2.95,0.06,-0.13,0.00,
12:38:34:539,1.59,-1.30,2.95,0.04,-0.05,-0.00,
12:38:34:540,1.40,-0.81,2.87,0.04,-0.05,-0.00,
12:38:34:542,1.40,-0.81,2.87,0.04,0.01,0.00,
12:38:34:542,1.40,-0.81,2.87,0.04,0.01,0.00,
12:38:34:544,1.40,-0.81,2.87,0.04,0.01,0.00,
12:38:34:545,1.70,-1.41,2.68,0.04,0.01,0.00,
12:38:34:554,1.70,-1.41,2.68,0.06,-0.04,0.01,
12:38:34:561,1.70,-1.41,2.68,0.06,-0.04,0.01,
12:38:34:562,1.70,-1.41,2.68,0.08,-0.05,0.00,
12:38:34:562,1.19,-0.82,2.22,0.08,-0.05,0.00,
12:38:34:563,1.19,-0.82,2.22,0.09,0.02,-0.01,
12:38:34:563,1.19,-0.82,2.22,0.09,0.02,-0.01,
12:38:34:563,1.19,-0.82,2.22,0.08,0.13,-0.02,
12:38:34:564,0.35,-1.13,2.72,0.08,0.13,-0.02,
12:38:34:564,0.35,-1.13,2.72,0.07,0.14,-0.02,
12:38:34:564,0.35,-1.13,2.72,0.07,0.14,-0.02,
12:38:34:564,0.35,-1.13,2.72,0.06,0.02,-0.01,
12:38:34:565,1.60,-1.18,3.67,0.06,0.02,-0.01,
12:38:34:566,1.60,-1.18,3.67,0.07,-0.12,0.00,
12:38:34:567,1.60,-1.18,3.68,0.07,-0.12,0.00,
12:38:34:568,1.60,-1.18,3.68,0.08,-0.19,0.02,
12:38:34:568,0.95,-0.90,1.76,0.08,-0.19,0.02,
12:38:34:568,0.95,-0.90,1.76,0.08,-0.15,0.03,
12:38:34:569,0.95,-0.90,1.76,0.08,-0.15,0.03,
12:38:34:569,0.95,-0.90,1.76,0.07,-0.07,0.04,
12:38:34:570,1.89,0.03,2.36,0.07,-0.07,0.04,
12:38:34:572,1.89,0.03,2.36,0.06,0.01,0.03,
12:38:34:572,1.88,0.03,2.36,0.06,0.01,0.03,
12:38:34:574,1.88,0.03,2.36,0.04,0.07,0.02,
12:38:34:575,1.57,-1.57,2.17,0.04,0.07,0.02,
12:38:34:577,1.57,-1.57,2.17,0.03,0.10,-0.01,
12:38:34:577,1.57,-1.57,2.17,0.03,0.10,-0.01,
12:38:34:580,1.57,-1.57,2.17,0.01,0.12,-0.03,
12:38:34:581,1.06,-0.79,3.18,0.01,0.12,-0.03,
12:38:34:582,1.06,-0.79,3.18,0.00,0.10,-0.04,
12:38:34:583,1.06,-0.79,3.18,0.00,0.10,-0.04,
12:38:34:584,1.06,-0.79,3.18,0.01,0.02,-0.04,
12:38:34:584,0.74,-0.45,3.22,0.01,0.02,-0.04,
12:38:34:587,0.74,-0.45,3.22,0.02,-0.07,-0.01,
12:38:34:587,0.74,-0.45,3.22,0.02,-0.07,-0.01,
12:38:34:589,0.74,-0.45,3.22,0.02,-0.15,0.02,
12:38:34:590,1.47,-1.05,2.83,0.02,-0.15,0.02,
12:38:34:592,1.47,-1.05,2.83,0.02,-0.19,0.04,
12:38:34:593,1.46,-1.05,2.83,0.02,-0.19,0.04,
12:38:34:594,1.46,-1.05,2.83,0.01,-0.15,0.05,
12:38:34:595,1.78,-1.49,2.12,0.01,-0.15,0.05,
12:38:34:597,1.78,-1.49,2.12,0.02,-0.05,0.04,
12:38:34:598,1.77,-1.49,2.12,0.02,-0.05,0.04,
12:38:34:599,1.77,-1.49,2.12,0.02,0.06,0.01,
12:38:34:600,1.27,-0.97,1.71,0.02,0.06,0.01,
12:38:34:602,1.27,-0.97,1.71,0.03,0.15,-0.02,
12:38:34:602,1.27,-0.97,1.71,0.03,0.15,-0.02,
12:38:34:604,1.27,-0.97,1.71,0.03,0.20,-0.04,
12:38:34:605,1.38,0.71,3.48,0.03,0.20,-0.04,
12:38:34:608,1.38,0.71,3.48,0.02,0.18,-0.05,
12:38:34:608,1.38,0.71,3.48,0.02,0.18,-0.05,
12:38:34:609,1.38,0.71,3.48,0.01,0.08,-0.05,
12:38:34:610,0.91,-1.17,3.68,0.01,0.08,-0.05,
12:38:34:612,0.91,-1.17,3.68,0.01,-0.08,-0.03,
12:38:34:613,0.91,-1.17,3.68,0.01,-0.08,-0.03,
12:38:34:617,0.91,-1.17,3.68,0.01,-0.21,-0.00,
12:38:34:617,0.91,-1.17,3.68,0.02,-0.24,0.02,
12:38:34:618,1.21,-0.66,2.57,0.02,-0.24,0.02,
12:38:34:618,1.21,-0.66,2.57,0.02,-0.24,0.02,
12:38:34:619,1.21,-0.66,2.57,0.01,-0.17,0.04,
12:38:34:620,1.45,-0.85,1.65,0.01,-0.17,0.04,
12:38:34:622,1.45,-0.85,1.65,0.01,-0.06,0.04,
12:38:34:623,1.45,-0.85,1.65,0.01,-0.06,0.04,
12:38:34:624,1.45,-0.85,1.65,-0.00,0.01,0.02,
12:38:34:625,2.24,-1.86,1.71,-0.00,0.01,0.02,
12:38:34:627,2.24,-1.86,1.71,-0.01,0.06,-0.00,
12:38:34:628,2.24,-1.86,1.71,-0.01,0.06,-0.00,
12:38:34:635,2.24,-1.86,1.71,-0.03,0.11,-0.03,
12:38:34:636,1.61,-1.98,2.37,-0.03,0.11,-0.03,
12:38:34:637,1.61,-1.98,2.37,-0.03,0.14,-0.06,
12:38:34:638,1.62,-1.98,2.37,-0.03,0.14,-0.06,
12:38:34:638,1.62,-1.98,2.37,-0.03,0.11,-0.07,
12:38:34:638,0.64,-1.28,2.88,-0.03,0.11,-0.07,
12:38:34:638,0.64,-1.28,2.88,-0.02,0.05,-0.06,
12:38:34:639,0.64,-1.28,2.88,-0.02,0.05,-0.06,
12:38:34:639,0.64,-1.28,2.88,-0.01,-0.01,-0.03,
12:38:34:640,0.65,-0.48,3.28,-0.01,-0.01,-0.03,
12:38:34:641,0.65,-0.48,3.28,-0.00,-0.06,-0.00,
12:38:34:642,0.65,-0.48,3.28,-0.00,-0.06,-0.00,
12:38:34:644,0.65,-0.48,3.28,-0.00,-0.08,0.02,
12:38:34:644,0.98,-0.72,3.07,-0.00,-0.08,0.02,
12:38:34:647,0.98,-0.72,3.07,-0.00,-0.09,0.04,
12:38:34:648,0.98,-0.72,3.07,-0.00,-0.09,0.04,
12:38:34:649,0.98,-0.72,3.07,0.00,-0.09,0.04,
12:38:34:650,1.11,-1.50,1.92,0.00,-0.09,0.04,
12:38:34:652,1.11,-1.50,1.92,0.01,-0.08,0.04,
12:38:34:652,1.11,-1.50,1.91,0.01,-0.08,0.04,
12:38:34:654,1.11,-1.50,1.91,0.01,-0.04,0.02,
12:38:34:655,1.49,-0.76,1.90,0.01,-0.04,0.02,
12:38:34:657,1.49,-0.76,1.90,0.01,0.03,-0.01,
12:38:34:657,1.49,-0.76,1.90,0.01,0.03,-0.01,
12:38:34:659,1.49,-0.76,1.90,0.00,0.09,-0.03,
12:38:34:660,0.92,-1.01,2.02,0.00,0.09,-0.03,
12:38:34:662,0.92,-1.01,2.02,-0.01,0.10,-0.03,
12:38:34:662,0.92,-1.01,2.02,-0.01,0.10,-0.03,
12:38:34:664,0.92,-1.01,2.02,-0.03,0.07,-0.03,
12:38:34:666,1.00,-1.85,3.02,-0.03,0.07,-0.03,
12:38:34:667,1.00,-1.85,3.02,-0.06,0.00,-0.01,
12:38:34:667,1.01,-1.85,3.02,-0.06,0.00,-0.01,
12:38:34:670,1.01,-1.85,3.02,-0.06,-0.06,0.01,
12:38:34:670,0.84,-1.16,2.85,-0.06,-0.06,0.01,
12:38:34:672,0.84,-1.16,2.85,-0.06,-0.09,0.02,
12:38:34:679,0.84,-1.16,2.85,-0.06,-0.09,0.02,
12:38:34:680,0.84,-1.16,2.85,-0.05,-0.10,0.03,
12:38:34:681,1.04,-1.59,2.25,-0.05,-0.10,0.03,
12:38:34:682,1.04,-1.59,2.25,-0.05,-0.12,0.04,
12:38:34:683,1.04,-1.59,2.25,-0.05,-0.12,0.04,
12:38:34:683,1.04,-1.59,2.25,-0.04,-0.08,0.04,
12:38:34:684,1.63,-1.32,2.26,-0.04,-0.08,0.04,
12:38:34:684,1.63,-1.32,2.26,-0.04,0.00,0.03,
12:38:34:685,1.63,-1.32,2.26,-0.04,0.00,0.03,
12:38:34:685,1.63,-1.32,2.26,-0.04,0.05,0.01,
12:38:34:686,1.49,-1.85,1.97,-0.04,0.05,0.01,
12:38:34:687,1.49,-1.85,1.97,-0.04,0.05,0.00,
12:38:34:688,1.49,-1.85,1.97,-0.04,0.05,0.00,
12:38:34:689,1.49,-1.85,1.97,-0.04,0.02,-0.01,
12:38:34:690,1.49,-1.10,2.71,-0.04,0.02,-0.01,
12:38:34:692,1.49,-1.10,2.71,-0.03,-0.01,-0.01,
12:38:34:693,1.49,-1.10,2.71,-0.03,-0.01,-0.01,
12:38:34:694,1.49,-1.10,2.71,-0.02,-0.04,-0.00,
12:38:34:695,1.48,-0.31,2.53,-0.02,-0.04,-0.00,
12:38:34:698,1.48,-0.31,2.53,-0.03,-0.03,0.01,
12:38:34:700,1.48,-0.31,2.53,-0.03,-0.03,0.01,
12:38:34:701,1.48,-0.31,2.53,-0.04,-0.02,0.02,
12:38:34:701,2.29,-0.87,3.48,-0.04,-0.02,0.02,
12:38:34:702,2.29,-0.87,3.48,-0.07,-0.02,0.03,
12:38:34:703,2.29,-0.87,3.48,-0.07,-0.02,0.03,
12:38:34:704,2.29,-0.87,3.48,-0.07,-0.02,0.02,
12:38:34:704,1.61,-1.20,2.45,-0.07,-0.02,0.02,
12:38:34:707,1.61,-1.20,2.45,-0.06,0.00,0.00,
12:38:34:707,1.61,-1.20,2.45,-0.06,0.00,0.00,
12:38:34:709,1.61,-1.20,2.45,-0.05,0.05,-0.02,
12:38:34:710,1.11,-0.24,3.01,-0.05,0.05,-0.02,
12:38:34:712,1.11,-0.24,3.01,-0.06,0.08,-0.02,
12:38:34:712,1.11,-0.24,3.01,-0.06,0.08,-0.02,
12:38:34:714,1.11,-0.24,3.01,-0.06,0.06,-0.02,
12:38:34:715,1.44,-0.66,3.99,-0.06,0.06,-0.02,
12:38:34:717,1.44,-0.66,3.99,-0.06,-0.00,-0.01,
12:38:34:717,1.44,-0.66,3.99,-0.06,-0.00,-0.01,
12:38:34:719,1.44,-0.66,3.99,-0.06,-0.08,-0.00,
12:38:34:720,1.61,-1.36,3.52,-0.06,-0.08,-0.00,
12:38:34:722,1.61,-1.36,3.52,-0.04,-0.18,0.02,
12:38:34:722,1.61,-1.36,3.52,-0.04,-0.18,0.02,
12:38:34:724,1.61,-1.36,3.52,-0.02,-0.23,0.03,
12:38:34:725,2.33,-0.43,2.36,-0.02,-0.23,0.03,
12:38:34:727,2.33,-0.43,2.36,0.00,-0.19,0.03,
12:38:34:728,2.33,-0.43,2.36,0.00,-0.19,0.03,
12:38:34:734,2.33,-0.43,2.36,0.01,-0.03,0.02,
12:38:34:735,1.59,-1.33,1.53,0.01,-0.03,0.02,
12:38:34:735,1.59,-1.33,1.53,-0.00,0.13,0.00,
12:38:34:736,1.59,-1.33,1.53,-0.00,0.13,0.00,
12:38:34:736,1.59,-1.33,1.53,-0.01,0.17,-0.02,
12:38:34:736,1.65,-2.26,2.32,-0.01,0.17,-0.02,
12:38:34:736,1.65,-2.26,2.32,-0.02,0.12,-0.03,
12:38:34:737,1.65,-2.26,2.32,-0.02,0.12,-0.03,
12:38:34:740,1.65,-2.26,2.32,-0.03,0.06,-0.04,
12:38:34:740,1.19,-1.77,2.95,-0.03,0.06,-0.04,
12:38:34:742,1.19,-1.77,2.95,-0.04,0.00,-0.03,
12:38:34:743,1.19,-1.77,2.95,-0.04,0.00,-0.03,
12:38:34:744,1.19,-1.77,2.95,-0.04,-0.02,-0.02,
12:38:34:745,0.78,0.14,3.23,-0.04,-0.02,-0.02,
12:38:34:747,0.78,0.14,3.23,-0.04,-0.01,0.00,
12:38:34:747,0.78,0.14,3.23,-0.04,-0.01,0.00,
12:38:34:749,0.78,0.14,3.23,-0.04,-0.02,0.03,
12:38:34:751,1.00,-1.22,2.93,-0.04,-0.02,0.03,
12:38:34:752,1.00,-1.22,2.93,-0.05,-0.08,0.04,
12:38:34:753,1.00,-1.22,2.93,-0.05,-0.08,0.04,
12:38:34:754,1.00,-1.22,2.93,-0.06,-0.12,0.05,
12:38:34:755,1.46,-2.60,2.76,-0.06,-0.12,0.05,
12:38:34:757,1.46,-2.60,2.76,-0.06,-0.09,0.04,
12:38:34:757,1.46,-2.60,2.76,-0.06,-0.09,0.04,
12:38:34:759,1.46,-2.60,2.76,-0.06,-0.02,0.02,
12:38:34:760,1.72,-1.11,3.05,-0.06,-0.02,0.02,
12:38:34:762,1.72,-1.11,3.05,-0.05,0.04,0.00,
12:38:34:762,1.72,-1.11,3.04,-0.05,0.04,0.00,
12:38:34:765,1.72,-1.11,3.04,-0.03,0.05,-0.01,
12:38:34:766,1.92,-0.02,3.26,-0.03,0.05,-0.01,
12:38:34:769,1.92,-0.02,3.26,-0.02,0.00,-0.01,
12:38:34:770,1.92,-0.02,3.26,-0.02,0.00,-0.01,
12:38:34:771,1.92,-0.02,3.26,-0.01,-0.07,-0.00,
12:38:34:772,2.37,-0.70,3.34,-0.01,-0.07,-0.00,
12:38:34:773,2.37,-0.70,3.34,-0.00,-0.09,0.00,
12:38:34:774,2.37,-0.70,3.34,-0.00,-0.09,0.00,
12:38:34:775,2.37,-0.70,3.34,0.00,-0.02,0.00,
12:38:34:776,1.27,-0.84,2.43,0.00,-0.02,0.00,
12:38:34:777,1.27,-0.84,2.43,0.01,0.03,-0.00,
12:38:34:778,1.27,-0.84,2.43,0.01,0.03,-0.00,
12:38:34:780,1.27,-0.84,2.43,0.01,0.02,-0.00,
12:38:34:781,2.03,0.48,3.15,0.01,0.02,-0.00,
12:38:34:782,2.03,0.48,3.15,0.02,0.04,-0.01,
12:38:34:783,2.03,0.48,3.15,0.02,0.04,-0.01,
12:38:34:784,2.03,0.48,3.15,0.01,0.10,-0.02,
12:38:34:785,0.93,0.06,3.11,0.01,0.10,-0.02,
12:38:34:787,0.93,0.06,3.11,-0.01,0.10,-0.02,
12:38:34:788,0.93,0.06,3.11,-0.01,0.10,-0.02,
12:38:34:789,0.93,0.06,3.11,-0.02,-0.03,-0.01,
12:38:34:790,2.36,-0.63,3.89,-0.02,-0.03,-0.01,
12:38:34:792,2.36,-0.63,3.89,-0.03,-0.20,0.00,
12:38:34:794,2.36,-0.63,3.89,-0.03,-0.20,0.00,
12:38:34:795,2.36,-0.63,3.89,-0.03,-0.28,0.01,
12:38:34:796,2.19,-1.83,2.21,-0.03,-0.28,0.01,
12:38:34:798,2.19,-1.83,2.21,-0.03,-0.21,0.02,
12:38:34:804,2.19,-1.83,2.21,-0.03,-0.21,0.02,
12:38:34:805,2.19,-1.83,2.21,-0.03,-0.02,0.01,
12:38:34:806,1.23,-1.26,1.73,-0.03,-0.02,0.01,
12:38:34:806,1.23,-1.26,1.73,-0.02,0.12,0.00,
12:38:34:807,1.23,-1.26,1.73,-0.02,0.12,0.00,
12:38:34:807,1.23,-1.26,1.73,-0.02,0.14,-0.01,
12:38:34:808,1.87,-1.18,3.09,-0.02,0.14,-0.01,
12:38:34:808,1.87,-1.18,3.09,-0.01,0.12,-0.02,
12:38:34:809,1.87,-1.18,3.09,-0.01,0.12,-0.02,
12:38:34:810,1.87,-1.18,3.09,-0.01,0.10,-0.03,
12:38:34:810,0.89,-1.41,3.69,-0.01,0.10,-0.03,
12:38:34:812,0.89,-1.41,3.69,-0.01,0.05,-0.03,
12:38:34:813,0.89,-1.41,3.69,-0.01,0.05,-0.03,
12:38:34:815,0.89,-1.41,3.69,-0.00,-0.06,-0.01,
12:38:34:816,1.53,-0.01,4.48,-0.00,-0.06,-0.01,
12:38:34:820,1.53,-0.01,4.48,0.02,-0.18,0.02,
12:38:34:820,1.53,-0.01,4.48,0.02,-0.18,0.02,
12:38:34:821,1.53,-0.01,4.48,0.03,-0.24,0.04,
12:38:34:822,1.81,-0.35,2.83,0.03,-0.24,0.04,
12:38:34:822,1.81,-0.35,2.83,0.03,-0.18,0.05,
12:38:34:823,1.81,-0.35,2.83,0.03,-0.18,0.05,
12:38:34:825,1.81,-0.35,2.83,0.03,-0.05,0.05,
12:38:34:825,2.41,-0.32,2.79,0.03,-0.05,0.05,
12:38:34:828,2.41,-0.32,2.79,0.03,0.02,0.03,
12:38:34:828,2.41,-0.32,2.79,0.03,0.02,0.03,
12:38:34:836,2.41,-0.32,2.79,0.03,0.06,-0.00,
12:38:34:837,1.69,-0.63,2.50,0.03,0.06,-0.00,
12:38:34:838,1.69,-0.63,2.50,0.03,0.11,-0.03,
12:38:34:838,1.69,-0.63,2.50,0.03,0.11,-0.03,
12:38:34:839,1.69,-0.63,2.50,0.03,0.13,-0.05,
12:38:34:840,1.28,0.22,3.48,0.03,0.13,-0.05,
12:38:34:841,1.28,0.22,3.48,0.02,0.11,-0.05,
12:38:34:842,1.28,0.22,3.48,0.02,0.11,-0.05,
12:38:34:843,1.28,0.22,3.48,0.02,0.03,-0.04,
12:38:34:844,1.11,0.37,4.13,0.02,0.03,-0.04,
12:38:34:844,1.11,0.37,4.13,0.02,-0.09,-0.01,
12:38:34:844,1.11,0.37,4.13,0.02,-0.09,-0.01,
12:38:34:844,1.11,0.37,4.13,0.02,-0.22,0.03,
12:38:34:845,1.68,-0.96,3.02,0.02,-0.22,0.03,
12:38:34:847,1.68,-0.96,3.02,0.02,-0.27,0.05,
12:38:34:847,1.67,-0.96,3.02,0.02,-0.27,0.05,
12:38:34:850,1.67,-0.96,3.02,0.02,-0.23,0.06,
12:38:34:850,2.31,-1.07,2.14,0.02,-0.23,0.06,
12:38:34:852,2.31,-1.07,2.14,0.02,-0.12,0.05,
12:38:34:852,2.31,-1.07,2.14,0.02,-0.12,0.05,
12:38:34:854,2.31,-1.07,2.14,0.03,0.01,0.03,
12:38:34:855,2.23,-0.73,2.01,0.03,0.01,0.03,
12:38:34:857,2.23,-0.73,2.01,0.03,0.13,-0.01,
12:38:34:858,2.23,-0.73,2.01,0.03,0.13,-0.01,
12:38:34:859,2.23,-0.73,2.01,0.03,0.20,-0.04,
12:38:34:860,2.12,-0.73,3.75,0.03,0.20,-0.04,
12:38:34:863,2.12,-0.73,3.75,0.02,0.17,-0.06,
12:38:34:863,2.12,-0.73,3.76,0.02,0.17,-0.06,
12:38:34:864,2.12,-0.73,3.76,0.03,0.08,-0.07,
12:38:34:865,0.90,-0.46,3.74,0.03,0.08,-0.07,
12:38:34:867,0.90,-0.46,3.74,0.04,-0.01,-0.06,
12:38:34:868,0.90,-0.46,3.74,0.04,-0.01,-0.06,
12:38:34:869,0.90,-0.46,3.74,0.05,-0.12,-0.03,
12:38:34:870,1.27,-0.01,3.94,0.05,-0.12,-0.03,
12:38:34:872,1.27,-0.01,3.94,0.05,-0.23,0.02,
12:38:34:872,1.27,-0.01,3.94,0.05,-0.23,0.02,
12:38:34:874,1.27,-0.01,3.94,0.06,-0.30,0.05,
12:38:34:875,2.27,-0.96,2.15,0.06,-0.30,0.05,
12:38:34:877,2.27,-0.96,2.15,0.06,-0.26,0.06,
12:38:34:878,2.27,-0.96,2.15,0.06,-0.26,0.06,
12:38:34:879,2.27,-0.96,2.15,0.04,-0.09,0.05,
12:38:34:880,2.32,-0.71,1.98,0.04,-0.09,0.05,
12:38:34:882,2.32,-0.71,1.98,0.04,0.10,0.02,
12:38:34:883,2.32,-0.71,1.98,0.04,0.10,0.02,
12:38:34:884,2.32,-0.71,1.98,0.03,0.19,-0.02,
12:38:34:885,2.00,-0.88,2.54,0.03,0.19,-0.02,
12:38:34:887,2.00,-0.88,2.54,0.04,0.17,-0.05,
12:38:34:888,2.00,-0.88,2.54,0.04,0.17,-0.05,
12:38:34:890,2.00,-0.88,2.54,0.05,0.09,-0.06,
12:38:34:890,1.27,0.07,3.32,0.05,0.09,-0.06,
12:38:34:892,1.27,0.07,3.32,0.05,0.02,-0.06,
12:38:34:893,1.27,0.07,3.32,0.05,0.02,-0.06,
12:38:34:894,1.27,0.07,3.32,0.05,-0.03,-0.04,
12:38:34:895,1.20,-0.19,3.95,0.05,-0.03,-0.04,
12:38:34:897,1.20,-0.19,3.95,0.03,-0.12,0.00,
12:38:34:898,1.20,-0.19,3.95,0.03,-0.12,0.00,
12:38:34:899,1.20,-0.19,3.95,0.03,-0.22,0.03,
12:38:34:900,1.96,-1.35,2.71,0.03,-0.22,0.03,
12:38:34:902,1.96,-1.35,2.71,0.04,-0.29,0.05,
12:38:34:902,1.96,-1.35,2.71,0.04,-0.29,0.05,
12:38:34:904,1.96,-1.35,2.71,0.05,-0.26,0.05,
12:38:34:905,2.50,-0.84,1.78,0.05,-0.26,0.05,
12:38:34:907,2.50,-0.84,1.78,0.05,-0.07,0.03,
12:38:34:908,2.50,-0.84,1.78,0.05,-0.07,0.03,
12:38:34:909,2.50,-0.84,1.78,0.05,0.15,0.00,
12:38:34:910,2.06,-0.31,2.26,0.05,0.15,0.00,
12:38:34:913,2.06,-0.31,2.26,0.05,0.23,-0.03,
12:38:34:914,2.07,-0.31,2.26,0.05,0.23,-0.03,
12:38:34:914,2.07,-0.31,2.26,0.05,0.21,-0.05,
12:38:34:915,1.54,-0.87,3.58,0.05,0.21,-0.05,
12:38:34:917,1.54,-0.87,3.58,0.05,0.09,-0.06,
12:38:34:917,1.54,-0.87,3.59,0.05,0.09,-0.06,
12:38:34:919,1.54,-0.87,3.59,0.05,-0.07,-0.04,
12:38:34:920,1.64,-0.44,3.79,0.05,-0.07,-0.04,
12:38:34:922,1.64,-0.44,3.79,0.06,-0.18,-0.02,
12:38:34:928,1.63,-0.44,3.79,0.06,-0.18,-0.02,
12:38:34:929,1.63,-0.44,3.79,0.06,-0.22,0.01,
12:38:34:930,0.97,-0.87,2.16,0.06,-0.22,0.01,
12:38:34:930,0.97,-0.87,2.16,0.07,-0.21,0.03,
12:38:34:931,0.96,-0.87,2.16,0.07,-0.21,0.03,
12:38:34:932,0.96,-0.87,2.16,0.07,-0.15,0.04,
12:38:34:932,2.24,-1.09,2.02,0.07,-0.15,0.04,
12:38:34:933,2.24,-1.09,2.02,0.05,-0.04,0.03,
12:38:34:934,2.24,-1.09,2.03,0.05,-0.04,0.03,
12:38:34:935,2.24,-1.09,2.03,0.04,0.06,0.01,
12:38:34:936,2.43,-1.16,2.18,0.04,0.06,0.01,
12:38:34:937,2.43,-1.16,2.18,0.04,0.09,-0.02,
12:38:34:937,2.43,-1.16,2.18,0.04,0.09,-0.02,
12:38:34:939,2.43,-1.16,2.18,0.04,0.05,-0.05,
12:38:34:940,2.15,-0.76,2.79,0.04,0.05,-0.05,
12:38:34:942,2.15,-0.76,2.79,0.04,-0.00,-0.06,
12:38:34:942,2.15,-0.76,2.79,0.04,-0.00,-0.06,
12:38:34:944,2.15,-0.76,2.79,0.04,-0.02,-0.05,
12:38:34:945,1.93,0.98,3.43,0.04,-0.02,-0.05,
12:38:34:950,1.93,0.98,3.43,0.04,0.02,-0.05,
12:38:34:951,1.94,0.98,3.43,0.04,0.02,-0.05,
12:38:34:951,1.94,0.98,3.43,0.04,0.07,-0.03,
12:38:34:952,0.63,-0.12,2.97,0.04,0.07,-0.03,
12:38:34:952,0.63,-0.12,2.97,0.04,0.02,-0.02,
12:38:34:952,0.63,-0.12,2.97,0.04,0.02,-0.02,
12:38:34:954,0.63,-0.12,2.97,0.03,-0.13,0.00,
12:38:34:955,2.52,-0.82,3.36,0.03,-0.13,0.00,
12:38:34:957,2.52,-0.82,3.36,0.04,-0.24,0.01,
12:38:34:957,2.52,-0.82,3.36,0.04,-0.24,0.01,
12:38:34:959,2.52,-0.82,3.36,0.05,-0.20,0.01,
12:38:34:960,1.92,0.46,2.06,0.05,-0.20,0.01,
12:38:34:962,1.92,0.46,2.06,0.06,-0.05,-0.01,
12:38:34:963,1.92,0.46,2.06,0.06,-0.05,-0.01,
12:38:34:964,1.92,0.46,2.06,0.06,0.03,-0.02,
12:38:34:966,2.21,-0.64,1.89,0.06,0.03,-0.02,
12:38:34:967,2.21,-0.64,1.89,0.06,0.03,-0.02,
12:38:34:968,2.21,-0.64,1.89,0.06,0.03,-0.02,
12:38:34:970,2.21,-0.64,1.89,0.05,-0.01,-0.03,
12:38:34:970,2.67,-1.24,2.37,0.05,-0.01,-0.03,
12:38:34:972,2.67,-1.24,2.37,0.05,-0.02,-0.04,
12:38:34:972,2.67,-1.24,2.37,0.05,-0.02,-0.04,
12:38:34:974,2.67,-1.24,2.37,0.05,0.01,-0.05,
12:38:34:975,1.49,-0.51,2.19,0.05,0.01,-0.05,
12:38:34:977,1.49,-0.51,2.19,0.04,0.07,-0.06,
12:38:34:977,1.49,-0.51,2.19,0.04,0.07,-0.06,
12:38:34:979,1.49,-0.51,2.19,0.03,0.10,-0.06,
12:38:34:980,1.71,0.50,3.82,0.03,0.10,-0.06,
12:38:34:982,1.71,0.50,3.82,0.02,0.07,-0.04,
12:38:34:983,1.71,0.50,3.82,0.02,0.07,-0.04,
12:38:34:984,1.71,0.50,3.82,0.02,-0.01,-0.02,
12:38:34:985,1.71,-0.48,3.33,0.02,-0.01,-0.02,
12:38:34:987,1.71,-0.48,3.33,0.03,-0.17,-0.00,
12:38:34:988,1.71,-0.48,3.33,0.03,-0.17,-0.00,
12:38:34:989,1.71,-0.48,3.33,0.03,-0.32,0.01,
12:38:34:990,2.80,-2.36,2.22,0.03,-0.32,0.01,
12:38:34:992,2.80,-2.36,2.22,0.03,-0.35,0.01,
12:38:34:993,2.80,-2.36,2.22,0.03,-0.35,0.01,
12:38:34:994,2.80,-2.36,2.22,0.03,-0.21,0.00,
12:38:34:995,2.02,-1.08,1.26,0.03,-0.21,0.00,
12:38:34:997,2.02,-1.08,1.26,0.05,0.07,-0.01,
12:38:34:999,2.02,-1.08,1.26,0.05,0.07,-0.01,
12:38:35:000,2.02,-1.08,1.26,0.06,0.31,-0.02,
12:38:35:001,0.62,0.64,1.94,0.06,0.31,-0.02,
12:38:35:002,0.62,0.64,1.94,0.06,0.41,-0.03,
12:38:35:003,0.62,0.64,1.94,0.06,0.41,-0.03,
12:38:35:004,0.62,0.64,1.94,0.06,0.28,-0.03,
12:38:35:005,1.45,-1.11,4.22,0.06,0.28,-0.03,
12:38:35:008,1.45,-1.11,4.22,0.06,0.01,-0.03,
12:38:35:008,1.46,-1.11,4.22,0.06,0.01,-0.03,
12:38:35:010,1.46,-1.11,4.22,0.07,-0.24,-0.02,
12:38:35:010,1.61,-1.41,2.79,0.07,-0.24,-0.02,
12:38:35:013,1.61,-1.41,2.79,0.07,-0.37,-0.00,
12:38:35:014,1.60,-1.41,2.79,0.07,-0.37,-0.00,
12:38:35:014,1.60,-1.41,2.79,0.07,-0.35,0.01,
12:38:35:015,1.85,0.01,2.26,0.07,-0.35,0.01,
12:38:35:017,1.85,0.01,2.26,0.06,-0.21,0.02,
12:38:35:018,1.85,0.01,2.26,0.06,-0.21,0.02,
12:38:35:019,1.85,0.01,2.26,0.06,-0.05,0.02,
12:38:35:020,2.14,-0.77,1.26,0.06,-0.05,0.02,
12:38:35:022,2.14,-0.77,1.26,0.04,0.08,0.01,
12:38:35:023,2.14,-0.77,1.26,0.04,0.08,0.01,
12:38:35:025,2.14,-0.77,1.26,0.02,0.16,-0.01,
12:38:35:025,2.04,-1.00,2.42,0.02,0.16,-0.01,
12:38:35:027,2.04,-1.00,2.42,0.01,0.16,-0.04,
12:38:35:028,2.04,-1.00,2.42,0.01,0.16,-0.04,
12:38:35:030,2.04,-1.00,2.42,0.00,0.08,-0.06,
12:38:35:031,1.92,-0.14,3.38,0.00,0.08,-0.06,
12:38:35:032,1.92,-0.14,3.38,0.01,-0.03,-0.05,
12:38:35:032,1.92,-0.14,3.38,0.01,-0.03,-0.05,
12:38:35:035,1.92,-0.14,3.38,0.02,-0.12,-0.04,
12:38:35:035,1.43,0.27,2.85,0.02,-0.12,-0.04,
12:38:35:037,1.43,0.27,2.85,0.03,-0.16,-0.01,
12:38:35:037,1.43,0.27,2.85,0.03,-0.16,-0.01,
12:38:35:039,1.43,0.27,2.85,0.04,-0.16,0.01,
12:38:35:040,1.45,-0.93,1.90,0.04,-0.16,0.01,
12:38:35:042,1.45,-0.93,1.90,0.04,-0.14,0.03,
12:38:35:042,1.45,-0.93,1.90,0.04,-0.14,0.03,
12:38:35:044,1.45,-0.93,1.90,0.03,-0.09,0.04,
12:38:35:045,2.72,-0.84,2.31,0.03,-0.09,0.04,
12:38:35:051,2.72,-0.84,2.31,0.02,-0.02,0.02,
12:38:35:055,2.72,-0.84,2.31,0.02,-0.02,0.02,
12:38:35:056,2.72,-0.84,2.31,0.01,0.02,-0.00,
12:38:35:056,2.56,-0.84,2.39,0.01,0.02,-0.00,
12:38:35:056,2.56,-0.84,2.39,0.02,0.02,-0.03,
12:38:35:057,2.56,-0.84,2.39,0.02,0.02,-0.03,
12:38:35:057,2.56,-0.84,2.39,0.02,-0.01,-0.04,
12:38:35:057,2.01,-1.46,2.19,0.02,-0.01,-0.04,
12:38:35:057,2.01,-1.46,2.19,0.02,-0.05,-0.04,
12:38:35:058,2.01,-1.46,2.19,0.02,-0.05,-0.04,
12:38:35:059,2.01,-1.46,2.19,0.02,-0.05,-0.03,
12:38:35:060,1.59,-0.31,2.46,0.02,-0.05,-0.03,
12:38:35:062,1.59,-0.31,2.46,0.03,0.01,-0.03,
12:38:35:063,1.59,-0.31,2.46,0.03,0.01,-0.03,
12:38:35:064,1.59,-0.31,2.46,0.03,0.02,-0.01,
12:38:35:065,1.17,-1.40,2.19,0.03,0.02,-0.01,
12:38:35:067,1.17,-1.40,2.19,0.02,-0.06,0.01,
12:38:35:068,1.17,-1.40,2.19,0.02,-0.06,0.01,
12:38:35:070,1.17,-1.40,2.19,0.02,-0.15,0.03,
12:38:35:070,2.67,-0.97,2.72,0.02,-0.15,0.03,
12:38:35:072,2.67,-0.97,2.72,0.02,-0.19,0.03,
12:38:35:072,2.67,-0.97,2.72,0.02,-0.19,0.03,
12:38:35:075,2.67,-0.97,2.72,0.02,-0.14,0.03,
12:38:35:075,1.91,-1.18,1.54,0.02,-0.14,0.03,
12:38:35:077,1.91,-1.18,1.54,0.01,-0.04,0.02,
12:38:35:077,1.91,-1.18,1.54,0.01,-0.04,0.02,
12:38:35:080,1.91,-1.18,1.54,0.01,0.01,0.00,
12:38:35:080,2.25,-1.32,1.89,0.01,0.01,0.00,
12:38:35:082,2.25,-1.32,1.89,0.02,-0.01,-0.01,
12:38:35:083,2.25,-1.32,1.89,0.02,-0.01,-0.01,
12:38:35:084,2.25,-1.32,1.89,0.02,-0.01,-0.02,
12:38:35:085,1.78,-0.50,2.06,0.02,-0.01,-0.02,
12:38:35:087,1.78,-0.50,2.06,0.02,0.06,-0.03,
12:38:35:088,1.78,-0.50,2.06,0.02,0.06,-0.03,
12:38:35:090,1.78,-0.50,2.06,-0.01,0.13,-0.03,
12:38:35:090,1.71,-0.61,3.47,-0.01,0.13,-0.03,
12:38:35:092,1.71,-0.61,3.47,-0.03,0.07,-0.02,
12:38:35:093,1.71,-0.61,3.47,-0.03,0.07,-0.02,
12:38:35:094,1.71,-0.61,3.47,-0.03,-0.11,-0.01,
12:38:35:095,2.26,-1.37,3.06,-0.03,-0.11,-0.01,
12:38:35:098,2.26,-1.37,3.06,-0.02,-0.26,0.01,
12:38:35:099,2.26,-1.37,3.06,-0.02,-0.26,0.01,
12:38:35:100,2.26,-1.37,3.06,-0.02,-0.30,0.03,
12:38:35:101,2.40,-1.14,2.01,-0.02,-0.30,0.03,
12:38:35:102,2.40,-1.14,2.01,-0.01,-0.20,0.03,
12:38:35:103,2.40,-1.14,2.01,-0.01,-0.20,0.03,
12:38:35:104,2.40,-1.14,2.01,-0.00,-0.04,0.02,
12:38:35:105,2.18,0.03,1.86,-0.00,-0.04,0.02,
12:38:35:107,2.18,0.03,1.86,0.01,0.08,0.01,
12:38:35:108,2.18,0.03,1.86,0.01,0.08,0.01,
12:38:35:109,2.18,0.03,1.86,0.01,0.15,-0.01,
12:38:35:110,1.87,-0.25,2.52,0.01,0.15,-0.01,
12:38:35:113,1.87,-0.25,2.52,0.01,0.17,-0.03,
12:38:35:114,1.87,-0.25,2.52,0.01,0.17,-0.03,
12:38:35:115,1.87,-0.25,2.52,0.00,0.13,-0.04,
12:38:35:116,1.63,1.04,3.89,0.00,0.13,-0.04,
12:38:35:118,1.63,1.04,3.89,0.01,0.03,-0.04,
12:38:35:119,1.63,1.04,3.89,0.01,0.03,-0.04,
12:38:35:119,1.63,1.04,3.89,0.02,-0.09,-0.02,
12:38:35:120,1.29,0.70,3.29,0.02,-0.09,-0.02,
12:38:35:122,1.29,0.70,3.29,0.02,-0.21,0.01,
12:38:35:123,1.29,0.70,3.29,0.02,-0.21,0.01,
12:38:35:125,1.29,0.70,3.29,0.01,-0.28,0.04,
12:38:35:125,2.30,-1.27,2.42,0.01,-0.28,0.04,
12:38:35:127,2.30,-1.27,2.42,0.01,-0.31,0.05,
12:38:35:128,2.29,-1.27,2.42,0.01,-0.31,0.05,
12:38:35:130,2.29,-1.27,2.42,-0.00,-0.28,0.05,
12:38:35:131,2.45,-2.65,0.80,-0.00,-0.28,0.05,
12:38:35:133,2.45,-2.65,0.80,-0.01,-0.17,0.04,
12:38:35:134,2.45,-2.65,0.80,-0.01,-0.17,0.04,
12:38:35:135,2.45,-2.65,0.80,-0.02,0.01,0.02,
12:38:35:136,2.51,-1.34,1.55,-0.02,0.01,0.02,
12:38:35:137,2.51,-1.34,1.55,-0.03,0.15,-0.01,
12:38:35:137,2.51,-1.34,1.55,-0.03,0.15,-0.01,
12:38:35:139,2.51,-1.34,1.55,-0.02,0.22,-0.02,
12:38:35:140,1.49,0.21,2.54,-0.02,0.22,-0.02,
12:38:35:142,1.49,0.21,2.54,-0.01,0.23,-0.03,
12:38:35:142,1.49,0.21,2.54,-0.01,0.23,-0.03,
12:38:35:144,1.49,0.21,2.54,-0.01,0.15,-0.03,
12:38:35:145,0.97,-1.00,3.47,-0.01,0.15,-0.03,
12:38:35:152,0.97,-1.00,3.47,-0.02,-0.04,-0.01,
12:38:35:153,0.97,-1.00,3.47,-0.02,-0.04,-0.01,
12:38:35:154,0.97,-1.00,3.47,-0.02,-0.25,0.02,
12:38:35:154,2.32,-0.91,3.49,-0.02,-0.25,0.02,
12:38:35:155,2.32,-0.91,3.49,-0.02,-0.38,0.04,
12:38:35:156,2.32,-0.91,3.49,-0.02,-0.38,0.04,
12:38:35:158,2.32,-0.91,3.49,-0.01,-0.39,0.06,
12:38:35:159,2.75,-0.16,1.97,-0.01,-0.39,0.06,
12:38:35:160,2.75,-0.16,1.97,-0.00,-0.24,0.06,
12:38:35:160,2.75,-0.16,1.97,-0.00,-0.24,0.06,
12:38:35:161,2.75,-0.16,1.97,-0.00,-0.01,0.04,
12:38:35:161,2.21,-0.39,1.54,-0.00,-0.01,0.04,
12:38:35:162,2.21,-0.39,1.54,-0.00,0.14,0.01,
12:38:35:162,2.21,-0.39,1.54,-0.00,0.14,0.01,
12:38:35:165,2.21,-0.39,1.54,0.00,0.19,-0.01,
12:38:35:166,1.56,-1.07,2.43,0.00,0.19,-0.01,
12:38:35:167,1.56,-1.07,2.43,-0.00,0.19,-0.03,
12:38:35:168,1.56,-1.07,2.43,-0.00,0.19,-0.03,
12:38:35:169,1.56,-1.07,2.43,-0.02,0.15,-0.03,
12:38:35:170,0.90,-0.68,4.20,-0.02,0.15,-0.03,
12:38:35:172,0.90,-0.68,4.20,-0.02,0.02,-0.01,
12:38:35:177,0.90,-0.67,4.20,-0.02,0.02,-0.01,
12:38:35:178,0.90,-0.67,4.20,-0.01,-0.20,0.02,
12:38:35:179,1.71,-0.88,3.10,-0.01,-0.20,0.02,
12:38:35:179,1.71,-0.88,3.10,0.01,-0.38,0.05,
12:38:35:179,1.71,-0.88,3.09,0.01,-0.38,0.05,
12:38:35:180,1.71,-0.88,3.09,0.01,-0.46,0.06,
12:38:35:180,3.59,-1.37,2.32,0.01,-0.46,0.06,
12:38:35:182,3.59,-1.37,2.32,0.00,-0.39,0.06,
12:38:35:183,3.58,-1.37,2.32,0.00,-0.39,0.06,
12:38:35:184,3.58,-1.37,2.32,-0.01,-0.14,0.05,
12:38:35:185,2.26,-1.29,0.93,-0.01,-0.14,0.05,
12:38:35:187,2.26,-1.29,0.93,-0.01,0.10,0.03,
12:38:35:187,2.26,-1.29,0.93,-0.01,0.10,0.03,
12:38:35:189,2.26,-1.29,0.93,0.01,0.24,0.00,
12:38:35:190,1.85,-0.19,1.99,0.01,0.24,0.00,
12:38:35:192,1.85,-0.19,1.99,0.01,0.28,-0.01,
12:38:35:192,1.85,-0.19,1.99,0.01,0.28,-0.01,
12:38:35:195,1.85,-0.19,1.99,0.01,0.21,-0.03,
12:38:35:195,1.92,0.39,4.12,0.01,0.21,-0.03,
12:38:35:197,1.92,0.39,4.12,-0.00,0.07,-0.03,
12:38:35:198,1.93,0.39,4.12,-0.00,0.07,-0.03,
12:38:35:200,1.93,0.39,4.12,-0.00,-0.10,-0.01,
12:38:35:201,1.54,-0.61,3.53,-0.00,-0.10,-0.01,
12:38:35:202,1.54,-0.61,3.53,0.01,-0.27,0.02,
12:38:35:202,1.54,-0.61,3.53,0.01,-0.27,0.02,
12:38:35:204,1.54,-0.61,3.53,0.02,-0.38,0.04,
12:38:35:205,2.44,-0.78,2.03,0.02,-0.38,0.04,
12:38:35:207,2.44,-0.78,2.03,0.03,-0.41,0.06,
12:38:35:208,2.44,-0.79,2.03,0.03,-0.41,0.06,
12:38:35:209,2.44,-0.79,2.03,0.02,-0.32,0.06,
12:38:35:210,3.73,-1.07,1.21,0.02,-0.32,0.06,
12:38:35:212,3.73,-1.07,1.21,0.01,-0.13,0.04,
12:38:35:213,3.73,-1.07,1.21,0.01,-0.13,0.04,
12:38:35:215,3.73,-1.07,1.21,-0.01,0.11,0.01,
12:38:35:216,2.45,-1.44,1.21,-0.01,0.11,0.01,
12:38:35:217,2.45,-1.44,1.21,-0.02,0.25,-0.03,
12:38:35:217,2.45,-1.44,1.21,-0.02,0.25,-0.03,
12:38:35:219,2.45,-1.44,1.21,-0.02,0.21,-0.05,
12:38:35:220,2.59,-1.64,2.68,-0.02,0.21,-0.05,
12:38:35:222,2.59,-1.64,2.68,-0.02,0.07,-0.05,
12:38:35:223,2.59,-1.64,2.68,-0.02,0.07,-0.05,
12:38:35:225,2.59,-1.64,2.68,-0.01,-0.06,-0.05,
12:38:35:225,1.54,-0.68,2.45,-0.01,-0.06,-0.05,
12:38:35:228,1.54,-0.68,2.45,0.01,-0.11,-0.03,
12:38:35:228,1.54,-0.68,2.45,0.01,-0.11,-0.03,
12:38:35:230,1.54,-0.68,2.45,0.01,-0.12,-0.01,
12:38:35:232,1.24,-0.51,2.37,0.01,-0.12,-0.01,
12:38:35:233,1.24,-0.51,2.37,0.01,-0.14,0.03,
12:38:35:234,1.24,-0.51,2.37,0.01,-0.14,0.03,
12:38:35:235,1.24,-0.51,2.37,-0.01,-0.15,0.05,
12:38:35:235,2.50,-1.51,2.18,-0.01,-0.15,0.05,
12:38:35:237,2.50,-1.51,2.18,-0.02,-0.18,0.06,
12:38:35:238,2.50,-1.51,2.18,-0.02,-0.18,0.06,
12:38:35:239,2.50,-1.51,2.18,-0.02,-0.20,0.06,
12:38:35:240,3.33,-1.81,1.63,-0.02,-0.20,0.06,
12:38:35:242,3.33,-1.81,1.63,-0.03,-0.15,0.04,
12:38:35:243,3.33,-1.81,1.63,-0.03,-0.15,0.04,
12:38:35:244,3.33,-1.81,1.63,-0.03,-0.03,0.00,
12:38:35:245,1.95,-1.64,1.14,-0.03,-0.03,0.00,
12:38:35:252,1.95,-1.64,1.14,-0.02,0.10,-0.02,
12:38:35:252,1.95,-1.64,1.14,-0.02,0.10,-0.02,
12:38:35:253,1.95,-1.64,1.14,-0.02,0.18,-0.03,
12:38:35:253,1.10,-0.70,2.07,-0.02,0.18,-0.03,
12:38:35:254,1.10,-0.70,2.07,-0.02,0.16,-0.03,
12:38:35:254,1.10,-0.70,2.07,-0.02,0.16,-0.03,
12:38:35:254,1.10,-0.70,2.07,-0.03,0.03,-0.02,
12:38:35:255,2.38,-1.66,3.54,-0.03,0.03,-0.02,
12:38:35:257,2.38,-1.66,3.54,-0.03,-0.16,0.00,
12:38:35:258,2.38,-1.66,3.53,-0.03,-0.16,0.00,
12:38:35:260,2.38,-1.66,3.53,-0.03,-0.29,0.01,
12:38:35:260,2.72,-1.38,2.53,-0.03,-0.29,0.01,
12:38:35:262,2.72,-1.38,2.53,-0.03,-0.29,0.03,
12:38:35:263,2.72,-1.38,2.52,-0.03,-0.29,0.03,
12:38:35:265,2.72,-1.38,2.52,-0.03,-0.18,0.03,
12:38:35:265,2.39,-0.97,1.79,-0.03,-0.18,0.03,
12:38:35:269,2.39,-0.97,1.79,-0.03,-0.07,0.02,
12:38:35:269,2.39,-0.97,1.79,-0.03,-0.07,0.02,
12:38:35:270,2.39,-0.97,1.79,-0.02,0.00,0.01,
12:38:35:271,2.51,-1.83,1.55,-0.02,0.00,0.01,
12:38:35:272,2.51,-1.83,1.55,-0.02,0.05,-0.01,
12:38:35:273,2.51,-1.83,1.55,-0.02,0.05,-0.01,
12:38:35:274,2.51,-1.83,1.55,-0.01,0.08,-0.03,
12:38:35:275,2.09,-0.99,2.26,-0.01,0.08,-0.03,
12:38:35:277,2.09,-0.99,2.26,-0.01,0.08,-0.05,
12:38:35:277,2.09,-0.99,2.26,-0.01,0.08,-0.05,
12:38:35:280,2.09,-0.99,2.26,-0.00,0.06,-0.05,
12:38:35:281,1.72,0.08,2.94,-0.00,0.06,-0.05,
12:38:35:282,1.72,0.08,2.94,-0.00,-0.01,-0.04,
12:38:35:283,1.72,0.08,2.94,-0.00,-0.01,-0.04,
12:38:35:284,1.72,0.08,2.94,0.01,-0.13,-0.01,
12:38:35:285,2.00,-1.19,1.89,0.01,-0.13,-0.01,
12:38:35:287,2.00,-1.19,1.89,0.01,-0.23,0.01,
12:38:35:288,2.00,-1.19,1.89,0.01,-0.23,0.01,
12:38:35:289,2.00,-1.19,1.89,0.01,-0.27,0.02,
12:38:35:290,2.95,-1.12,1.47,0.01,-0.27,0.02,
12:38:35:292,2.95,-1.12,1.47,-0.00,-0.22,0.02,
12:38:35:293,2.95,-1.12,1.47,-0.00,-0.22,0.02,
12:38:35:295,2.95,-1.12,1.47,-0.01,-0.10,0.01,
12:38:35:296,2.69,-1.03,0.64,-0.01,-0.10,0.01,
12:38:35:297,2.69,-1.03,0.64,-0.01,0.00,-0.01,
12:38:35:302,2.69,-1.03,0.64,-0.01,0.00,-0.01,
12:38:35:303,2.69,-1.03,0.64,-0.03,0.06,-0.03,
12:38:35:303,2.69,-1.98,1.25,-0.03,0.06,-0.03,
12:38:35:303,2.69,-1.98,1.25,-0.05,0.11,-0.05,
12:38:35:303,2.69,-1.98,1.25,-0.05,0.11,-0.05,
12:38:35:305,2.69,-1.98,1.25,-0.09,0.13,-0.06,
12:38:35:306,2.27,-1.83,2.87,-0.09,0.13,-0.06,
12:38:35:307,2.27,-1.83,2.87,-0.10,0.09,-0.07,
12:38:35:308,2.27,-1.83,2.87,-0.10,0.09,-0.07,
12:38:35:309,2.27,-1.83,2.87,-0.09,-0.03,-0.05,
12:38:35:310,1.80,-1.77,2.29,-0.09,-0.03,-0.05,
12:38:35:312,1.80,-1.77,2.29,-0.07,-0.18,-0.02,
12:38:35:313,1.80,-1.77,2.29,-0.07,-0.18,-0.02,
12:38:35:314,1.80,-1.77,2.29,-0.05,-0.27,0.00,
12:38:35:315,2.65,-1.12,2.10,-0.05,-0.27,0.00,
12:38:35:317,2.65,-1.12,2.10,-0.04,-0.24,0.02,
12:38:35:317,2.65,-1.12,2.10,-0.04,-0.24,0.02,
12:38:35:319,2.65,-1.12,2.10,-0.04,-0.08,0.02,
12:38:35:320,2.10,-1.47,1.45,-0.04,-0.08,0.02,
12:38:35:322,2.10,-1.47,1.45,-0.04,0.02,0.00,
12:38:35:322,2.10,-1.47,1.45,-0.04,0.02,0.00,
12:38:35:324,2.10,-1.47,1.45,-0.03,0.00,-0.01,
12:38:35:325,2.96,-2.50,1.44,-0.03,0.00,-0.01,
12:38:35:327,2.96,-2.50,1.44,-0.02,-0.06,-0.02,
12:38:35:328,2.96,-2.50,1.44,-0.02,-0.06,-0.02,
12:38:35:334,2.96,-2.50,1.44,-0.02,-0.06,-0.03,
12:38:35:335,2.61,-1.57,1.78,-0.02,-0.06,-0.03,
12:38:35:335,2.61,-1.57,1.78,-0.02,0.02,-0.04,
12:38:35:336,2.61,-1.57,1.78,-0.02,0.02,-0.04,
12:38:35:336,2.61,-1.57,1.78,-0.02,0.12,-0.05,
12:38:35:336,1.10,-0.81,1.78,-0.02,0.12,-0.05,
12:38:35:337,1.10,-0.81,1.78,-0.02,0.15,-0.04,
12:38:35:337,1.10,-0.81,1.78,-0.02,0.15,-0.04,
12:38:35:339,1.10,-0.81,1.78,-0.03,0.10,-0.03,
12:38:35:340,1.14,-2.04,2.73,-0.03,0.10,-0.03,
12:38:35:342,1.14,-2.04,2.73,-0.04,-0.03,-0.01,
12:38:35:342,1.14,-2.04,2.73,-0.04,-0.03,-0.01,
12:38:35:344,1.14,-2.04,2.73,-0.05,-0.19,0.01,
12:38:35:345,2.38,-2.33,2.36,-0.05,-0.19,0.01,
12:38:35:347,2.38,-2.33,2.36,-0.05,-0.29,0.02,
12:38:35:348,2.38,-2.33,2.36,-0.05,-0.29,0.02,
12:38:35:349,2.38,-2.33,2.36,-0.04,-0.27,0.03,
12:38:35:350,2.75,-0.67,1.68,-0.04,-0.27,0.03,
12:38:35:352,2.75,-0.67,1.68,-0.03,-0.16,0.02,
12:38:35:352,2.75,-0.67,1.67,-0.03,-0.16,0.02,
12:38:35:354,2.75,-0.67,1.67,-0.03,-0.03,0.00,
12:38:35:355,2.58,-1.47,1.13,-0.03,-0.03,0.00,
12:38:35:357,2.58,-1.47,1.13,-0.03,0.08,-0.02,
12:38:35:357,2.58,-1.47,1.13,-0.03,0.08,-0.02,
12:38:35:360,2.58,-1.47,1.13,-0.03,0.15,-0.04,
12:38:35:360,2.27,-1.24,1.93,-0.03,0.15,-0.04,
12:38:35:363,2.27,-1.24,1.93,-0.02,0.14,-0.06,
12:38:35:363,2.27,-1.24,1.93,-0.02,0.14,-0.06,
12:38:35:364,2.27,-1.24,1.93,-0.02,0.09,-0.07,
12:38:35:365,1.68,-0.88,2.57,-0.02,0.09,-0.07,
12:38:35:368,1.68,-0.88,2.57,-0.02,0.02,-0.06,
12:38:35:368,1.68,-0.88,2.57,-0.02,0.02,-0.06,
12:38:35:370,1.68,-0.88,2.57,-0.03,-0.08,-0.04,
12:38:35:370,1.87,-1.08,2.42,-0.03,-0.08,-0.04,
12:38:35:372,1.87,-1.08,2.42,-0.03,-0.16,-0.01,
12:38:35:372,1.87,-1.07,2.42,-0.03,-0.16,-0.01,
12:38:35:375,1.87,-1.07,2.42,-0.03,-0.23,0.01,
12:38:35:375,2.83,-1.63,1.60,-0.03,-0.23,0.01,
12:38:35:377,2.83,-1.63,1.60,-0.03,-0.25,0.02,
12:38:35:378,2.83,-1.63,1.60,-0.03,-0.25,0.02,
12:38:35:380,2.83,-1.63,1.60,-0.02,-0.23,0.02,
12:38:35:380,2.91,-2.90,0.07,-0.02,-0.23,0.02,
12:38:35:382,2.91,-2.90,0.07,-0.03,-0.15,0.00,
12:38:35:383,2.91,-2.90,0.07,-0.03,-0.15,0.00,
12:38:35:384,2.91,-2.90,0.07,-0.03,0.00,-0.02,
12:38:35:385,2.53,-1.77,0.68,-0.03,0.00,-0.02,
12:38:35:387,2.53,-1.77,0.68,-0.04,0.18,-0.04,
12:38:35:388,2.53,-1.77,0.68,-0.04,0.18,-0.04,
12:38:35:390,2.53,-1.77,0.68,-0.05,0.30,-0.06,
12:38:35:390,1.17,-1.54,1.68,-0.05,0.30,-0.06,
12:38:35:392,1.17,-1.54,1.68,-0.06,0.31,-0.06,
12:38:35:393,1.18,-1.54,1.68,-0.06,0.31,-0.06,
12:38:35:395,1.18,-1.54,1.68,-0.07,0.18,-0.05,
12:38:35:396,1.22,-2.42,2.96,-0.07,0.18,-0.05,
12:38:35:397,1.22,-2.42,2.96,-0.07,-0.05,-0.03,
12:38:35:398,1.22,-2.42,2.95,-0.07,-0.05,-0.03,
12:38:35:400,1.22,-2.42,2.95,-0.05,-0.24,-0.01,
12:38:35:401,1.91,-1.71,1.92,-0.05,-0.24,-0.01,
12:38:35:402,1.91,-1.71,1.92,-0.04,-0.32,0.02,
12:38:35:403,1.91,-1.71,1.91,-0.04,-0.32,0.02,
12:38:35:404,1.91,-1.71,1.91,-0.04,-0.27,0.03,
12:38:35:405,2.36,-0.38,1.93,-0.04,-0.27,0.03,
12:38:35:408,2.36,-0.38,1.93,-0.04,-0.15,0.02,
12:38:35:408,2.36,-0.38,1.92,-0.04,-0.15,0.02,
12:38:35:409,2.36,-0.38,1.92,-0.04,-0.07,0.02,
12:38:35:410,2.03,-2.98,0.62,-0.04,-0.07,0.02,
12:38:35:413,2.03,-2.98,0.62,-0.04,0.01,0.01,
12:38:35:413,2.03,-2.98,0.62,-0.04,0.01,0.01,
12:38:35:414,2.03,-2.98,0.62,-0.04,0.12,-0.01,
12:38:35:415,0.94,-2.80,1.28,-0.04,0.12,-0.01,
12:38:35:417,0.94,-2.80,1.28,-0.05,0.22,-0.01,
12:38:35:417,0.94,-2.80,1.28,-0.05,0.22,-0.01,
12:38:35:419,0.94,-2.80,1.28,-0.05,0.28,-0.01,
12:38:35:420,0.70,0.35,3.32,-0.05,0.28,-0.01,
12:38:35:422,0.70,0.35,3.32,-0.04,0.21,-0.01,
12:38:35:429,0.70,0.35,3.32,-0.04,0.21,-0.01,
12:38:35:430,0.70,0.35,3.32,-0.03,-0.02,0.00,
12:38:35:431,1.80,-1.23,3.12,-0.03,-0.02,0.00,
12:38:35:431,1.80,-1.23,3.12,-0.02,-0.27,0.01,
12:38:35:432,1.80,-1.23,3.12,-0.02,-0.27,0.01,
12:38:35:432,1.80,-1.23,3.12,-0.02,-0.43,0.01,
12:38:35:433,2.96,-3.62,2.03,-0.02,-0.43,0.01,
12:38:35:434,2.96,-3.62,2.03,-0.03,-0.44,0.01,
12:38:35:434,2.96,-3.62,2.02,-0.03,-0.44,0.01,
12:38:35:435,2.96,-3.62,2.02,-0.04,-0.30,0.01,
12:38:35:435,1.85,-2.08,0.18,-0.04,-0.30,0.01,
12:38:35:439,1.85,-2.08,0.18,-0.03,-0.05,0.01,
12:38:35:441,1.85,-2.08,0.18,-0.03,-0.05,0.01,
12:38:35:441,1.85,-2.08,0.18,-0.02,0.17,0.01,
12:38:35:442,1.51,-0.31,0.69,-0.02,0.17,0.01,
12:38:35:442,1.51,-0.31,0.69,-0.02,0.34,0.00,
12:38:35:443,1.51,-0.31,0.69,-0.02,0.34,0.00,
12:38:35:444,1.51,-0.31,0.69,-0.04,0.37,-0.01,
12:38:35:445,1.38,-1.53,3.17,-0.04,0.37,-0.01,
12:38:35:449,1.38,-1.53,3.17,-0.05,0.24,-0.01,
12:38:35:450,1.38,-1.53,3.16,-0.05,0.24,-0.01,
12:38:35:450,1.38,-1.53,3.16,-0.04,0.01,-0.01,
12:38:35:451,1.57,-0.95,3.29,-0.04,0.01,-0.01,
12:38:35:452,1.57,-0.95,3.29,-0.03,-0.21,0.01,
12:38:35:452,1.57,-0.95,3.29,-0.03,-0.21,0.01,
12:38:35:455,1.57,-0.95,3.29,-0.02,-0.34,0.03,
12:38:35:455,2.02,-1.27,2.09,-0.02,-0.34,0.03,
12:38:35:457,2.02,-1.27,2.09,-0.01,-0.37,0.05,
12:38:35:457,2.01,-1.27,2.08,-0.01,-0.37,0.05,
12:38:35:460,2.01,-1.27,2.08,-0.01,-0.30,0.06,
12:38:35:460,2.15,-1.60,0.50,-0.01,-0.30,0.06,
12:38:35:462,2.15,-1.60,0.50,-0.02,-0.15,0.06,
12:38:35:463,2.14,-1.60,0.50,-0.02,-0.15,0.06,
12:38:35:464,2.14,-1.60,0.50,-0.04,0.03,0.04,
12:38:35:465,2.32,-2.55,0.92,-0.04,0.03,0.04,
12:38:35:468,2.32,-2.55,0.92,-0.05,0.16,0.01,
12:38:35:468,2.32,-2.55,0.92,-0.05,0.16,0.01,
12:38:35:470,2.32,-2.55,0.92,-0.05,0.21,-0.02,
12:38:35:471,1.67,-1.27,1.82,-0.05,0.21,-0.02,
12:38:35:472,1.67,-1.27,1.82,-0.05,0.18,-0.03,
12:38:35:472,1.67,-1.27,1.82,-0.05,0.18,-0.03,
12:38:35:474,1.67,-1.27,1.82,-0.04,0.10,-0.03,
12:38:35:475,1.58,0.16,2.83,-0.04,0.10,-0.03,
12:38:35:477,1.58,0.16,2.83,-0.04,-0.01,-0.01,
12:38:35:478,1.58,0.16,2.83,-0.04,-0.01,-0.01,
12:38:35:481,1.58,0.16,2.83,-0.03,-0.13,0.00,
12:38:35:482,1.56,-2.03,2.27,-0.03,-0.13,0.00,
12:38:35:482,1.56,-2.03,2.27,-0.03,-0.24,0.03,
12:38:35:483,1.56,-2.03,2.27,-0.03,-0.24,0.03,
12:38:35:484,1.56,-2.03,2.27,-0.03,-0.29,0.04,
12:38:35:485,2.42,-2.47,1.35,-0.03,-0.29,0.04,
12:38:35:487,2.42,-2.47,1.35,-0.03,-0.25,0.05,
12:38:35:488,2.41,-2.47,1.35,-0.03,-0.25,0.05,
12:38:35:490,2.41,-2.47,1.35,-0.04,-0.10,0.04,
12:38:35:490,2.58,-0.93,1.55,-0.04,-0.10,0.04,
12:38:35:497,2.58,-0.93,1.55,-0.05,0.08,0.03,
12:38:35:498,2.58,-0.93,1.55,-0.05,0.08,0.03,
12:38:35:500,2.58,-0.93,1.55,-0.04,0.17,0.01,
12:38:35:501,1.54,-1.58,1.58,-0.04,0.17,0.01,
12:38:35:501,1.54,-1.58,1.58,-0.03,0.15,-0.00,
12:38:35:502,1.54,-1.58,1.58,-0.03,0.15,-0.00,
12:38:35:503,1.54,-1.58,1.58,-0.04,0.09,-0.00,
12:38:35:503,1.02,-3.65,2.52,-0.04,0.09,-0.00,
12:38:35:504,1.02,-3.65,2.52,-0.04,0.01,0.01,
12:38:35:504,1.02,-3.65,2.52,-0.04,0.01,0.01,
12:38:35:505,1.02,-3.65,2.52,-0.03,-0.07,0.02,
12:38:35:506,1.20,-0.70,2.56,-0.03,-0.07,0.02,
12:38:35:507,1.20,-0.70,2.56,-0.01,-0.13,0.04,
12:38:35:508,1.20,-0.70,2.56,-0.01,-0.13,0.04,
12:38:35:510,1.20,-0.70,2.56,-0.01,-0.17,0.05,
12:38:35:510,2.38,-1.09,2.64,-0.01,-0.17,0.05,
12:38:35:512,2.38,-1.09,2.64,-0.01,-0.18,0.06,
12:38:35:513,2.38,-1.09,2.64,-0.01,-0.18,0.06,
12:38:35:515,2.38,-1.09,2.64,-0.01,-0.15,0.05,
12:38:35:516,2.19,-2.50,1.29,-0.01,-0.15,0.05,
12:38:35:517,2.19,-2.50,1.29,-0.01,-0.10,0.03,
12:38:35:518,2.19,-2.50,1.29,-0.01,-0.10,0.03,
12:38:35:519,2.19,-2.50,1.29,-0.01,-0.00,0.02,
12:38:35:520,1.85,-1.65,1.52,-0.01,-0.00,0.02,
12:38:35:522,1.85,-1.65,1.52,-0.00,0.10,0.00,
12:38:35:523,1.85,-1.65,1.52,-0.00,0.10,0.00,
12:38:35:525,1.85,-1.65,1.52,0.00,0.15,-0.01,
12:38:35:526,1.52,0.61,2.38,0.00,0.15,-0.01,
12:38:35:528,1.52,0.61,2.38,0.01,0.15,-0.01,
12:38:35:528,1.52,0.61,2.38,0.01,0.15,-0.01,
12:38:35:530,1.52,0.61,2.38,0.01,0.10,-0.01,
12:38:35:531,1.39,-0.10,3.09,0.01,0.10,-0.01,
12:38:35:532,1.39,-0.10,3.09,0.00,-0.02,0.00,
12:38:35:533,1.39,-0.10,3.09,0.00,-0.02,0.00,
12:38:35:535,1.39,-0.10,3.09,-0.02,-0.16,0.02,
12:38:35:535,1.81,-2.50,2.84,-0.02,-0.16,0.02,
12:38:35:537,1.81,-2.50,2.84,-0.02,-0.26,0.03,
12:38:35:537,1.80,-2.50,2.84,-0.02,-0.26,0.03,
12:38:35:539,1.80,-2.50,2.84,-0.01,-0.27,0.05,
12:38:35:540,1.69,-0.43,0.77,-0.01,-0.27,0.05,
12:38:35:542,1.69,-0.43,0.77,0.01,-0.20,0.05,
12:38:35:542,1.69,-0.43,0.77,0.01,-0.20,0.05,
12:38:35:545,1.69,-0.43,0.77,0.00,-0.05,0.05,
12:38:35:545,3.08,0.25,2.37,0.00,-0.05,0.05,
12:38:35:551,3.08,0.25,2.37,-0.02,0.09,0.03,
12:38:35:556,3.08,0.25,2.37,-0.02,0.09,0.03,
12:38:35:558,3.08,0.25,2.37,-0.02,0.12,0.01,
12:38:35:558,1.99,-2.16,1.65,-0.02,0.12,0.01,
12:38:35:559,1.99,-2.16,1.65,-0.02,0.07,-0.01,
12:38:35:559,1.99,-2.16,1.65,-0.02,0.07,-0.01,
12:38:35:560,1.99,-2.16,1.65,-0.02,0.03,-0.01,
12:38:35:560,1.13,-2.14,2.61,-0.02,0.03,-0.01,
12:38:35:561,1.13,-2.14,2.61,-0.02,-0.00,-0.01,
12:38:35:561,1.13,-2.14,2.61,-0.02,-0.00,-0.01,
12:38:35:562,1.13,-2.14,2.61,-0.02,-0.04,0.00,
12:38:35:562,1.38,0.62,2.96,-0.02,-0.04,0.00,
12:38:35:563,1.38,0.62,2.96,0.00,-0.07,0.02,
12:38:35:564,1.38,0.62,2.96,0.00,-0.07,0.02,
12:38:35:566,1.38,0.62,2.96,0.02,-0.10,0.04,
12:38:35:567,1.47,-1.18,2.36,0.02,-0.10,0.04,
12:38:35:568,1.47,-1.18,2.36,0.03,-0.18,0.05,
12:38:35:569,1.47,-1.18,2.36,0.03,-0.18,0.05,
12:38:35:569,1.47,-1.18,2.36,0.03,-0.29,0.05,
12:38:35:570,2.77,-3.25,1.24,0.03,-0.29,0.05,
12:38:35:572,2.77,-3.25,1.24,0.02,-0.33,0.05,
12:38:35:573,2.77,-3.25,1.24,0.02,-0.33,0.05,
12:38:35:575,2.77,-3.25,1.24,0.02,-0.19,0.04,
12:38:35:575,2.40,-1.16,0.85,0.02,-0.19,0.04,
12:38:35:577,2.40,-1.16,0.85,0.01,0.08,0.02,
12:38:35:578,2.40,-1.16,0.85,0.01,0.08,0.02,
12:38:35:580,2.40,-1.16,0.85,0.02,0.31,0.02,
12:38:35:580,0.62,0.51,1.68,0.02,0.31,0.02,
12:38:35:582,0.62,0.51,1.68,0.02,0.38,0.01,
12:38:35:582,0.62,0.51,1.68,0.02,0.38,0.01,
12:38:35:584,0.62,0.51,1.68,0.01,0.26,0.02,
12:38:35:585,1.02,-1.90,3.74,0.01,0.26,0.02,
12:38:35:587,1.02,-1.90,3.74,-0.02,0.04,0.02,
12:38:35:588,1.02,-1.90,3.74,-0.02,0.04,0.02,
12:38:35:590,1.02,-1.90,3.74,-0.03,-0.19,0.03,
12:38:35:591,1.50,-1.82,3.66,-0.03,-0.19,0.03,
12:38:35:592,1.50,-1.82,3.66,-0.03,-0.35,0.05,
12:38:35:593,1.50,-1.82,3.65,-0.03,-0.35,0.05,
12:38:35:595,1.50,-1.82,3.65,-0.02,-0.41,0.06,
12:38:35:596,2.82,0.61,2.96,-0.02,-0.41,0.06,
12:38:35:597,2.82,0.61,2.96,-0.00,-0.36,0.07,
12:38:35:598,2.82,0.61,2.96,-0.00,-0.36,0.07,
12:38:35:600,2.82,0.61,2.96,0.01,-0.21,0.07,
12:38:35:601,2.80,-0.76,1.49,0.01,-0.21,0.07,
12:38:35:602,2.80,-0.76,1.49,0.01,-0.01,0.05,
12:38:35:602,2.80,-0.76,1.49,0.01,-0.01,0.05,
12:38:35:604,2.80,-0.76,1.49,0.02,0.14,0.02,
12:38:35:605,2.24,-0.48,2.11,0.02,0.14,0.02,
12:38:35:607,2.24,-0.48,2.11,0.02,0.25,-0.02,
12:38:35:608,2.24,-0.48,2.11,0.02,0.25,-0.02,
12:38:35:610,2.24,-0.48,2.11,0.03,0.28,-0.04,
12:38:35:610,1.75,0.85,4.01,0.03,0.28,-0.04,
12:38:35:613,1.75,0.85,4.01,0.04,0.18,-0.05,
12:38:35:614,1.76,0.85,4.01,0.04,0.18,-0.05,
12:38:35:615,1.76,0.85,4.01,0.05,-0.03,-0.03,
12:38:35:615,1.81,0.62,4.12,0.05,-0.03,-0.03,
12:38:35:617,1.81,0.62,4.12,0.07,-0.25,0.01,
12:38:35:618,1.81,0.62,4.12,0.07,-0.25,0.01,
12:38:35:620,1.81,0.62,4.12,0.08,-0.37,0.03,
12:38:35:620,2.19,-0.88,2.27,0.08,-0.37,0.03,
12:38:35:622,2.19,-0.88,2.27,0.07,-0.38,0.05,
12:38:35:623,2.19,-0.88,2.27,0.07,-0.38,0.05,
12:38:35:625,2.19,-0.88,2.27,0.06,-0.30,0.07,
12:38:35:625,3.29,-0.49,1.51,0.06,-0.30,0.07,
12:38:35:627,3.29,-0.49,1.51,0.06,-0.17,0.06,
12:38:35:628,3.28,-0.49,1.51,0.06,-0.17,0.06,
12:38:35:630,3.28,-0.49,1.51,0.06,0.01,0.03,
12:38:35:631,2.81,-0.09,0.95,0.06,0.01,0.03,
12:38:35:632,2.81,-0.09,0.95,0.05,0.19,-0.01,
12:38:35:633,2.81,-0.09,0.95,0.05,0.19,-0.01,
12:38:35:635,2.81,-0.09,0.95,0.03,0.29,-0.04,
12:38:35:636,2.07,-0.51,2.97,0.03,0.29,-0.04,
12:38:35:637,2.07,-0.51,2.97,0.02,0.25,-0.06,
12:38:35:638,2.08,-0.51,2.97,0.02,0.25,-0.06,
12:38:35:640,2.08,-0.51,2.97,0.01,0.08,-0.06,
12:38:35:640,1.75,-0.76,3.19,0.01,0.08,-0.06,
12:38:35:642,1.75,-0.76,3.19,0.01,-0.10,-0.03,
12:38:35:643,1.75,-0.76,3.19,0.01,-0.10,-0.03,
12:38:35:645,1.75,-0.76,3.19,0.01,-0.23,-0.00,
12:38:35:646,1.97,-0.88,3.03,0.01,-0.23,-0.00,
12:38:35:652,1.97,-0.88,3.03,0.02,-0.31,0.03,
12:38:35:653,1.97,-0.88,3.03,0.02,-0.31,0.03,
12:38:35:653,1.97,-0.88,3.03,0.03,-0.31,0.04,
12:38:35:653,3.27,0.77,2.33,0.03,-0.31,0.04,
12:38:35:653,3.27,0.77,2.33,0.04,-0.22,0.05,
12:38:35:654,3.27,0.77,2.33,0.04,-0.22,0.05,
12:38:35:654,3.27,0.77,2.33,0.03,-0.06,0.04,
12:38:35:655,2.94,-0.92,1.57,0.03,-0.06,0.04,
12:38:35:657,2.94,-0.92,1.57,0.03,0.10,0.01,
12:38:35:657,2.94,-0.92,1.57,0.03,0.10,0.01,
12:38:35:660,2.94,-0.92,1.57,0.02,0.19,-0.02,
12:38:35:660,1.75,-1.21,2.78,0.02,0.19,-0.02,
12:38:35:662,1.75,-1.21,2.78,0.03,0.20,-0.03,
12:38:35:663,1.75,-1.21,2.79,0.03,0.20,-0.03,
12:38:35:665,1.75,-1.21,2.79,0.05,0.17,-0.04,
12:38:35:665,1.12,1.95,3.35,0.05,0.17,-0.04,
12:38:35:668,1.12,1.95,3.35,0.06,0.16,-0.05,
12:38:35:669,1.12,1.95,3.35,0.06,0.16,-0.05,
12:38:35:670,1.12,1.95,3.35,0.06,0.11,-0.04,
12:38:35:670,1.13,1.95,3.35,0.06,0.11,-0.04,
12:38:35:672,1.13,1.95,3.35,0.06,-0.11,-0.02,
12:38:35:678,1.81,-0.46,3.96,0.06,-0.11,-0.02,
12:38:35:679,1.81,-0.46,3.96,0.06,-0.36,0.00,
12:38:35:679,1.81,-0.46,3.96,0.06,-0.36,0.00,
12:38:35:680,1.81,-0.46,3.96,0.06,-0.52,0.01,
12:38:35:680,4.36,-0.98,3.20,0.06,-0.52,0.01,
12:38:35:681,4.36,-0.98,3.20,0.05,-0.47,0.01,
12:38:35:681,4.36,-0.98,3.20,0.05,-0.47,0.01,
12:38:35:682,4.36,-0.98,3.20,0.05,-0.21,-0.00,
12:38:35:682,2.59,0.78,0.97,0.05,-0.21,-0.00,
12:38:35:685,2.59,0.78,0.97,0.07,0.06,-0.02,
12:38:35:685,2.59,0.78,0.97,0.07,0.06,-0.02,
12:38:35:687,2.59,0.78,0.97,0.09,0.24,-0.04,
12:38:35:687,1.91,-0.05,1.37,0.09,0.24,-0.04,
12:38:35:690,1.91,-0.05,1.37,0.08,0.34,-0.05,
12:38:35:690,1.91,-0.05,1.37,0.08,0.34,-0.05,
12:38:35:692,1.91,-0.05,1.37,0.06,0.36,-0.06,
12:38:35:692,1.60,0.20,4.45,0.06,0.36,-0.06,
12:38:35:695,1.60,0.20,4.45,0.04,0.27,-0.06,
12:38:35:696,1.61,0.20,4.45,0.04,0.27,-0.06,
12:38:35:697,1.61,0.20,4.45,0.05,0.05,-0.05,
12:38:35:698,1.76,1.85,5.03,0.05,0.05,-0.05,
12:38:35:700,1.76,1.85,5.03,0.07,-0.23,-0.01,
12:38:35:701,1.76,1.85,5.03,0.07,-0.23,-0.01,
12:38:35:702,1.76,1.85,5.03,0.09,-0.43,0.02,
12:38:35:703,2.68,0.20,2.97,0.09,-0.43,0.02,
12:38:35:704,2.68,0.20,2.97,0.09,-0.46,0.04,
12:38:35:705,2.68,0.20,2.97,0.09,-0.46,0.04,
12:38:35:707,2.68,0.20,2.97,0.09,-0.30,0.04,
12:38:35:708,2.31,-0.10,1.37,0.09,-0.30,0.04,
12:38:35:710,2.31,-0.10,1.37,0.09,-0.10,0.02,
12:38:35:710,2.31,-0.10,1.37,0.09,-0.10,0.02,
12:38:35:712,2.31,-0.10,1.37,0.09,0.06,-0.01,
12:38:35:713,3.03,-0.13,1.74,0.09,0.06,-0.01,
12:38:35:715,3.03,-0.13,1.74,0.08,0.18,-0.04,
12:38:35:716,3.03,-0.13,1.74,0.08,0.18,-0.04,
12:38:35:717,3.03,-0.13,1.74,0.08,0.23,-0.08,
12:38:35:718,2.48,0.21,2.67,0.08,0.23,-0.08,
12:38:35:719,2.48,0.21,2.67,0.08,0.18,-0.10,
12:38:35:720,2.48,0.21,2.67,0.08,0.18,-0.10,
12:38:35:722,2.48,0.21,2.67,0.08,0.09,-0.10,
12:38:35:723,2.02,0.90,3.97,0.08,0.09,-0.10,
12:38:35:724,2.02,0.90,3.97,0.06,-0.02,-0.07,
12:38:35:725,2.02,0.90,3.97,0.06,-0.02,-0.07,
12:38:35:727,2.02,0.90,3.97,0.06,-0.17,-0.03,
12:38:35:728,2.25,-0.26,2.81,0.06,-0.17,-0.03,
12:38:35:730,2.25,-0.26,2.81,0.07,-0.30,0.00,
12:38:35:731,2.25,-0.26,2.81,0.07,-0.30,0.00,
12:38:35:733,2.25,-0.26,2.81,0.09,-0.32,0.02,
12:38:35:733,3.28,1.18,2.11,0.09,-0.32,0.02,
12:38:35:734,3.28,1.18,2.11,0.09,-0.20,0.02,
12:38:35:736,3.28,1.18,2.11,0.09,-0.20,0.02,
12:38:35:737,3.28,1.18,2.11,0.08,0.02,-0.00,
12:38:35:738,3.12,1.40,2.27,0.08,0.02,-0.00,
12:38:35:739,3.12,1.40,2.27,0.06,0.23,-0.03,
12:38:35:740,3.12,1.40,2.28,0.06,0.23,-0.03,
12:38:35:742,3.12,1.40,2.28,0.05,0.29,-0.07,
12:38:35:743,1.90,-0.37,3.01,0.05,0.29,-0.07,
12:38:35:745,1.90,-0.37,3.01,0.05,0.23,-0.08,
12:38:35:745,1.90,-0.37,3.02,0.05,0.23,-0.08,
12:38:35:751,1.90,-0.37,3.02,0.06,0.12,-0.08,
12:38:35:752,1.26,1.23,4.35,0.06,0.12,-0.08,
12:38:35:753,1.26,1.23,4.35,0.06,-0.02,-0.06,
12:38:35:753,1.26,1.23,4.35,0.06,-0.02,-0.06,
12:38:35:753,1.26,1.23,4.35,0.07,-0.16,-0.03,
12:38:35:754,1.73,0.25,3.95,0.07,-0.16,-0.03,
12:38:35:754,1.73,0.25,3.95,0.07,-0.28,0.00,
12:38:35:755,1.73,0.25,3.95,0.07,-0.28,0.00,
12:38:35:758,1.73,0.25,3.95,0.07,-0.35,0.02,
12:38:35:758,3.03,-0.72,2.46,0.07,-0.35,0.02,
12:38:35:760,3.03,-0.72,2.46,0.07,-0.33,0.03,
12:38:35:761,3.03,-0.72,2.46,0.07,-0.33,0.03,
12:38:35:762,3.03,-0.72,2.46,0.07,-0.20,0.02,
12:38:35:763,3.68,-0.76,1.81,0.07,-0.20,0.02,
12:38:35:765,3.68,-0.76,1.81,0.07,-0.01,-0.01,
12:38:35:765,3.68,-0.76,1.81,0.07,-0.01,-0.01,
12:38:35:768,3.68,-0.76,1.81,0.09,0.19,-0.04,
12:38:35:769,2.43,1.33,1.94,0.09,0.19,-0.04,
12:38:35:770,2.43,1.33,1.94,0.10,0.36,-0.07,
12:38:35:771,2.43,1.33,1.94,0.10,0.36,-0.07,
12:38:35:772,2.43,1.33,1.94,0.11,0.43,-0.09,
12:38:35:773,0.99,1.98,4.04,0.11,0.43,-0.09,
12:38:35:775,0.99,1.98,4.04,0.10,0.36,-0.10,
12:38:35:775,1.00,1.98,4.05,0.10,0.36,-0.10,
12:38:35:777,1.00,1.98,4.05,0.10,0.09,-0.08,
12:38:35:778,1.78,1.16,4.80,0.10,0.09,-0.08,
12:38:35:780,1.78,1.16,4.80,0.11,-0.21,-0.05,
12:38:35:780,1.78,1.16,4.80,0.11,-0.21,-0.05,
12:38:35:783,1.78,1.16,4.80,0.12,-0.42,-0.02,
12:38:35:784,2.50,0.92,3.14,0.12,-0.42,-0.02,
12:38:35:784,2.50,0.92,3.14,0.11,-0.46,0.01,
12:38:35:786,2.50,0.92,3.14,0.11,-0.46,0.01,
12:38:35:788,2.50,0.92,3.14,0.11,-0.34,0.02,
12:38:35:788,3.07,1.51,1.79,0.11,-0.34,0.02,
12:38:35:790,3.07,1.51,1.79,0.09,-0.12,0.02,
12:38:35:790,3.06,1.51,1.80,0.09,-0.12,0.02,
12:38:35:792,3.06,1.51,1.80,0.09,0.07,-0.01,
12:38:35:793,2.98,0.17,1.36,0.09,0.07,-0.01,
12:38:35:795,2.98,0.17,1.36,0.08,0.17,-0.05,
12:38:35:795,2.98,0.16,1.37,0.08,0.17,-0.05,
12:38:35:797,2.98,0.16,1.37,0.07,0.16,-0.08,
12:38:35:803,3.14,0.00,2.58,0.07,0.16,-0.08,
12:38:35:804,3.14,0.00,2.58,0.06,0.12,-0.10,
12:38:35:804,3.14,0.00,2.58,0.06,0.12,-0.10,
12:38:35:805,3.14,0.00,2.58,0.06,0.12,-0.11,
12:38:35:805,1.70,1.39,3.44,0.06,0.12,-0.11,
12:38:35:806,1.70,1.39,3.44,0.06,0.10,-0.11,
12:38:35:806,1.70,1.39,3.44,0.06,0.10,-0.11,
12:38:35:807,1.70,1.39,3.44,0.06,-0.03,-0.08,
12:38:35:808,2.34,0.93,3.36,0.06,-0.03,-0.08,
12:38:35:809,2.34,0.93,3.36,0.06,-0.21,-0.04,
12:38:35:810,2.34,0.93,3.36,0.06,-0.21,-0.04,
12:38:35:813,2.34,0.93,3.36,0.07,-0.35,-0.02,
12:38:35:814,3.73,-0.86,2.36,0.07,-0.35,-0.02,
12:38:35:815,3.73,-0.86,2.36,0.07,-0.38,-0.01,
12:38:35:816,3.73,-0.86,2.36,0.07,-0.38,-0.01,
12:38:35:817,3.73,-0.86,2.36,0.06,-0.21,-0.01,
12:38:35:817,1.99,-0.91,0.79,0.06,-0.21,-0.01,
12:38:35:819,1.99,-0.91,0.79,0.06,0.05,-0.01,
12:38:35:820,1.99,-0.91,0.79,0.06,0.05,-0.01,
12:38:35:822,1.99,-0.91,0.79,0.09,0.23,-0.02,
12:38:35:823,1.91,1.91,1.33,0.09,0.23,-0.02,
12:38:35:824,1.91,1.91,1.33,0.09,0.29,-0.03,
12:38:35:825,1.91,1.91,1.33,0.09,0.29,-0.03,
12:38:35:827,1.91,1.91,1.33,0.08,0.25,-0.05,
12:38:35:828,2.36,-0.35,3.69,0.08,0.25,-0.05,
12:38:35:835,2.36,-0.35,3.69,0.06,0.11,-0.05,
12:38:35:836,2.36,-0.35,3.69,0.06,0.11,-0.05,
12:38:35:836,2.36,-0.35,3.69,0.05,-0.08,-0.05,
12:38:35:836,1.49,-2.04,2.34,0.05,-0.08,-0.05,
12:38:35:837,1.49,-2.04,2.34,0.05,-0.23,-0.03,
12:38:35:837,1.49,-2.04,2.34,0.05,-0.23,-0.03,
12:38:35:837,1.49,-2.04,2.34,0.05,-0.29,-0.01,
12:38:35:838,2.55,0.54,2.47,0.05,-0.29,-0.01,
12:38:35:839,2.55,0.54,2.47,0.05,-0.21,-0.01,
12:38:35:841,2.55,0.54,2.47,0.05,-0.21,-0.01,
12:38:35:842,2.55,0.54,2.47,0.04,-0.02,-0.01,
12:38:35:842,1.37,-0.82,1.53,0.04,-0.02,-0.01,
12:38:35:844,1.37,-0.82,1.53,0.03,0.09,-0.01,
12:38:35:845,1.37,-0.82,1.53,0.03,0.09,-0.01,
12:38:35:847,1.37,-0.82,1.53,0.04,0.08,-0.01,
12:38:35:848,2.51,-0.04,2.16,0.04,0.08,-0.01,
12:38:35:850,2.51,-0.04,2.16,0.06,0.02,-0.02,
12:38:35:850,2.51,-0.04,2.16,0.06,0.02,-0.02,
12:38:35:852,2.51,-0.04,2.16,0.06,0.04,-0.04,
12:38:35:852,1.60,1.03,2.85,0.06,0.04,-0.04,
12:38:35:854,1.60,1.03,2.85,0.06,0.10,-0.04,
12:38:35:855,1.60,1.03,2.86,0.06,0.10,-0.04,
12:38:35:857,1.60,1.03,2.86,0.06,0.08,-0.04,
12:38:35:857,1.36,1.67,2.29,0.06,0.08,-0.04,
12:38:35:859,1.36,1.67,2.29,0.08,-0.05,-0.03,
12:38:35:860,1.36,1.67,2.29,0.08,-0.05,-0.03,
12:38:35:862,1.36,1.67,2.29,0.08,-0.21,-0.01,
12:38:35:863,2.91,-0.70,2.07,0.08,-0.21,-0.01,
12:38:35:864,2.91,-0.70,2.07,0.08,-0.32,-0.01,
12:38:35:865,2.91,-0.70,2.07,0.08,-0.32,-0.01,
12:38:35:867,2.91,-0.70,2.07,0.07,-0.34,-0.01,
12:38:35:868,3.21,-1.57,0.40,0.07,-0.34,-0.01,
12:38:35:870,3.21,-1.57,0.40,0.06,-0.25,-0.01,
12:38:35:871,3.21,-1.57,0.40,0.06,-0.25,-0.01,
12:38:35:872,3.21,-1.57,0.40,0.04,-0.04,-0.02,
12:38:35:872,2.68,0.55,0.51,0.04,-0.04,-0.02,
12:38:35:874,2.68,0.55,0.51,0.04,0.15,-0.04,
12:38:35:875,2.68,0.55,0.51,0.04,0.15,-0.04,
12:38:35:877,2.68,0.55,0.51,0.03,0.21,-0.05,
12:38:35:878,1.96,-1.26,0.86,0.03,0.21,-0.05,
12:38:35:879,1.96,-1.26,0.86,0.01,0.19,-0.05,
12:38:35:880,1.96,-1.26,0.87,0.01,0.19,-0.05,
12:38:35:882,1.96,-1.26,0.87,-0.00,0.13,-0.05,
12:38:35:883,2.00,-0.09,2.58,-0.00,0.13,-0.05,
12:38:35:884,2.00,-0.09,2.58,-0.02,0.05,-0.05,
12:38:35:885,2.01,-0.08,2.58,-0.02,0.05,-0.05,
12:38:35:887,2.01,-0.08,2.58,-0.04,-0.03,-0.03,
12:38:35:888,1.82,0.51,2.96,-0.04,-0.03,-0.03,
12:38:35:890,1.82,0.51,2.96,-0.04,-0.10,-0.01,
12:38:35:891,1.82,0.51,2.96,-0.04,-0.10,-0.01,
12:38:35:892,1.82,0.51,2.96,-0.04,-0.19,0.01,
12:38:35:893,2.21,-0.98,1.79,-0.04,-0.19,0.01,
12:38:35:895,2.21,-0.98,1.79,-0.04,-0.27,0.03,
12:38:35:895,2.21,-0.98,1.79,-0.04,-0.27,0.03,
12:38:35:897,2.21,-0.98,1.79,-0.03,-0.27,0.04,
12:38:35:898,2.97,-1.00,1.59,-0.03,-0.27,0.04,
12:38:35:901,2.97,-1.00,1.59,-0.04,-0.13,0.03,
12:38:35:902,2.97,-1.00,1.59,-0.04,-0.13,0.03,
12:38:35:904,2.97,-1.00,1.59,-0.04,0.07,0.01,
12:38:35:905,1.95,-0.06,1.54,-0.04,0.07,0.01,
12:38:35:906,1.95,-0.06,1.54,-0.03,0.21,-0.01,
12:38:35:906,1.95,-0.06,1.54,-0.03,0.21,-0.01,
12:38:35:907,1.95,-0.06,1.54,-0.00,0.27,-0.02,
12:38:35:908,1.08,1.86,2.50,-0.00,0.27,-0.02,
12:38:35:910,1.08,1.86,2.50,0.01,0.23,-0.03,
12:38:35:910,1.08,1.86,2.51,0.01,0.23,-0.03,
12:38:35:913,1.08,1.86,2.51,0.01,0.06,-0.03,
12:38:35:914,1.52,-1.31,3.13,0.01,0.06,-0.03,
12:38:35:915,1.52,-1.31,3.13,-0.01,-0.14,-0.02,
12:38:35:916,1.52,-1.31,3.13,-0.01,-0.14,-0.02,
12:38:35:917,1.52,-1.31,3.13,-0.01,-0.30,-0.01,
12:38:35:918,2.24,-2.56,1.91,-0.01,-0.30,-0.01,
12:38:35:919,2.24,-2.56,1.91,-0.02,-0.38,0.00,
12:38:35:920,2.24,-2.56,1.90,-0.02,-0.38,0.00,
12:38:35:922,2.24,-2.56,1.90,-0.02,-0.36,0.01,
12:38:35:929,3.81,0.86,1.70,-0.02,-0.36,0.01,
12:38:35:930,3.81,0.86,1.70,-0.01,-0.23,0.01,
12:38:35:930,3.81,0.86,1.70,-0.01,-0.23,0.01,
12:38:35:931,3.81,0.86,1.70,-0.01,-0.04,-0.01,
12:38:35:931,2.63,-0.36,0.21,-0.01,-0.04,-0.01,
12:38:35:932,2.63,-0.36,0.21,-0.02,0.15,-0.02,
12:38:35:933,2.63,-0.36,0.21,-0.02,0.15,-0.02,
12:38:35:934,2.63,-0.36,0.21,-0.03,0.27,-0.03,
12:38:35:935,1.88,-0.91,1.66,-0.03,0.27,-0.03,
12:38:35:935,1.88,-0.91,1.66,-0.04,0.28,-0.05,
12:38:35:936,1.88,-0.91,1.66,-0.04,0.28,-0.05,
12:38:35:940,1.88,-0.91,1.66,-0.04,0.19,-0.06,
12:38:35:940,2.01,0.41,3.10,-0.04,0.19,-0.06,
12:38:35:941,2.01,0.41,3.10,-0.04,0.04,-0.06,
12:38:35:941,2.01,0.41,3.10,-0.04,0.04,-0.06,
12:38:35:942,2.01,0.41,3.10,-0.03,-0.12,-0.04,
12:38:35:943,2.17,0.76,2.42,-0.03,-0.12,-0.04,
12:38:35:944,2.17,0.76,2.42,-0.03,-0.22,-0.02,
12:38:35:945,2.17,0.76,2.41,-0.03,-0.22,-0.02,
12:38:35:948,2.17,0.76,2.41,-0.03,-0.27,0.00,
12:38:35:949,2.94,-1.12,2.03,-0.03,-0.27,0.00,
12:38:35:950,2.94,-1.12,2.03,-0.05,-0.28,0.01,
12:38:35:950,2.93,-1.12,2.03,-0.05,-0.28,0.01,
12:38:35:952,2.93,-1.12,2.03,-0.05,-0.26,0.00,
12:38:35:952,3.36,-2.16,0.37,-0.05,-0.26,0.00,
12:38:35:954,3.36,-2.16,0.37,-0.05,-0.15,-0.02,
12:38:35:955,3.36,-2.16,0.36,-0.05,-0.15,-0.02,
12:38:35:957,3.36,-2.16,0.36,-0.06,0.09,-0.04,
12:38:35:957,1.99,-0.53,1.26,-0.06,0.09,-0.04,
12:38:35:959,1.99,-0.53,1.26,-0.06,0.33,-0.06,
12:38:35:960,2.00,-0.53,1.26,-0.06,0.33,-0.06,
12:38:35:962,2.00,-0.53,1.26,-0.06,0.42,-0.08,
12:38:35:963,1.25,0.57,2.60,-0.06,0.42,-0.08,
12:38:35:965,1.25,0.57,2.60,-0.06,0.33,-0.08,
12:38:35:965,1.26,0.58,2.60,-0.06,0.33,-0.08,
12:38:35:967,1.26,0.58,2.60,-0.07,0.12,-0.07,
12:38:35:969,1.67,-1.45,3.64,-0.07,0.12,-0.07,
12:38:35:970,1.67,-1.45,3.64,-0.06,-0.14,-0.06,
12:38:35:970,1.67,-1.45,3.64,-0.06,-0.14,-0.06,
12:38:35:972,1.67,-1.45,3.64,-0.04,-0.33,-0.03,
12:38:35:973,2.16,-1.51,2.29,-0.04,-0.33,-0.03,
12:38:35:974,2.16,-1.51,2.29,-0.04,-0.39,-0.01,
12:38:35:975,2.16,-1.51,2.29,-0.04,-0.39,-0.01,
12:38:35:977,2.16,-1.51,2.29,-0.03,-0.30,-0.00,
12:38:35:978,2.26,-0.12,1.52,-0.03,-0.30,-0.00,
12:38:35:982,2.26,-0.12,1.52,-0.03,-0.11,-0.01,
12:38:35:983,2.26,-0.12,1.52,-0.03,-0.11,-0.01,
12:38:35:984,2.26,-0.12,1.52,-0.03,0.04,-0.02,
12:38:35:985,2.49,-1.64,1.51,-0.03,0.04,-0.02,
12:38:35:985,2.49,-1.64,1.51,-0.04,0.15,-0.03,
12:38:35:986,2.50,-1.64,1.51,-0.04,0.15,-0.03,
12:38:35:988,2.50,-1.64,1.51,-0.05,0.21,-0.06,
12:38:35:988,1.89,-1.14,2.39,-0.05,0.21,-0.06,
12:38:35:990,1.89,-1.14,2.39,-0.06,0.20,-0.08,
12:38:35:991,1.89,-1.14,2.39,-0.06,0.20,-0.08,
12:38:35:992,1.89,-1.14,2.39,-0.05,0.15,-0.08,
12:38:35:993,1.33,-0.02,3.55,-0.05,0.15,-0.08,
12:38:35:995,1.33,-0.02,3.55,-0.05,0.04,-0.08,
12:38:35:996,1.33,-0.02,3.55,-0.05,0.04,-0.08,
12:38:36:000,1.33,-0.02,3.55,-0.04,-0.12,-0.05,
12:38:36:002,1.98,-0.97,2.87,-0.04,-0.12,-0.05,
12:38:36:002,1.98,-0.97,2.87,-0.02,-0.27,-0.03,
12:38:36:003,1.98,-0.97,2.86,-0.02,-0.27,-0.03,
12:38:36:003,1.98,-0.97,2.86,-0.01,-0.33,-0.01,
12:38:36:004,2.76,-1.76,1.53,-0.01,-0.33,-0.01,
12:38:36:005,2.76,-1.76,1.53,-0.01,-0.29,-0.00,
12:38:36:006,2.76,-1.76,1.53,-0.01,-0.29,-0.00,
12:38:36:008,2.76,-1.76,1.53,-0.01,-0.10,-0.01,
12:38:36:008,2.69,0.24,1.31,-0.01,-0.10,-0.01,
12:38:36:009,2.69,0.24,1.31,-0.01,0.14,-0.03,
12:38:36:010,2.70,0.24,1.31,-0.01,0.14,-0.03,
12:38:36:013,2.70,0.24,1.31,-0.00,0.31,-0.05,
12:38:36:014,1.50,0.62,1.68,-0.00,0.31,-0.05,
12:38:36:015,1.50,0.62,1.68,-0.00,0.35,-0.07,
12:38:36:016,1.50,0.62,1.68,-0.00,0.35,-0.07,
12:38:36:017,1.50,0.62,1.68,-0.01,0.28,-0.08,
12:38:36:018,0.97,-0.06,3.27,-0.01,0.28,-0.08,
12:38:36:019,0.97,-0.06,3.27,-0.01,0.12,-0.08,
12:38:36:020,0.98,-0.06,3.27,-0.01,0.12,-0.08,
12:38:36:022,0.98,-0.06,3.27,-0.01,-0.07,-0.06,
12:38:36:023,1.54,0.73,3.27,-0.01,-0.07,-0.06,
12:38:36:025,1.54,0.73,3.27,-0.01,-0.24,-0.03,
12:38:36:026,1.54,0.73,3.27,-0.01,-0.24,-0.03,
12:38:36:028,1.54,0.73,3.27,-0.02,-0.34,0.00,
12:38:36:028,2.52,-0.03,2.19,-0.02,-0.34,0.00,
12:38:36:030,2.52,-0.03,2.19,-0.02,-0.35,0.01,
12:38:36:031,2.51,-0.03,2.19,-0.02,-0.35,0.01,
12:38:36:032,2.51,-0.03,2.19,-0.02,-0.26,0.01,
12:38:36:033,2.20,-2.05,0.48,-0.02,-0.26,0.01,
12:38:36:035,2.20,-2.05,0.48,-0.04,-0.10,-0.00,
12:38:36:036,2.20,-2.05,0.47,-0.04,-0.10,-0.00,
12:38:36:037,2.20,-2.05,0.47,-0.04,0.08,-0.02,
12:38:36:038,1.34,-2.20,0.60,-0.04,0.08,-0.02,
12:38:36:039,1.34,-2.20,0.60,-0.05,0.21,-0.04,
12:38:36:040,1.34,-2.20,0.60,-0.05,0.21,-0.04,
12:38:36:042,1.34,-2.20,0.60,-0.05,0.30,-0.05,
12:38:36:043,0.75,-0.51,2.53,-0.05,0.30,-0.05,
12:38:36:045,0.75,-0.51,2.53,-0.05,0.32,-0.06,
12:38:36:045,0.75,-0.51,2.53,-0.05,0.32,-0.06,
12:38:36:052,0.75,-0.51,2.53,-0.05,0.22,-0.05,
12:38:36:056,0.87,-0.18,3.65,-0.05,0.22,-0.05,
12:38:36:056,0.87,-0.18,3.65,-0.04,-0.01,-0.04,
12:38:36:056,0.88,-0.18,3.64,-0.04,-0.01,-0.04,
12:38:36:057,0.88,-0.18,3.64,-0.04,-0.27,-0.02,
12:38:36:057,2.39,-2.06,2.54,-0.04,-0.27,-0.02,
12:38:36:058,2.39,-2.06,2.54,-0.02,-0.45,-0.01,
12:38:36:058,2.39,-2.06,2.54,-0.02,-0.45,-0.01,
12:38:36:058,2.39,-2.06,2.54,-0.01,-0.48,-0.01,
12:38:36:059,2.71,-1.64,0.86,-0.01,-0.48,-0.01,
12:38:36:059,2.71,-1.64,0.86,-0.01,-0.27,-0.01,
12:38:36:060,2.71,-1.64,0.86,-0.01,-0.27,-0.01,
12:38:36:062,2.71,-1.64,0.86,-0.01,0.07,-0.01,
12:38:36:062,1.66,0.63,1.04,-0.01,0.07,-0.01,
12:38:36:064,1.66,0.63,1.04,-0.01,0.30,-0.02,
12:38:36:065,1.66,0.63,1.04,-0.01,0.30,-0.02,
12:38:36:067,1.66,0.63,1.04,-0.02,0.33,-0.02,
12:38:36:068,1.65,-2.25,2.44,-0.02,0.33,-0.02,
12:38:36:070,1.65,-2.25,2.44,-0.04,0.25,-0.03,
12:38:36:070,1.65,-2.25,2.44,-0.04,0.25,-0.03,
12:38:36:072,1.65,-2.25,2.44,-0.05,0.13,-0.03,
12:38:36:072,0.86,-1.61,3.04,-0.05,0.13,-0.03,
12:38:36:074,0.86,-1.61,3.04,-0.04,-0.00,-0.01,
12:38:36:075,0.86,-1.61,3.04,-0.04,-0.00,-0.01,
12:38:36:077,0.86,-1.61,3.04,-0.03,-0.11,0.00,
12:38:36:077,2.20,2.53,4.26,-0.03,-0.11,0.00,
12:38:36:080,2.20,2.53,4.26,-0.01,-0.20,0.02,
12:38:36:081,2.20,2.53,4.26,-0.01,-0.20,0.02,
12:38:36:082,2.20,2.53,4.26,0.01,-0.25,0.02,
12:38:36:083,2.20,-0.88,1.85,0.01,-0.25,0.02,
12:38:36:084,2.20,-0.88,1.85,0.01,-0.27,0.02,
12:38:36:085,2.19,-0.88,1.85,0.01,-0.27,0.02,
12:38:36:087,2.19,-0.88,1.85,-0.00,-0.21,0.02,
12:38:36:088,2.66,-2.40,1.60,-0.00,-0.21,0.02,
12:38:36:090,2.66,-2.40,1.60,-0.01,-0.04,0.00,
12:38:36:090,2.66,-2.40,1.60,-0.01,-0.04,0.00,
12:38:36:092,2.66,-2.40,1.60,-0.00,0.17,-0.01,
12:38:36:093,1.29,1.06,1.77,-0.00,0.17,-0.01,
12:38:36:095,1.29,1.06,1.77,0.01,0.34,-0.02,
12:38:36:095,1.30,1.06,1.77,0.01,0.34,-0.02,
12:38:36:097,1.30,1.06,1.77,0.03,0.37,-0.03,
12:38:36:098,-0.12,0.65,2.76,0.03,0.37,-0.03,
12:38:36:100,-0.12,0.65,2.76,0.04,0.25,-0.02,
12:38:36:101,-0.12,0.65,2.77,0.04,0.25,-0.02,
12:38:36:102,-0.12,0.65,2.77,0.04,-0.02,-0.01,
12:38:36:102,1.22,-2.17,3.01,0.04,-0.02,-0.01,
12:38:36:105,1.22,-2.17,3.01,0.04,-0.31,0.00,
12:38:36:106,1.22,-2.17,3.01,0.04,-0.31,0.00,
12:38:36:107,1.22,-2.17,3.01,0.05,-0.49,0.02,
12:38:36:108,2.56,-2.14,0.87,0.05,-0.49,0.02,
12:38:36:110,2.56,-2.14,0.87,0.04,-0.51,0.02,
12:38:36:110,2.56,-2.14,0.87,0.04,-0.51,0.02,
12:38:36:113,2.56,-2.14,0.87,0.03,-0.33,0.02,
12:38:36:113,1.35,-2.03,-0.52,0.03,-0.33,0.02,
12:38:36:115,1.35,-2.03,-0.52,0.02,-0.05,0.02,
12:38:36:116,1.35,-2.03,-0.52,0.02,-0.05,0.02,
12:38:36:117,1.35,-2.03,-0.52,-0.00,0.16,0.02,
12:38:36:118,0.90,-2.87,-0.30,-0.00,0.16,0.02,
12:38:36:119,0.90,-2.87,-0.30,-0.02,0.28,0.01,
12:38:36:120,0.90,-2.87,-0.30,-0.02,0.28,0.01,
12:38:36:122,0.90,-2.87,-0.30,-0.03,0.28,0.00,
12:38:36:123,1.27,-1.24,1.75,-0.03,0.28,0.00,
12:38:36:124,1.27,-1.24,1.75,-0.05,0.23,-0.00,
12:38:36:125,1.27,-1.24,1.74,-0.05,0.23,-0.00,
12:38:36:127,1.27,-1.24,1.74,-0.06,0.14,-0.00,
12:38:36:128,1.53,0.57,3.39,-0.06,0.14,-0.00,
12:38:36:130,1.53,0.57,3.39,-0.06,-0.02,0.00,
12:38:36:131,1.53,0.57,3.39,-0.06,-0.02,0.00,
12:38:36:132,1.53,0.57,3.39,-0.05,-0.20,0.02,
12:38:36:134,1.88,-0.69,1.78,-0.05,-0.20,0.02,
12:38:36:135,1.88,-0.69,1.78,-0.04,-0.32,0.03,
12:38:36:136,1.88,-0.69,1.78,-0.04,-0.32,0.03,
12:38:36:137,1.88,-0.69,1.78,-0.04,-0.34,0.04,
12:38:36:138,2.54,-2.45,1.49,-0.04,-0.34,0.04,
12:38:36:139,2.54,-2.45,1.49,-0.06,-0.21,0.04,
12:38:36:140,2.54,-2.45,1.49,-0.06,-0.21,0.04,
12:38:36:142,2.54,-2.45,1.49,-0.07,0.02,0.02,
12:38:36:143,1.57,0.21,1.77,-0.07,0.02,0.02,
12:38:36:145,1.57,0.21,1.77,-0.06,0.27,0.02,
12:38:36:145,1.57,0.21,1.77,-0.06,0.27,0.02,
12:38:36:151,1.57,0.21,1.77,-0.05,0.40,0.00,
12:38:36:152,0.38,0.91,2.84,-0.05,0.40,0.00,
12:38:36:152,0.38,0.91,2.84,-0.04,0.35,-0.01,
12:38:36:153,0.38,0.91,2.84,-0.04,0.35,-0.01,
12:38:36:153,0.38,0.91,2.84,-0.04,0.15,-0.01,
12:38:36:153,0.73,-1.88,4.25,-0.04,0.15,-0.01,
12:38:36:154,0.73,-1.88,4.25,-0.03,-0.13,0.01,
12:38:36:155,0.73,-1.88,4.25,-0.03,-0.13,0.01,
12:38:36:157,0.73,-1.88,4.25,-0.02,-0.36,0.03,
12:38:36:157,1.71,-2.11,2.74,-0.02,-0.36,0.03,
12:38:36:159,1.71,-2.11,2.74,0.00,-0.48,0.05,
12:38:36:160,1.71,-2.11,2.74,0.00,-0.48,0.05,
12:38:36:162,1.71,-2.11,2.74,0.02,-0.45,0.06,
12:38:36:163,2.74,-0.63,2.09,0.02,-0.45,0.06,
12:38:36:168,2.74,-0.63,2.09,0.03,-0.27,0.06,
12:38:36:168,2.74,-0.63,2.09,0.03,-0.27,0.06,
12:38:36:169,2.74,-0.63,2.09,0.04,-0.02,0.04,
12:38:36:170,1.07,-2.41,-0.00,0.04,-0.02,0.04,
12:38:36:170,1.07,-2.41,-0.00,0.04,0.15,0.03,
12:38:36:171,1.07,-2.41,-0.00,0.04,0.15,0.03,
12:38:36:172,1.07,-2.41,-0.00,0.03,0.26,0.02,
12:38:36:179,0.83,-2.70,1.61,0.03,0.26,0.02,
12:38:36:180,0.83,-2.70,1.61,0.02,0.25,0.01,
12:38:36:180,0.83,-2.70,1.61,0.02,0.25,0.01,
12:38:36:181,0.83,-2.70,1.61,0.02,0.17,0.01,
12:38:36:182,1.87,0.90,3.29,0.02,0.17,0.01,
12:38:36:182,1.87,0.90,3.29,0.03,0.05,0.01,
12:38:36:183,1.87,0.90,3.29,0.03,0.05,0.01,
12:38:36:183,1.87,0.90,3.29,0.04,-0.07,0.01,
12:38:36:183,0.93,0.44,1.90,0.04,-0.07,0.01,
12:38:36:184,0.93,0.44,1.90,0.05,-0.19,0.02,
12:38:36:185,0.92,0.44,1.90,0.05,-0.19,0.02,
12:38:36:187,0.92,0.44,1.90,0.05,-0.30,0.03,
12:38:36:188,1.43,-3.22,0.16,0.05,-0.30,0.03,
12:38:36:189,1.43,-3.22,0.16,0.05,-0.36,0.03,
12:38:36:190,1.42,-3.22,0.16,0.05,-0.36,0.03,
12:38:36:192,1.42,-3.22,0.16,0.03,-0.30,0.04,
12:38:36:193,1.90,-2.88,-0.35,0.03,-0.30,0.04,
12:38:36:194,1.90,-2.88,-0.35,-0.00,-0.08,0.04,
12:38:36:195,1.90,-2.88,-0.35,-0.00,-0.08,0.04,
12:38:36:197,1.90,-2.88,-0.35,-0.02,0.17,0.03,
12:38:36:199,1.08,0.42,0.28,-0.02,0.17,0.03,
12:38:36:200,1.08,0.42,0.28,-0.03,0.30,0.03,
12:38:36:201,1.08,0.42,0.28,-0.03,0.30,0.03,
12:38:36:202,1.08,0.42,0.28,-0.03,0.31,0.03,
12:38:36:203,0.95,-1.20,1.82,-0.03,0.31,0.03,
12:38:36:205,0.95,-1.20,1.82,-0.04,0.17,0.03,
12:38:36:206,0.95,-1.20,1.82,-0.04,0.17,0.03,
12:38:36:208,0.95,-1.20,1.82,-0.05,-0.03,0.04,
12:38:36:208,1.46,-1.92,1.77,-0.05,-0.03,0.04,
12:38:36:209,1.46,-1.92,1.77,-0.06,-0.20,0.05,
12:38:36:210,1.46,-1.92,1.77,-0.06,-0.20,0.05,
12:38:36:212,1.46,-1.92,1.77,-0.06,-0.26,0.06,
12:38:36:213,1.39,-0.74,1.96,-0.06,-0.26,0.06,
12:38:36:214,1.39,-0.74,1.96,-0.06,-0.19,0.06,
12:38:36:215,1.39,-0.74,1.96,-0.06,-0.19,0.06,
12:38:36:217,1.39,-0.74,1.96,-0.06,-0.10,0.06,
12:38:36:217,0.96,-1.70,1.30,-0.06,-0.10,0.06,
12:38:36:219,0.96,-1.70,1.30,-0.06,-0.08,0.06,
12:38:36:220,0.96,-1.70,1.30,-0.06,-0.08,0.06,
12:38:36:222,0.96,-1.70,1.30,-0.06,-0.07,0.07,
12:38:36:223,1.49,-2.78,1.41,-0.06,-0.07,0.07,
12:38:36:225,1.49,-2.78,1.41,-0.07,-0.02,0.06,
12:38:36:225,1.49,-2.78,1.41,-0.07,-0.02,0.06,
12:38:36:229,1.49,-2.78,1.41,-0.07,0.10,0.06,
12:38:36:230,0.55,-0.68,3.03,-0.07,0.10,0.06,
12:38:36:231,0.55,-0.68,3.03,-0.06,0.19,0.06,
12:38:36:232,0.55,-0.68,3.03,-0.06,0.19,0.06,
12:38:36:233,0.55,-0.68,3.03,-0.03,0.19,0.07,
12:38:36:233,-0.62,-0.10,3.00,-0.03,0.19,0.07,
12:38:36:235,-0.62,-0.10,3.00,-0.01,0.05,0.08,
12:38:36:235,-0.63,-0.10,3.00,-0.01,0.05,0.08,
12:38:36:237,-0.63,-0.10,3.00,0.00,-0.21,0.09,
12:38:36:238,2.03,-2.93,3.49,0.00,-0.21,0.09,
12:38:36:239,2.03,-2.93,3.49,0.01,-0.44,0.09,
12:38:36:240,2.02,-2.93,3.49,0.01,-0.44,0.09,
12:38:36:242,2.02,-2.93,3.49,0.02,-0.56,0.08,
12:38:36:243,2.51,-3.71,0.83,0.02,-0.56,0.08,
12:38:36:251,2.51,-3.71,0.83,0.03,-0.45,0.07,
12:38:36:251,2.51,-3.71,0.83,0.03,-0.45,0.07,
12:38:36:252,2.51,-3.71,0.83,0.03,-0.11,0.07,
12:38:36:252,1.11,0.53,0.41,0.03,-0.11,0.07,
12:38:36:253,1.11,0.53,0.41,0.05,0.21,0.06,
12:38:36:253,1.11,0.53,0.41,0.05,0.21,0.06,
12:38:36:253,1.11,0.53,0.41,0.06,0.33,0.06,
12:38:36:254,1.18,-0.63,1.20,0.06,0.33,0.06,
12:38:36:255,1.18,-0.63,1.20,0.06,0.26,0.05,
12:38:36:256,1.18,-0.63,1.20,0.06,0.26,0.05,
12:38:36:257,1.18,-0.63,1.20,0.05,0.08,0.05,
12:38:36:258,1.58,-2.84,1.86,0.05,0.08,0.05,
12:38:36:259,1.58,-2.84,1.86,0.03,-0.10,0.05,
12:38:36:260,1.57,-2.84,1.86,0.03,-0.10,0.05,
12:38:36:262,1.57,-2.84,1.86,0.02,-0.19,0.06,
12:38:36:263,1.87,0.57,2.30,0.02,-0.19,0.06,
12:38:36:266,1.87,0.57,2.30,0.01,-0.20,0.06,
12:38:36:268,1.87,0.57,2.30,0.01,-0.20,0.06,
12:38:36:268,1.87,0.57,2.30,0.02,-0.21,0.07,
12:38:36:269,2.06,-0.39,0.24,0.02,-0.21,0.07,
12:38:36:270,2.06,-0.39,0.24,0.03,-0.27,0.07,
12:38:36:271,2.05,-0.39,0.24,0.03,-0.27,0.07,
12:38:36:272,2.05,-0.39,0.24,0.04,-0.32,0.05,
12:38:36:273,3.29,-2.95,-0.59,0.04,-0.32,0.05,
12:38:36:274,3.29,-2.95,-0.59,0.01,-0.26,0.04,
12:38:36:275,3.29,-2.95,-0.59,0.01,-0.26,0.04,
12:38:36:277,3.29,-2.95,-0.59,-0.04,0.01,0.02,
12:38:36:278,1.74,-0.80,0.55,-0.04,0.01,0.02,
12:38:36:280,1.74,-0.80,0.55,-0.07,0.30,0.02,
12:38:36:280,1.74,-0.80,0.55,-0.07,0.30,0.02,
12:38:36:283,1.74,-0.80,0.55,-0.07,0.43,0.03,
12:38:36:284,-0.25,0.84,0.81,-0.07,0.43,0.03,
12:38:36:285,-0.25,0.84,0.81,-0.07,0.36,0.04,
12:38:36:285,-0.25,0.84,0.81,-0.07,0.36,0.04,
12:38:36:287,-0.25,0.84,0.81,-0.09,0.10,0.05,
12:38:36:288,3.02,-1.52,4.40,-0.09,0.10,0.05,
12:38:36:290,3.02,-1.52,4.40,-0.12,-0.22,0.06,
12:38:36:291,3.02,-1.52,4.40,-0.12,-0.22,0.06,
12:38:36:292,3.02,-1.52,4.40,-0.12,-0.46,0.06,
12:38:36:293,3.42,-1.91,2.32,-0.12,-0.46,0.06,
12:38:36:295,3.42,-1.91,2.32,-0.10,-0.52,0.06,
12:38:36:295,3.42,-1.91,2.32,-0.10,-0.52,0.06,
12:38:36:297,3.42,-1.91,2.32,-0.07,-0.38,0.06,
12:38:36:302,1.41,-0.81,0.89,-0.07,-0.38,0.06,
12:38:36:303,1.41,-0.81,0.89,-0.07,-0.11,0.05,
12:38:36:303,1.41,-0.81,0.88,-0.07,-0.11,0.05,
12:38:36:304,1.41,-0.81,0.88,-0.07,0.15,0.04,
12:38:36:304,1.78,-1.50,2.20,-0.07,0.15,0.04,
12:38:36:305,1.78,-1.50,2.20,-0.08,0.30,0.03,
12:38:36:306,1.78,-1.50,2.20,-0.08,0.30,0.03,
12:38:36:307,1.78,-1.50,2.20,-0.06,0.31,0.03,
12:38:36:308,0.84,-1.46,3.36,-0.06,0.31,0.03,
12:38:36:309,0.84,-1.46,3.36,-0.04,0.21,0.03,
12:38:36:310,0.84,-1.46,3.36,-0.04,0.21,0.03,
12:38:36:312,0.84,-1.46,3.36,-0.02,0.01,0.04,
12:38:36:313,1.82,-0.02,4.99,-0.02,0.01,0.04,
12:38:36:315,1.82,-0.02,4.99,0.01,-0.25,0.06,
12:38:36:316,1.82,-0.02,4.99,0.01,-0.25,0.06,
12:38:36:317,1.82,-0.02,4.99,0.04,-0.44,0.08,
12:38:36:318,2.40,-1.34,1.90,0.04,-0.44,0.08,
12:38:36:319,2.40,-1.34,1.90,0.06,-0.48,0.09,
12:38:36:320,2.39,-1.34,1.90,0.06,-0.48,0.09,
12:38:36:322,2.39,-1.34,1.90,0.06,-0.37,0.08,
12:38:36:323,2.20,-3.44,0.96,0.06,-0.37,0.08,
12:38:36:324,2.20,-3.44,0.96,0.04,-0.15,0.07,
12:38:36:325,2.20,-3.44,0.96,0.04,-0.15,0.07,
12:38:36:327,2.20,-3.44,0.96,0.03,0.06,0.05,
12:38:36:329,2.77,0.10,1.34,0.03,0.06,0.05,
12:38:36:330,2.77,0.10,1.34,0.04,0.24,0.03,
12:38:36:331,2.77,0.10,1.35,0.04,0.24,0.03,
12:38:36:333,2.77,0.10,1.35,0.05,0.36,0.01,
12:38:36:334,1.45,2.42,2.41,0.05,0.36,0.01,
12:38:36:334,1.45,2.42,2.41,0.04,0.38,-0.00,
12:38:36:335,1.45,2.42,2.41,0.04,0.38,-0.00,
12:38:36:337,1.45,2.42,2.41,0.03,0.24,-0.00,
12:38:36:337,0.64,-0.73,4.12,0.03,0.24,-0.00,
12:38:36:340,0.64,-0.73,4.12,0.02,-0.05,0.01,
12:38:36:340,0.63,-0.73,4.12,0.02,-0.05,0.01,
12:38:36:342,0.63,-0.73,4.12,0.03,-0.38,0.03,
12:38:36:343,2.34,-2.28,1.24,0.03,-0.38,0.03,
12:38:36:351,2.34,-2.28,1.24,0.05,-0.62,0.03,
12:38:36:351,2.33,-2.28,1.24,0.05,-0.62,0.03,
12:38:36:352,2.33,-2.28,1.24,0.05,-0.72,0.02,
12:38:36:352,5.00,-1.70,0.53,0.05,-0.72,0.02,
12:38:36:352,5.00,-1.70,0.53,0.03,-0.61,0.00,
12:38:36:353,4.99,-1.70,0.53,0.03,-0.61,0.00,
12:38:36:354,4.99,-1.70,0.53,0.01,-0.25,-0.01,
12:38:36:354,2.96,0.12,-0.53,0.01,-0.25,-0.01,
12:38:36:357,2.96,0.12,-0.53,-0.01,0.14,-0.02,
12:38:36:357,2.97,0.12,-0.53,-0.01,0.14,-0.02,
12:38:36:358,2.97,0.12,-0.53,-0.02,0.30,-0.03,
12:38:36:358,3.39,-1.37,0.37,-0.02,0.30,-0.03,
12:38:36:359,3.39,-1.37,0.37,-0.03,0.28,-0.03,
12:38:36:360,3.39,-1.37,0.37,-0.03,0.28,-0.03,
12:38:36:368,3.39,-1.37,0.37,-0.03,0.21,-0.03,
12:38:36:369,3.16,-0.11,2.43,-0.03,0.21,-0.03,
12:38:36:369,3.16,-0.11,2.43,-0.04,0.16,-0.04,
12:38:36:370,3.16,-0.11,2.42,-0.04,0.16,-0.04,
12:38:36:370,3.16,-0.11,2.42,-0.04,0.10,-0.03,
12:38:36:371,1.45,-0.05,2.70,-0.04,0.10,-0.03,
12:38:36:371,1.45,-0.05,2.70,-0.05,0.03,-0.01,
12:38:36:372,1.45,-0.05,2.70,-0.05,0.03,-0.01,
12:38:36:372,1.45,-0.05,2.70,-0.04,-0.11,0.02,
12:38:36:373,2.05,-1.71,2.71,-0.04,-0.11,0.02,
12:38:36:375,2.05,-1.71,2.71,-0.03,-0.28,0.04,
12:38:36:375,2.05,-1.71,2.71,-0.03,-0.28,0.04,
12:38:36:377,2.05,-1.71,2.71,-0.03,-0.39,0.06,
12:38:36:378,3.94,-1.37,2.30,-0.03,-0.39,0.06,
12:38:36:380,3.94,-1.37,2.30,-0.04,-0.29,0.06,
12:38:36:381,3.93,-1.37,2.29,-0.04,-0.29,0.06,
12:38:36:386,3.93,-1.37,2.29,-0.05,0.02,0.04,
12:38:36:387,3.93,-1.37,2.29,-0.04,0.28,0.02,
12:38:36:387,2.08,0.70,2.35,-0.04,0.28,0.02,
12:38:36:388,2.08,0.70,2.35,-0.04,0.28,0.02,
12:38:36:388,2.08,0.70,2.35,-0.02,0.41,0.01,
12:38:36:389,0.41,0.02,3.45,-0.02,0.41,0.01,
12:38:36:389,0.41,0.02,3.45,-0.00,0.34,0.01,
12:38:36:390,0.41,0.02,3.45,-0.00,0.34,0.01,
12:38:36:392,0.41,0.02,3.45,0.01,0.07,0.01,
12:38:36:393,2.83,-0.69,5.35,0.01,0.07,0.01,
12:38:36:394,2.83,-0.69,5.35,0.02,-0.28,0.00,
12:38:36:395,2.83,-0.69,5.35,0.02,-0.28,0.00,
12:38:36:397,2.83,-0.69,5.35,0.04,-0.49,0.00,
12:38:36:399,3.58,-0.02,4.00,0.04,-0.49,0.00,
12:38:36:400,3.58,-0.02,4.00,0.06,-0.51,0.00,
12:38:36:401,3.58,-0.02,4.00,0.06,-0.51,0.00,
12:38:36:402,3.58,-0.02,4.00,0.08,-0.38,0.01,
12:38:36:403,3.08,0.02,1.22,0.08,-0.38,0.01,
12:38:36:405,3.08,0.02,1.22,0.09,-0.19,0.01,
12:38:36:405,3.08,0.02,1.22,0.09,-0.19,0.01,
12:38:36:408,3.08,0.02,1.22,0.10,-0.02,0.00,
12:38:36:409,3.82,-0.40,1.06,0.10,-0.02,0.00,
12:38:36:410,3.82,-0.40,1.06,0.09,0.13,-0.02,
12:38:36:410,3.82,-0.40,1.06,0.09,0.13,-0.02,
12:38:36:412,3.82,-0.40,1.06,0.09,0.25,-0.05,
12:38:36:413,2.57,0.16,1.85,0.09,0.25,-0.05,
12:38:36:415,2.57,0.16,1.85,0.09,0.30,-0.09,
12:38:36:416,2.57,0.16,1.86,0.09,0.30,-0.09,
12:38:36:417,2.57,0.16,1.86,0.09,0.23,-0.10,
12:38:36:417,1.95,1.45,2.96,0.09,0.23,-0.10,
12:38:36:419,1.95,1.45,2.96,0.08,0.07,-0.09,
12:38:36:420,1.95,1.45,2.97,0.08,0.07,-0.09,
12:38:36:423,1.95,1.45,2.97,0.08,-0.15,-0.06,
12:38:36:430,2.95,0.89,2.71,0.08,-0.15,-0.06,
12:38:36:431,2.95,0.89,2.71,0.08,-0.34,-0.03,
12:38:36:432,2.94,0.89,2.71,0.08,-0.34,-0.03,
12:38:36:434,2.94,0.89,2.71,0.07,-0.46,-0.01,
12:38:36:435,4.02,-1.06,0.87,0.07,-0.46,-0.01,
12:38:36:435,4.02,-1.06,0.87,0.05,-0.46,-0.01,
12:38:36:436,4.02,-1.06,0.87,0.05,-0.46,-0.01,
12:38:36:436,4.02,-1.06,0.87,0.03,-0.29,-0.01,
12:38:36:436,2.78,-1.02,-0.29,0.03,-0.29,-0.01,
12:38:36:437,2.78,-1.02,-0.29,0.01,0.03,-0.02,
12:38:36:437,2.78,-1.02,-0.29,0.01,0.03,-0.02,
12:38:36:437,2.78,-1.02,-0.29,-0.01,0.32,-0.03,
12:38:36:438,1.01,-1.10,0.64,-0.01,0.32,-0.03,
12:38:36:443,1.01,-1.10,0.64,-0.02,0.45,-0.02,
12:38:36:443,1.01,-1.10,0.64,-0.02,0.45,-0.02,
12:38:36:444,1.01,-1.10,0.64,-0.02,0.39,-0.02,
12:38:36:444,1.59,-0.40,3.01,-0.02,0.39,-0.02,
12:38:36:444,1.59,-0.40,3.01,-0.02,0.16,-0.01,
12:38:36:445,1.59,-0.40,3.01,-0.02,0.16,-0.01,
12:38:36:453,1.59,-0.40,3.01,-0.02,-0.11,-0.01,
12:38:36:454,3.62,1.30,4.28,-0.02,-0.11,-0.01,
12:38:36:454,3.62,1.30,4.28,-0.00,-0.34,-0.01,
12:38:36:455,3.61,1.30,4.28,-0.00,-0.34,-0.01,
12:38:36:455,3.61,1.30,4.28,0.02,-0.44,-0.00,
12:38:36:455,3.12,0.24,1.73,0.02,-0.44,-0.00,
12:38:36:456,3.12,0.24,1.73,0.03,-0.41,0.00,
12:38:36:456,3.12,0.24,1.73,0.03,-0.41,0.00,
12:38:36:457,3.12,0.24,1.73,0.02,-0.24,-0.00,
12:38:36:457,3.19,-1.36,1.56,0.02,-0.24,-0.00,
12:38:36:459,3.19,-1.36,1.56,-0.01,-0.01,-0.01,
12:38:36:460,3.19,-1.36,1.56,-0.01,-0.01,-0.01,
12:38:36:462,3.19,-1.36,1.56,-0.02,0.20,-0.04,
12:38:36:463,3.39,0.41,2.87,-0.02,0.20,-0.04,
12:38:36:465,3.39,0.41,2.87,-0.02,0.32,-0.08,
12:38:36:466,3.40,0.41,2.87,-0.02,0.32,-0.08,
12:38:36:468,3.40,0.41,2.87,-0.01,0.28,-0.10,
12:38:36:468,2.17,-0.91,3.62,-0.01,0.28,-0.10,
12:38:36:469,2.17,-0.91,3.62,0.01,0.09,-0.10,
12:38:36:470,2.18,-0.91,3.62,0.01,0.09,-0.10,
12:38:36:472,2.18,-0.91,3.62,0.02,-0.16,-0.09,
12:38:36:473,3.46,-1.16,3.90,0.02,-0.16,-0.09,
12:38:36:475,3.46,-1.16,3.90,0.04,-0.36,-0.07,
12:38:36:475,3.46,-1.16,3.90,0.04,-0.36,-0.07,
12:38:36:477,3.46,-1.16,3.90,0.05,-0.43,-0.04,
12:38:36:478,3.99,-1.49,2.48,0.05,-0.43,-0.04,
12:38:36:480,3.99,-1.49,2.48,0.06,-0.37,-0.03,
12:38:36:480,3.99,-1.49,2.48,0.06,-0.37,-0.03,
12:38:36:482,3.99,-1.49,2.48,0.08,-0.23,-0.02,
12:38:36:483,3.92,0.20,0.72,0.08,-0.23,-0.02,
12:38:36:485,3.92,0.20,0.72,0.09,-0.06,-0.03,
12:38:36:485,3.92,0.20,0.72,0.09,-0.06,-0.03,
12:38:36:488,3.92,0.20,0.72,0.10,0.14,-0.05,
12:38:36:488,3.21,-0.95,1.15,0.10,0.14,-0.05,
12:38:36:490,3.21,-0.95,1.15,0.09,0.29,-0.08,
12:38:36:490,3.22,-0.95,1.15,0.09,0.29,-0.08,
12:38:36:492,3.22,-0.95,1.15,0.09,0.31,-0.10,
12:38:36:493,3.06,0.48,2.42,0.09,0.31,-0.10,
12:38:36:496,3.06,0.48,2.42,0.09,0.23,-0.12,
12:38:36:496,3.06,0.48,2.43,0.09,0.23,-0.12,
12:38:36:497,3.06,0.48,2.43,0.09,0.07,-0.11,
12:38:36:498,2.96,1.27,3.05,0.09,0.07,-0.11,
12:38:36:500,2.96,1.27,3.05,0.09,-0.08,-0.10,
12:38:36:501,2.96,1.27,3.06,0.09,-0.08,-0.10,
12:38:36:506,2.96,1.27,3.06,0.10,-0.19,-0.08,
12:38:36:507,2.32,0.39,1.31,0.10,-0.19,-0.08,
12:38:36:508,2.32,0.39,1.31,0.09,-0.22,-0.05,
12:38:36:509,2.32,0.39,1.32,0.09,-0.22,-0.05,
12:38:36:509,2.32,0.39,1.32,0.07,-0.20,-0.03,
12:38:36:510,3.15,-0.05,0.92,0.07,-0.20,-0.03,
12:38:36:511,3.15,-0.05,0.92,0.05,-0.14,-0.03,
12:38:36:512,3.15,-0.05,0.92,0.05,-0.14,-0.03,
12:38:36:514,3.15,-0.05,0.92,0.02,-0.04,-0.04,
12:38:36:515,3.51,-0.15,1.13,0.02,-0.04,-0.04,
12:38:36:516,3.51,-0.15,1.13,0.00,0.09,-0.07,
12:38:36:516,3.51,-0.15,1.13,0.00,0.09,-0.07,
12:38:36:517,3.51,-0.15,1.13,-0.01,0.18,-0.10,
12:38:36:518,2.28,0.25,1.21,-0.01,0.18,-0.10,
12:38:36:519,2.28,0.25,1.21,-0.01,0.21,-0.12,
12:38:36:520,2.29,0.25,1.21,-0.01,0.21,-0.12,
12:38:36:522,2.29,0.25,1.21,-0.02,0.14,-0.13,
12:38:36:523,2.62,-0.16,2.27,-0.02,0.14,-0.13,
12:38:36:524,2.62,-0.16,2.27,-0.02,-0.03,-0.12,
12:38:36:525,2.62,-0.16,2.27,-0.02,-0.03,-0.12,
12:38:36:528,2.62,-0.16,2.27,-0.01,-0.22,-0.11,
12:38:36:528,4.50,-0.20,2.04,-0.01,-0.22,-0.11,
12:38:36:530,4.50,-0.20,2.04,-0.01,-0.35,-0.10,
12:38:36:531,4.50,-0.20,2.04,-0.01,-0.35,-0.10,
12:38:36:532,4.50,-0.20,2.04,-0.02,-0.35,-0.10,
12:38:36:534,3.91,-1.53,0.55,-0.02,-0.35,-0.10,
12:38:36:535,3.91,-1.53,0.55,-0.01,-0.24,-0.09,
12:38:36:536,3.91,-1.53,0.55,-0.01,-0.24,-0.09,
12:38:36:537,3.91,-1.53,0.55,-0.02,-0.04,-0.09,
12:38:36:538,2.42,-2.13,0.05,-0.02,-0.04,-0.09,
12:38:36:539,2.42,-2.13,0.05,-0.03,0.19,-0.09,
12:38:36:540,2.43,-2.13,0.05,-0.03,0.19,-0.09,
12:38:36:542,2.43,-2.13,0.05,-0.04,0.35,-0.10,
12:38:36:543,1.91,-1.76,1.54,-0.04,0.35,-0.10,
12:38:36:551,1.91,-1.76,1.54,-0.05,0.40,-0.10,
12:38:36:552,1.92,-1.76,1.54,-0.05,0.40,-0.10,
12:38:36:552,1.92,-1.76,1.54,-0.05,0.35,-0.09,
12:38:36:556,1.80,-0.39,4.01,-0.05,0.35,-0.09,
12:38:36:557,1.80,-0.39,4.01,-0.05,0.17,-0.09,
12:38:36:557,1.80,-0.38,4.01,-0.05,0.17,-0.09,
12:38:36:557,1.80,-0.38,4.01,-0.05,-0.09,-0.07,
12:38:36:558,2.63,-2.21,3.29,-0.05,-0.09,-0.07,
12:38:36:558,2.63,-2.21,3.29,-0.04,-0.31,-0.06,
12:38:36:559,2.63,-2.21,3.28,-0.04,-0.31,-0.06,
12:38:36:559,2.63,-2.21,3.28,-0.02,-0.40,-0.04,
12:38:36:559,2.70,-1.43,1.99,-0.02,-0.40,-0.04,
12:38:36:560,2.70,-1.43,1.99,-0.00,-0.31,-0.03,
12:38:36:560,2.70,-1.43,1.99,-0.00,-0.31,-0.03,
12:38:36:562,2.70,-1.43,1.99,0.02,-0.10,-0.03,
12:38:36:562,2.50,0.83,1.42,0.02,-0.10,-0.03,
12:38:36:565,2.50,0.83,1.42,0.04,0.11,-0.05,
12:38:36:566,2.50,0.83,1.42,0.04,0.11,-0.05,
12:38:36:567,2.50,0.83,1.42,0.06,0.26,-0.07,
12:38:36:568,1.78,0.77,1.75,0.06,0.26,-0.07,
12:38:36:569,1.78,0.77,1.75,0.06,0.32,-0.09,
12:38:36:570,1.78,0.77,1.75,0.06,0.32,-0.09,
12:38:36:572,1.78,0.77,1.75,0.07,0.25,-0.11,
12:38:36:572,1.50,0.28,2.43,0.07,0.25,-0.11,
12:38:36:574,1.50,0.28,2.43,0.07,0.08,-0.10,
12:38:36:575,1.50,0.28,2.43,0.07,0.08,-0.10,
12:38:36:577,1.50,0.28,2.43,0.07,-0.14,-0.09,
12:38:36:578,3.19,1.06,2.60,0.07,-0.14,-0.09,
12:38:36:580,3.19,1.06,2.60,0.06,-0.31,-0.07,
12:38:36:580,3.19,1.06,2.60,0.06,-0.31,-0.07,
12:38:36:582,3.19,1.06,2.60,0.05,-0.40,-0.07,
12:38:36:583,3.39,-1.54,0.17,0.05,-0.40,-0.07,
12:38:36:585,3.39,-1.54,0.17,0.04,-0.40,-0.07,
12:38:36:585,3.39,-1.54,0.17,0.04,-0.40,-0.07,
12:38:36:588,3.39,-1.54,0.17,0.02,-0.29,-0.07,
12:38:36:588,3.25,-2.41,-0.83,0.02,-0.29,-0.07,
12:38:36:590,3.25,-2.41,-0.83,-0.01,-0.07,-0.07,
12:38:36:590,3.25,-2.41,-0.83,-0.01,-0.07,-0.07,
12:38:36:592,3.25,-2.41,-0.83,-0.04,0.19,-0.08,
12:38:36:593,2.56,-0.64,0.20,-0.04,0.19,-0.08,
12:38:36:596,2.56,-0.64,0.20,-0.06,0.36,-0.10,
12:38:36:597,2.56,-0.64,0.20,-0.06,0.36,-0.10,
12:38:36:598,2.56,-0.64,0.20,-0.07,0.37,-0.10,
12:38:36:598,2.29,-0.60,1.41,-0.07,0.37,-0.10,
12:38:36:600,2.29,-0.60,1.41,-0.07,0.26,-0.11,
12:38:36:601,2.30,-0.60,1.41,-0.07,0.26,-0.11,
12:38:36:602,2.30,-0.60,1.41,-0.09,0.09,-0.10,
12:38:36:603,3.02,-1.40,2.89,-0.09,0.09,-0.10,
12:38:36:605,3.02,-1.40,2.89,-0.10,-0.11,-0.08,
12:38:36:606,3.02,-1.40,2.89,-0.10,-0.11,-0.08,
12:38:36:608,3.02,-1.40,2.89,-0.10,-0.25,-0.05,
12:38:36:610,2.81,-1.32,1.35,-0.10,-0.25,-0.05,
12:38:36:610,2.81,-1.32,1.35,-0.07,-0.32,-0.04,
12:38:36:611,2.81,-1.32,1.35,-0.07,-0.32,-0.04,
12:38:36:613,2.81,-1.32,1.35,-0.06,-0.30,-0.02,
12:38:36:614,3.35,-1.29,0.91,-0.06,-0.30,-0.02,
12:38:36:615,3.35,-1.29,0.91,-0.06,-0.15,-0.03,
12:38:36:616,3.35,-1.29,0.91,-0.06,-0.15,-0.03,
12:38:36:617,3.35,-1.29,0.91,-0.07,0.06,-0.05,
12:38:36:618,2.23,-1.93,0.92,-0.07,0.06,-0.05,
12:38:36:620,2.23,-1.93,0.92,-0.08,0.25,-0.06,
12:38:36:620,2.24,-1.93,0.92,-0.08,0.25,-0.06,
12:38:36:623,2.24,-1.93,0.92,-0.07,0.34,-0.06,
12:38:36:624,0.40,-2.50,1.17,-0.07,0.34,-0.06,
12:38:36:625,0.40,-2.50,1.17,-0.06,0.31,-0.06,
12:38:36:625,0.40,-2.50,1.17,-0.06,0.31,-0.06,
12:38:36:628,0.40,-2.50,1.17,-0.05,0.20,-0.05,
12:38:36:628,2.45,1.31,4.13,-0.05,0.20,-0.05,
12:38:36:630,2.45,1.31,4.13,-0.04,-0.01,-0.05,
12:38:36:631,2.45,1.31,4.13,-0.04,-0.01,-0.05,
12:38:36:632,2.45,1.31,4.13,-0.02,-0.23,-0.04,
12:38:36:633,2.76,-0.29,1.74,-0.02,-0.23,-0.04,
12:38:36:635,2.76,-0.29,1.74,-0.00,-0.35,-0.05,
12:38:36:636,2.76,-0.29,1.74,-0.00,-0.35,-0.05,
12:38:36:637,2.76,-0.29,1.74,-0.01,-0.35,-0.04,
12:38:36:638,1.99,-3.98,0.60,-0.01,-0.35,-0.04,
12:38:36:640,1.99,-3.98,0.60,-0.03,-0.22,-0.04,
12:38:36:640,1.99,-3.98,0.60,-0.03,-0.22,-0.04,
12:38:36:642,1.99,-3.98,0.60,-0.05,-0.00,-0.04,
12:38:36:643,2.21,-0.09,0.89,-0.05,-0.00,-0.04,
12:38:36:652,2.21,-0.09,0.89,-0.06,0.22,-0.04,
12:38:36:654,2.21,-0.09,0.89,-0.06,0.22,-0.04,
12:38:36:655,2.21,-0.09,0.89,-0.05,0.40,-0.05,
12:38:36:655,0.92,0.93,2.05,-0.05,0.40,-0.05,
12:38:36:656,0.92,0.93,2.05,-0.05,0.41,-0.05,
12:38:36:657,0.92,0.94,2.05,-0.05,0.41,-0.05,
12:38:36:658,0.92,0.94,2.05,-0.07,0.24,-0.05,
12:38:36:658,1.41,-1.82,3.36,-0.07,0.24,-0.05,
12:38:36:659,1.41,-1.82,3.36,-0.08,-0.05,-0.04,
12:38:36:659,1.41,-1.82,3.36,-0.08,-0.05,-0.04,
12:38:36:659,1.41,-1.82,3.36,-0.08,-0.31,-0.03,
12:38:36:660,3.17,-1.71,2.55,-0.08,-0.31,-0.03,
12:38:36:660,3.17,-1.71,2.55,-0.07,-0.46,-0.03,
12:38:36:660,3.17,-1.71,2.55,-0.07,-0.46,-0.03,
12:38:36:662,3.17,-1.71,2.55,-0.05,-0.45,-0.02,
12:38:36:663,3.19,0.04,1.02,-0.05,-0.45,-0.02,
12:38:36:666,3.19,0.04,1.02,-0.03,-0.30,-0.02,
12:38:36:667,3.19,0.04,1.02,-0.03,-0.30,-0.02,
12:38:36:668,3.19,0.04,1.02,-0.02,-0.07,-0.03,
12:38:36:668,2.46,-1.09,-0.05,-0.02,-0.07,-0.03,
12:38:36:671,2.46,-1.09,-0.05,-0.03,0.13,-0.04,
12:38:36:672,2.46,-1.09,-0.05,-0.03,0.13,-0.04,
12:38:36:672,2.46,-1.09,-0.05,-0.04,0.27,-0.06,
12:38:36:679,2.09,-1.57,0.97,-0.04,0.27,-0.06,
12:38:36:679,2.09,-1.57,0.97,-0.04,0.31,-0.08,
12:38:36:680,2.10,-1.57,0.97,-0.04,0.31,-0.08,
12:38:36:681,2.10,-1.57,0.97,-0.05,0.23,-0.09,
12:38:36:681,2.89,0.11,3.10,-0.05,0.23,-0.09,
12:38:36:682,2.89,0.11,3.10,-0.05,0.08,-0.08,
12:38:36:683,2.89,0.11,3.10,-0.05,0.08,-0.08,
12:38:36:684,2.89,0.11,3.10,-0.04,-0.09,-0.07,
12:38:36:684,2.19,-0.68,1.50,-0.04,-0.09,-0.07,
12:38:36:685,2.19,-0.68,1.50,-0.03,-0.23,-0.04,
12:38:36:686,2.19,-0.68,1.50,-0.03,-0.23,-0.04,
12:38:36:688,2.19,-0.68,1.50,-0.02,-0.30,-0.02,
12:38:36:690,2.28,-2.45,0.18,-0.02,-0.30,-0.02,
12:38:36:690,2.28,-2.45,0.18,-0.02,-0.28,-0.01,
12:38:36:691,2.28,-2.45,0.18,-0.02,-0.28,-0.01,
12:38:36:692,2.28,-2.45,0.18,-0.05,-0.14,-0.01,
12:38:36:693,2.58,-1.66,1.01,-0.05,-0.14,-0.01,
12:38:36:695,2.58,-1.66,1.01,-0.09,0.12,-0.02,
12:38:36:696,2.58,-1.66,1.00,-0.09,0.12,-0.02,
12:38:36:697,2.58,-1.66,1.00,-0.11,0.30,-0.03,
12:38:36:698,1.26,-1.44,1.33,-0.11,0.30,-0.03,
12:38:36:701,1.26,-1.44,1.33,-0.11,0.33,-0.04,
12:38:36:702,1.26,-1.44,1.33,-0.11,0.33,-0.04,
12:38:36:702,1.26,-1.44,1.33,-0.11,0.26,-0.04,
12:38:36:703,0.98,-1.29,2.85,-0.11,0.26,-0.04,
12:38:36:705,0.98,-1.29,2.85,-0.12,0.10,-0.04,
12:38:36:705,0.98,-1.29,2.85,-0.12,0.10,-0.04,
12:38:36:707,0.98,-1.29,2.85,-0.13,-0.12,-0.03,
12:38:36:709,3.07,-1.29,3.89,-0.13,-0.12,-0.03,
12:38:36:709,3.07,-1.29,3.89,-0.12,-0.30,-0.02,
12:38:36:710,3.06,-1.29,3.89,-0.12,-0.30,-0.02,
12:38:36:712,3.06,-1.29,3.89,-0.08,-0.37,-0.01,
12:38:36:713,2.38,-1.14,1.34,-0.08,-0.37,-0.01,
12:38:36:714,2.38,-1.14,1.34,-0.05,-0.31,-0.01,
12:38:36:715,2.38,-1.14,1.34,-0.05,-0.31,-0.01,
12:38:36:717,2.38,-1.14,1.34,-0.04,-0.10,-0.02,
12:38:36:717,1.63,-0.85,0.89,-0.04,-0.10,-0.02,
12:38:36:719,1.63,-0.85,0.89,-0.03,0.17,-0.04,
12:38:36:720,1.63,-0.85,0.89,-0.03,0.17,-0.04,
12:38:36:722,1.63,-0.85,0.89,-0.03,0.35,-0.05,
12:38:36:723,1.62,-0.07,2.47,-0.03,0.35,-0.05,
12:38:36:724,1.62,-0.07,2.47,-0.02,0.36,-0.07,
12:38:36:725,1.63,-0.07,2.47,-0.02,0.36,-0.07,
12:38:36:728,1.63,-0.07,2.47,-0.01,0.23,-0.08,
12:38:36:729,1.53,-0.22,3.69,-0.01,0.23,-0.08,
12:38:36:730,1.53,-0.22,3.69,-0.01,0.04,-0.07,
12:38:36:730,1.54,-0.22,3.69,-0.01,0.04,-0.07,
12:38:36:736,1.54,-0.22,3.69,0.00,-0.17,-0.05,
12:38:36:736,1.77,-1.14,2.43,0.00,-0.17,-0.05,
12:38:36:737,1.77,-1.14,2.43,0.01,-0.32,-0.03,
12:38:36:737,1.77,-1.14,2.43,0.01,-0.32,-0.03,
12:38:36:738,1.77,-1.14,2.43,0.01,-0.36,-0.00,
12:38:36:738,1.70,-2.21,0.45,0.01,-0.36,-0.00,
12:38:36:740,1.70,-2.21,0.45,0.01,-0.30,0.01,
12:38:36:741,1.70,-2.21,0.45,0.01,-0.30,0.01,
12:38:36:742,1.70,-2.21,0.45,-0.01,-0.13,0.02,
12:38:36:742,2.67,-0.93,1.01,-0.01,-0.13,0.02,
12:38:36:746,2.67,-0.93,1.01,-0.03,0.09,0.01,
12:38:36:747,2.68,-0.93,1.01,-0.03,0.09,0.01,
12:38:36:748,2.68,-0.93,1.01,-0.05,0.25,-0.02,
12:38:36:749,1.74,-1.29,1.12,-0.05,0.25,-0.02,
12:38:36:750,1.74,-1.29,1.12,-0.05,0.27,-0.04,
12:38:36:750,1.74,-1.28,1.12,-0.05,0.27,-0.04,
12:38:36:752,1.74,-1.28,1.12,-0.04,0.24,-0.05,
12:38:36:753,0.30,-1.18,1.91,-0.04,0.24,-0.05,
12:38:36:755,0.30,-1.18,1.91,-0.04,0.15,-0.05,
12:38:36:755,0.30,-1.18,1.91,-0.04,0.15,-0.05,
12:38:36:757,0.30,-1.18,1.91,-0.05,-0.03,-0.04,
12:38:36:758,2.58,0.16,3.46,-0.05,-0.03,-0.04,
12:38:36:760,2.58,0.16,3.46,-0.04,-0.23,-0.02,
12:38:36:760,2.57,0.16,3.46,-0.04,-0.23,-0.02,
12:38:36:762,2.57,0.16,3.46,-0.02,-0.36,-0.02,
12:38:36:763,2.86,-0.89,0.99,-0.02,-0.36,-0.02,
12:38:36:765,2.86,-0.89,0.99,-0.01,-0.38,-0.02,
12:38:36:765,2.86,-0.89,0.99,-0.01,-0.38,-0.02,
12:38:36:768,2.86,-0.89,0.99,-0.02,-0.28,-0.02,
12:38:36:768,2.30,-3.45,0.20,-0.02,-0.28,-0.02,
12:38:36:770,2.30,-3.45,0.20,-0.05,-0.06,-0.03,
12:38:36:770,2.30,-3.45,0.19,-0.05,-0.06,-0.03,
12:38:36:772,2.30,-3.45,0.19,-0.07,0.19,-0.03,
12:38:36:773,1.37,-1.96,0.68,-0.07,0.19,-0.03,
12:38:36:775,1.37,-1.96,0.68,-0.08,0.36,-0.04,
12:38:36:775,1.38,-1.96,0.68,-0.08,0.36,-0.04,
12:38:36:778,1.38,-1.96,0.68,-0.08,0.45,-0.04,
12:38:36:779,1.08,0.75,3.41,-0.08,0.45,-0.04,
12:38:36:780,1.08,0.75,3.41,-0.07,0.35,-0.04,
12:38:36:781,1.08,0.75,3.41,-0.07,0.35,-0.04,
12:38:36:784,1.08,0.75,3.41,-0.07,0.08,-0.03,
12:38:36:785,2.11,-1.43,3.94,-0.07,0.08,-0.03,
12:38:36:786,2.11,-1.43,3.94,-0.06,-0.21,-0.02,
12:38:36:786,2.11,-1.43,3.93,-0.06,-0.21,-0.02,
12:38:36:787,2.11,-1.43,3.93,-0.04,-0.39,-0.00,
12:38:36:788,2.00,-2.53,1.83,-0.04,-0.39,-0.00,
12:38:36:790,2.00,-2.53,1.83,-0.01,-0.41,0.01,
12:38:36:790,1.99,-2.53,1.83,-0.01,-0.41,0.01,
12:38:36:792,1.99,-2.53,1.83,-0.01,-0.25,0.01,
12:38:36:793,2.47,0.74,2.23,-0.01,-0.25,0.01,
12:38:36:796,2.47,0.74,2.23,-0.00,0.04,-0.00,
12:38:36:797,2.47,0.74,2.23,-0.00,0.04,-0.00,
12:38:36:798,2.47,0.74,2.23,-0.01,0.27,-0.02,
12:38:36:805,1.09,-0.44,1.38,-0.01,0.27,-0.02,
12:38:36:806,1.09,-0.44,1.38,-0.00,0.37,-0.04,
12:38:36:807,1.10,-0.43,1.38,-0.00,0.37,-0.04,
12:38:36:810,1.10,-0.43,1.38,-0.01,0.33,-0.05,
12:38:36:812,0.71,-0.75,3.21,-0.01,0.33,-0.05,
12:38:36:813,0.71,-0.75,3.21,-0.01,0.15,-0.05,
12:38:36:815,0.71,-0.75,3.21,-0.01,0.15,-0.05,
12:38:36:816,0.71,-0.75,3.21,-0.01,-0.07,-0.04,
12:38:36:816,2.57,0.85,4.11,-0.01,-0.07,-0.04,
12:38:36:817,2.57,0.85,4.11,-0.02,-0.25,-0.02,
12:38:36:818,2.57,0.85,4.11,-0.02,-0.25,-0.02,
12:38:36:818,2.57,0.85,4.11,-0.01,-0.33,-0.01,
12:38:36:819,2.14,-0.42,1.72,-0.01,-0.33,-0.01,
12:38:36:819,2.14,-0.42,1.72,0.01,-0.35,0.00,
12:38:36:820,2.13,-0.42,1.72,0.01,-0.35,0.00,
12:38:36:821,2.13,-0.42,1.72,0.02,-0.31,-0.00,
12:38:36:821,3.05,-1.39,0.33,0.02,-0.31,-0.00,
12:38:36:822,3.05,-1.39,0.33,0.01,-0.13,-0.02,
12:38:36:822,3.05,-1.39,0.33,0.01,-0.13,-0.02,
12:38:36:823,3.05,-1.39,0.33,-0.02,0.15,-0.04,
12:38:36:824,2.52,-0.58,1.45,-0.02,0.15,-0.04,
12:38:36:828,2.52,-0.58,1.45,-0.04,0.35,-0.07,
12:38:36:830,2.52,-0.58,1.45,-0.04,0.35,-0.07,
12:38:36:831,2.52,-0.58,1.45,-0.02,0.39,-0.09,
12:38:36:832,1.30,-0.07,2.32,-0.02,0.39,-0.09,
12:38:36:833,1.30,-0.07,2.32,-0.01,0.32,-0.10,
12:38:36:834,1.30,-0.06,2.32,-0.01,0.32,-0.10,
12:38:36:835,1.30,-0.06,2.32,-0.01,0.16,-0.09,
12:38:36:836,1.41,-0.16,3.78,-0.01,0.16,-0.09,
12:38:36:836,1.41,-0.16,3.78,-0.01,-0.07,-0.06,
12:38:36:836,1.41,-0.16,3.78,-0.01,-0.07,-0.06,
12:38:36:837,1.41,-0.16,3.78,0.00,-0.27,-0.03,
12:38:36:838,1.85,-0.17,1.75,0.00,-0.27,-0.03,
12:38:36:839,1.85,-0.17,1.75,0.03,-0.38,-0.00,
12:38:36:840,1.85,-0.17,1.75,0.03,-0.38,-0.00,
12:38:36:843,1.85,-0.17,1.75,0.03,-0.34,0.01,
12:38:36:844,2.17,-1.52,1.08,0.03,-0.34,0.01,
12:38:36:846,2.17,-1.52,1.08,0.01,-0.12,0.01,
12:38:36:846,2.17,-1.52,1.08,0.01,-0.12,0.01,
12:38:36:848,2.17,-1.52,1.08,-0.01,0.15,0.00,
12:38:36:848,0.96,-1.51,1.03,-0.01,0.15,0.00,
12:38:36:851,0.96,-1.51,1.03,-0.03,0.31,-0.01,
12:38:36:851,0.96,-1.51,1.03,-0.03,0.31,-0.01,
12:38:36:852,0.96,-1.51,1.03,-0.03,0.34,-0.02,
12:38:36:852,0.20,-2.00,2.20,-0.03,0.34,-0.02,
12:38:36:854,0.20,-2.00,2.20,-0.04,0.29,-0.04,
12:38:36:855,0.20,-2.00,2.20,-0.04,0.29,-0.04,
12:38:36:857,0.20,-2.00,2.20,-0.04,0.15,-0.04,
12:38:36:857,1.45,0.39,4.87,-0.04,0.15,-0.04,
12:38:36:859,1.45,0.39,4.87,-0.04,-0.05,-0.03,
12:38:36:860,1.45,0.39,4.87,-0.04,-0.05,-0.03,
12:38:36:868,1.45,0.39,4.87,-0.02,-0.23,-0.01,
12:38:36:869,1.26,-0.95,2.75,-0.02,-0.23,-0.01,
12:38:36:869,1.26,-0.95,2.75,0.01,-0.33,0.00,
12:38:36:869,1.25,-0.95,2.75,0.01,-0.33,0.00,
12:38:36:870,1.25,-0.95,2.75,0.03,-0.33,0.01,
12:38:36:870,1.80,-2.01,1.40,0.03,-0.33,0.01,
12:38:36:870,1.80,-2.01,1.40,0.03,-0.20,0.01,
12:38:36:870,1.80,-2.01,1.40,0.03,-0.20,0.01,
12:38:36:873,1.80,-2.01,1.40,0.02,0.05,-0.01,
12:38:36:873,2.07,0.45,2.19,0.02,0.05,-0.01,
12:38:36:874,2.07,0.45,2.19,0.02,0.26,-0.03,
12:38:36:875,2.07,0.45,2.20,0.02,0.26,-0.03,
12:38:36:877,2.07,0.45,2.20,0.03,0.36,-0.05,
12:38:36:878,1.04,0.84,2.85,0.03,0.36,-0.05,
12:38:36:879,1.04,0.84,2.85,0.04,0.32,-0.06,
12:38:36:880,1.04,0.84,2.85,0.04,0.32,-0.06,
12:38:36:882,1.04,0.84,2.85,0.04,0.14,-0.06,
12:38:36:883,1.29,-0.96,3.86,0.04,0.14,-0.06,
12:38:36:884,1.29,-0.96,3.86,0.04,-0.09,-0.04,
12:38:36:885,1.29,-0.96,3.86,0.04,-0.09,-0.04,
12:38:36:888,1.29,-0.96,3.86,0.06,-0.26,-0.01,
12:38:36:888,1.32,-0.34,2.31,0.06,-0.26,-0.01,
12:38:36:890,1.32,-0.34,2.31,0.07,-0.31,0.02,
12:38:36:890,1.31,-0.34,2.31,0.07,-0.31,0.02,
12:38:36:892,1.31,-0.34,2.31,0.07,-0.25,0.04,
12:38:36:893,1.57,0.10,1.59,0.07,-0.25,0.04,
12:38:36:895,1.57,0.10,1.59,0.07,-0.08,0.04,
12:38:36:895,1.57,0.10,1.59,0.07,-0.08,0.04,
12:38:36:897,1.57,0.10,1.59,0.06,0.06,0.03,
12:38:36:898,1.31,-1.69,1.09,0.06,0.06,0.03,
12:38:36:900,1.31,-1.69,1.09,0.05,0.13,0.02,
12:38:36:901,1.31,-1.69,1.09,0.05,0.13,0.02,
12:38:36:902,1.31,-1.69,1.09,0.03,0.14,-0.00,
12:38:36:903,1.23,-1.69,1.86,0.03,0.14,-0.00,
12:38:36:905,1.23,-1.69,1.86,0.03,0.10,-0.01,
12:38:36:905,1.23,-1.69,1.86,0.03,0.10,-0.01,
12:38:36:908,1.23,-1.69,1.86,0.03,0.06,-0.01,
12:38:36:909,1.27,1.06,2.82,0.03,0.06,-0.01,
12:38:36:910,1.27,1.06,2.82,0.04,0.03,-0.01,
12:38:36:911,1.27,1.06,2.83,0.04,0.03,-0.01,
12:38:36:912,1.27,1.06,2.83,0.04,-0.04,0.00,
12:38:36:913,1.04,-0.69,2.09,0.04,-0.04,0.00,
12:38:36:916,1.04,-0.69,2.09,0.04,-0.15,0.02,
12:38:36:917,1.04,-0.69,2.09,0.04,-0.15,0.02,
12:38:36:918,1.04,-0.69,2.09,0.05,-0.22,0.04,
12:38:36:918,1.53,-1.47,1.10,0.05,-0.22,0.04,
12:38:36:920,1.53,-1.47,1.10,0.04,-0.18,0.04,
12:38:36:920,1.52,-1.47,1.10,0.04,-0.18,0.04,
12:38:36:923,1.52,-1.47,1.10,0.02,-0.01,0.04,
12:38:36:929,1.36,0.35,2.12,0.02,-0.01,0.04,
12:38:36:930,1.36,0.35,2.12,-0.00,0.19,0.02,
12:38:36:931,1.36,0.35,2.12,-0.00,0.19,0.02,
12:38:36:932,1.36,0.35,2.12,-0.01,0.27,0.01,
12:38:36:932,0.67,0.38,2.90,-0.01,0.27,0.01,
12:38:36:933,0.67,0.38,2.90,-0.01,0.22,-0.00,
12:38:36:934,0.67,0.38,2.90,-0.01,0.22,-0.00,
12:38:36:934,0.67,0.38,2.90,-0.01,0.05,0.00,
12:38:36:935,1.44,-0.59,3.69,-0.01,0.05,0.00,
12:38:36:935,1.44,-0.59,3.69,-0.01,-0.15,0.02,
12:38:36:935,1.44,-0.59,3.69,-0.01,-0.15,0.02,
12:38:36:937,1.44,-0.59,3.69,-0.01,-0.28,0.04,
12:38:36:937,2.42,-0.65,3.55,-0.01,-0.28,0.04,
12:38:36:939,2.42,-0.65,3.55,-0.01,-0.31,0.05,
12:38:36:940,2.42,-0.65,3.55,-0.01,-0.31,0.05,
12:38:36:942,2.42,-0.65,3.55,0.01,-0.23,0.06,
12:38:36:943,2.06,-0.10,1.74,0.01,-0.23,0.06,
12:38:36:950,2.06,-0.10,1.74,0.03,-0.08,0.05,
12:38:36:950,2.06,-0.10,1.74,0.03,-0.08,0.05,
12:38:36:951,2.06,-0.10,1.74,0.06,0.08,0.02,
12:38:36:951,1.86,-0.71,1.79,0.06,0.08,0.02,
12:38:36:951,1.86,-0.71,1.79,0.07,0.17,-0.01,
12:38:36:952,1.86,-0.71,1.79,0.07,0.17,-0.01,
12:38:36:952,1.86,-0.71,1.79,0.08,0.18,-0.03,
12:38:36:953,2.00,0.48,2.85,0.08,0.18,-0.03,
12:38:36:955,2.00,0.48,2.85,0.08,0.17,-0.05,
12:38:36:956,2.00,0.48,2.85,0.08,0.17,-0.05,
12:38:36:957,2.00,0.48,2.85,0.08,0.16,-0.05,
12:38:36:958,0.71,0.08,3.25,0.08,0.16,-0.05,
12:38:36:960,0.71,0.08,3.25,0.08,0.08,-0.04,
12:38:36:960,0.71,0.08,3.25,0.08,0.08,-0.04,
12:38:36:962,0.71,0.08,3.25,0.08,-0.07,-0.01,
12:38:36:963,1.20,-0.22,2.95,0.08,-0.07,-0.01,
12:38:36:965,1.20,-0.22,2.95,0.08,-0.21,0.03,
12:38:36:966,1.20,-0.22,2.95,0.08,-0.21,0.03,
12:38:36:968,1.20,-0.22,2.95,0.08,-0.27,0.06,
12:38:36:968,1.33,-1.65,0.83,0.08,-0.27,0.06,
12:38:36:970,1.33,-1.65,0.83,0.07,-0.24,0.07,
12:38:36:970,1.33,-1.65,0.83,0.07,-0.24,0.07,
12:38:36:972,1.33,-1.65,0.83,0.06,-0.07,0.06,
12:38:36:973,1.39,-0.64,1.32,0.06,-0.07,0.06,
12:38:36:975,1.39,-0.64,1.32,0.05,0.11,0.04,
12:38:36:975,1.39,-0.64,1.32,0.05,0.11,0.04,
12:38:36:977,1.39,-0.64,1.32,0.03,0.21,0.02,
12:38:36:978,0.88,-0.59,1.77,0.03,0.21,0.02,
12:38:36:980,0.88,-0.59,1.77,0.03,0.25,-0.00,
12:38:36:981,0.88,-0.59,1.77,0.03,0.25,-0.00,
12:38:36:982,0.88,-0.59,1.77,0.03,0.22,-0.01,
12:38:36:983,0.32,1.06,3.01,0.03,0.22,-0.01,
12:38:36:984,0.32,1.06,3.01,0.03,0.11,-0.01,
12:38:36:985,0.32,1.06,3.02,0.03,0.11,-0.01,
12:38:36:988,0.32,1.06,3.02,0.03,-0.08,0.01,
12:38:36:988,1.89,0.91,3.98,0.03,-0.08,0.01,
12:38:36:990,1.89,0.91,3.98,0.03,-0.26,0.04,
12:38:36:990,1.88,0.91,3.98,0.03,-0.26,0.04,
12:38:36:992,1.88,0.91,3.98,0.04,-0.34,0.05,
12:38:36:993,1.57,-0.69,1.10,0.04,-0.34,0.05,
12:38:36:996,1.57,-0.69,1.10,0.06,-0.31,0.05,
12:38:36:997,1.57,-0.69,1.10,0.06,-0.31,0.05,
12:38:36:998,1.57,-0.69,1.10,0.05,-0.14,0.04,
12:38:36:998,1.16,-0.61,1.11,0.05,-0.14,0.04,
12:38:37:000,1.16,-0.61,1.11,0.04,0.08,0.02,
12:38:37:001,1.16,-0.61,1.11,0.04,0.08,0.02,
12:38:37:003,1.16,-0.61,1.11,0.03,0.21,0.00,
12:38:37:003,1.61,-0.17,2.05,0.03,0.21,0.00,
12:38:37:005,1.61,-0.17,2.05,0.02,0.24,-0.02,
12:38:37:005,1.61,-0.17,2.05,0.02,0.24,-0.02,
12:38:37:008,1.61,-0.17,2.05,0.01,0.18,-0.03,
12:38:37:008,0.91,-1.21,3.05,0.01,0.18,-0.03,
12:38:37:010,0.91,-1.21,3.05,0.01,0.06,-0.02,
12:38:37:011,0.92,-1.21,3.05,0.01,0.06,-0.02,
12:38:37:013,0.92,-1.21,3.05,0.01,-0.11,-0.00,
12:38:37:014,1.43,-1.03,3.34,0.01,-0.11,-0.00,
12:38:37:015,1.43,-1.03,3.34,0.02,-0.23,0.03,
12:38:37:015,1.43,-1.03,3.34,0.02,-0.23,0.03,
12:38:37:017,1.43,-1.03,3.34,0.03,-0.23,0.06,
12:38:37:018,1.32,-0.29,2.08,0.03,-0.23,0.06,
12:38:37:020,1.32,-0.29,2.08,0.04,-0.15,0.07,
12:38:37:020,1.32,-0.29,2.08,0.04,-0.15,0.07,
12:38:37:023,1.32,-0.29,2.08,0.05,-0.01,0.06,
12:38:37:023,1.04,-0.78,1.88,0.05,-0.01,0.06,
12:38:37:025,1.04,-0.78,1.88,0.05,0.10,0.04,
12:38:37:025,1.04,-0.79,1.88,0.05,0.10,0.04,
12:38:37:028,1.04,-0.79,1.88,0.04,0.15,0.01,
12:38:37:028,1.30,-0.80,2.97,0.04,0.15,0.01,
12:38:37:036,1.30,-0.80,2.97,0.04,0.16,-0.01,
12:38:37:036,1.30,-0.80,2.97,0.04,0.16,-0.01,
12:38:37:037,1.30,-0.80,2.97,0.05,0.14,-0.02,
12:38:37:037,0.70,1.52,3.68,0.05,0.14,-0.02,
12:38:37:037,0.70,1.52,3.68,0.05,0.06,-0.01,
12:38:37:038,0.70,1.52,3.68,0.05,0.06,-0.01,
12:38:37:038,0.70,1.52,3.68,0.06,-0.09,0.02,
12:38:37:038,2.00,1.61,4.07,0.06,-0.09,0.02,
12:38:37:040,2.00,1.61,4.07,0.08,-0.25,0.04,
12:38:37:040,2.00,1.61,4.07,0.08,-0.25,0.04,
12:38:37:042,2.00,1.61,4.07,0.10,-0.33,0.05,
12:38:37:042,1.68,-1.52,0.68,0.10,-0.33,0.05,
12:38:37:045,1.68,-1.52,0.68,0.11,-0.33,0.05,
12:38:37:046,1.68,-1.52,0.68,0.11,-0.33,0.05,
12:38:37:048,1.68,-1.52,0.68,0.10,-0.18,0.04,
12:38:37:054,1.50,-0.28,0.48,0.10,-0.18,0.04,
12:38:37:054,1.50,-0.28,0.48,0.08,0.09,0.03,
12:38:37:055,1.50,-0.29,0.48,0.08,0.09,0.03,
12:38:37:056,1.50,-0.29,0.48,0.07,0.31,0.01,
12:38:37:056,1.17,1.72,1.53,0.07,0.31,0.01,
12:38:37:057,1.17,1.72,1.53,0.06,0.35,-0.01,
12:38:37:057,1.17,1.72,1.53,0.06,0.35,-0.01,
12:38:37:058,1.17,1.72,1.53,0.05,0.21,-0.02,
12:38:37:059,1.31,-1.12,2.53,0.05,0.21,-0.02,
12:38:37:060,1.31,-1.12,2.53,0.03,-0.00,-0.01,
12:38:37:060,1.31,-1.12,2.53,0.03,-0.00,-0.01,
12:38:37:062,1.31,-1.12,2.53,0.02,-0.19,0.01,
12:38:37:063,1.35,-0.93,1.70,0.02,-0.19,0.01,
12:38:37:065,1.35,-0.93,1.70,0.02,-0.27,0.03,
12:38:37:067,1.35,-0.93,1.70,0.02,-0.27,0.03,
12:38:37:068,1.35,-0.93,1.70,0.02,-0.24,0.05,
12:38:37:068,1.42,0.18,1.54,0.02,-0.24,0.05,
12:38:37:070,1.42,0.18,1.54,0.02,-0.15,0.06,
12:38:37:070,1.41,0.18,1.54,0.02,-0.15,0.06,
12:38:37:072,1.41,0.18,1.54,0.01,-0.03,0.05,
12:38:37:073,0.98,-1.17,0.68,0.01,-0.03,0.05,
12:38:37:075,0.98,-1.17,0.68,-0.01,0.08,0.04,
12:38:37:075,0.98,-1.17,0.68,-0.01,0.08,0.04,
12:38:37:078,0.98,-1.17,0.68,-0.03,0.15,0.02,
12:38:37:079,0.88,-2.15,2.22,-0.03,0.15,0.02,
12:38:37:080,0.88,-2.15,2.22,-0.05,0.16,0.00,
12:38:37:081,0.88,-2.15,2.22,-0.05,0.16,0.00,
12:38:37:083,0.88,-2.15,2.22,-0.05,0.08,0.00,
12:38:37:084,1.43,-0.22,3.56,-0.05,0.08,0.00,
12:38:37:084,1.43,-0.22,3.56,-0.05,-0.03,0.02,
12:38:37:085,1.43,-0.22,3.56,-0.05,-0.03,0.02,
12:38:37:088,1.43,-0.22,3.56,-0.02,-0.13,0.03,
12:38:37:088,1.19,-0.19,2.61,-0.02,-0.13,0.03,
12:38:37:090,1.19,-0.19,2.61,-0.01,-0.19,0.05,
12:38:37:090,1.19,-0.19,2.61,-0.01,-0.19,0.05,
12:38:37:092,1.19,-0.19,2.61,0.01,-0.21,0.06,
12:38:37:093,1.37,-1.66,1.95,0.01,-0.21,0.06,
12:38:37:096,1.37,-1.66,1.95,0.01,-0.16,0.07,
12:38:37:096,1.36,-1.66,1.95,0.01,-0.16,0.07,
12:38:37:097,1.36,-1.66,1.95,0.02,-0.06,0.06,
12:38:37:099,1.38,-1.30,1.33,0.02,-0.06,0.06,
12:38:37:100,1.38,-1.30,1.33,0.02,0.07,0.04,
12:38:37:101,1.38,-1.30,1.33,0.02,0.07,0.04,
12:38:37:102,1.38,-1.30,1.33,0.03,0.16,0.02,
12:38:37:103,1.80,1.09,2.88,0.03,0.16,0.02,
12:38:37:105,1.80,1.09,2.88,0.04,0.17,0.00,
12:38:37:105,1.80,1.09,2.88,0.04,0.17,0.00,
12:38:37:108,1.80,1.09,2.88,0.05,0.10,-0.01,
12:38:37:108,0.78,-0.63,2.19,0.05,0.10,-0.01,
12:38:37:110,0.78,-0.63,2.19,0.05,-0.01,-0.01,
12:38:37:111,0.78,-0.63,2.19,0.05,-0.01,-0.01,
12:38:37:114,0.78,-0.63,2.19,0.05,-0.12,0.01,
12:38:37:115,1.28,-0.87,1.86,0.05,-0.12,0.01,
12:38:37:116,1.28,-0.87,1.86,0.04,-0.20,0.03,
12:38:37:116,1.28,-0.87,1.86,0.04,-0.20,0.03,
12:38:37:117,1.28,-0.87,1.86,0.04,-0.23,0.05,
12:38:37:118,2.94,0.32,1.93,0.04,-0.23,0.05,
12:38:37:120,2.94,0.32,1.93,0.03,-0.21,0.05,
12:38:37:120,2.94,0.32,1.93,0.03,-0.21,0.05,
12:38:37:122,2.94,0.32,1.93,0.02,-0.12,0.04,
12:38:37:123,1.82,-1.86,-0.10,0.02,-0.12,0.04,
12:38:37:125,1.82,-1.86,-0.10,0.01,-0.01,0.02,
12:38:37:125,1.82,-1.86,-0.10,0.01,-0.01,0.02,
12:38:37:128,1.82,-1.86,-0.10,-0.00,0.10,0.01,
12:38:37:128,1.44,-1.45,0.72,-0.00,0.10,0.01,
12:38:37:130,1.44,-1.45,0.72,-0.02,0.17,-0.01,
12:38:37:131,1.44,-1.45,0.72,-0.02,0.17,-0.01,
12:38:37:133,1.44,-1.45,0.72,-0.04,0.20,-0.02,
12:38:37:134,1.48,0.08,2.33,-0.04,0.20,-0.02,
12:38:37:135,1.48,0.08,2.33,-0.04,0.16,-0.02,
12:38:37:136,1.48,0.08,2.33,-0.04,0.16,-0.02,
12:38:37:137,1.48,0.08,2.33,-0.03,0.05,-0.01,
12:38:37:138,0.88,-0.14,1.63,-0.03,0.05,-0.01,
12:38:37:140,0.88,-0.14,1.63,-0.02,-0.10,0.02,
12:38:37:140,0.88,-0.14,1.63,-0.02,-0.10,0.02,
12:38:37:142,0.88,-0.14,1.63,-0.02,-0.22,0.04,
12:38:37:143,2.31,-1.01,1.81,-0.02,-0.22,0.04,
12:38:37:151,2.31,-1.01,1.81,-0.03,-0.27,0.05,
12:38:37:152,2.31,-1.01,1.81,-0.03,-0.27,0.05,
12:38:37:152,2.31,-1.01,1.81,-0.04,-0.22,0.05,
12:38:37:153,2.22,-0.56,0.76,-0.04,-0.22,0.05,
12:38:37:153,2.22,-0.56,0.76,-0.04,-0.12,0.04,
12:38:37:153,2.22,-0.56,0.75,-0.04,-0.12,0.04,
12:38:37:154,2.22,-0.56,0.75,-0.05,0.03,0.02,
12:38:37:154,1.31,-1.53,0.74,-0.05,0.03,0.02,
12:38:37:155,1.31,-1.53,0.74,-0.06,0.18,0.00,
12:38:37:156,1.31,-1.53,0.74,-0.06,0.18,0.00,
12:38:37:157,1.31,-1.53,0.74,-0.07,0.26,-0.01,
12:38:37:158,0.23,-1.35,1.70,-0.07,0.26,-0.01,
12:38:37:160,0.23,-1.35,1.70,-0.08,0.26,-0.01,
12:38:37:160,0.24,-1.35,1.70,-0.08,0.26,-0.01,
12:38:37:162,0.24,-1.35,1.70,-0.08,0.14,-0.00,
12:38:37:163,1.29,-0.63,3.57,-0.08,0.14,-0.00,
12:38:37:165,1.29,-0.63,3.57,-0.09,-0.07,0.02,
12:38:37:166,1.29,-0.63,3.57,-0.09,-0.07,0.02,
12:38:37:168,1.29,-0.63,3.57,-0.08,-0.27,0.04,
12:38:37:169,2.20,-1.68,2.38,-0.08,-0.27,0.04,
12:38:37:170,2.20,-1.68,2.38,-0.06,-0.37,0.04,
12:38:37:170,2.19,-1.68,2.38,-0.06,-0.37,0.04,
12:38:37:172,2.19,-1.68,2.38,-0.04,-0.34,0.05,
12:38:37:179,1.29,-2.60,0.39,-0.04,-0.34,0.05,
12:38:37:180,1.29,-2.60,0.39,-0.04,-0.16,0.04,
12:38:37:180,1.29,-2.60,0.38,-0.04,-0.16,0.04,
12:38:37:181,1.29,-2.60,0.38,-0.04,0.08,0.03,
12:38:37:182,1.37,-0.83,1.19,-0.04,0.08,0.03,
12:38:37:182,1.37,-0.83,1.19,-0.04,0.23,0.02,
12:38:37:182,1.37,-0.83,1.19,-0.04,0.23,0.02,
12:38:37:183,1.37,-0.83,1.19,-0.04,0.26,0.00,
12:38:37:183,1.78,-0.19,2.41,-0.04,0.26,0.00,
12:38:37:185,1.78,-0.19,2.41,-0.03,0.20,-0.02,
12:38:37:185,1.78,-0.19,2.41,-0.03,0.20,-0.02,
12:38:37:188,1.78,-0.19,2.41,-0.03,0.09,-0.02,
12:38:37:188,1.33,-1.23,2.94,-0.03,0.09,-0.02,
12:38:37:190,1.33,-1.23,2.94,-0.03,-0.06,-0.01,
12:38:37:190,1.33,-1.23,2.94,-0.03,-0.06,-0.01,
12:38:37:192,1.33,-1.23,2.94,-0.03,-0.20,0.01,
12:38:37:193,1.48,-0.93,1.32,-0.03,-0.20,0.01,
12:38:37:196,1.48,-0.93,1.32,-0.01,-0.28,0.03,
12:38:37:197,1.48,-0.93,1.32,-0.01,-0.28,0.03,
12:38:37:198,1.48,-0.93,1.32,-0.01,-0.29,0.05,
12:38:37:199,2.76,-1.28,1.03,-0.01,-0.29,0.05,
12:38:37:200,2.76,-1.28,1.03,-0.01,-0.21,0.04,
12:38:37:201,2.76,-1.28,1.03,-0.01,-0.21,0.04,
12:38:37:202,2.76,-1.28,1.03,-0.02,-0.06,0.02,
12:38:37:203,1.69,-1.81,-0.25,-0.02,-0.06,0.02,
12:38:37:205,1.69,-1.81,-0.25,-0.04,0.12,0.00,
12:38:37:205,1.69,-1.81,-0.25,-0.04,0.12,0.00,
12:38:37:208,1.69,-1.81,-0.25,-0.06,0.26,-0.01,
12:38:37:208,1.00,-1.93,1.07,-0.06,0.26,-0.01,
12:38:37:210,1.00,-1.93,1.07,-0.07,0.28,-0.03,
12:38:37:211,1.00,-1.93,1.07,-0.07,0.28,-0.03,
12:38:37:214,1.00,-1.93,1.07,-0.07,0.15,-0.02,
12:38:37:215,2.03,-0.41,2.51,-0.07,0.15,-0.02,
12:38:37:216,2.03,-0.41,2.51,-0.07,-0.05,-0.01,
12:38:37:216,2.03,-0.41,2.51,-0.07,-0.05,-0.01,
12:38:37:217,2.03,-0.41,2.51,-0.06,-0.23,0.00,
12:38:37:218,2.62,-1.52,1.15,-0.06,-0.23,0.00,
12:38:37:220,2.62,-1.52,1.15,-0.04,-0.34,0.01,
12:38:37:220,2.62,-1.52,1.14,-0.04,-0.34,0.01,
12:38:37:223,2.62,-1.52,1.14,-0.04,-0.31,0.02,
12:38:37:224,1.99,-2.42,0.19,-0.04,-0.31,0.02,
12:38:37:225,1.99,-2.42,0.19,-0.05,-0.13,0.02,
12:38:37:226,1.99,-2.42,0.19,-0.05,-0.13,0.02,
12:38:37:228,1.99,-2.42,0.19,-0.07,0.10,0.02,
12:38:37:228,1.46,-1.10,0.74,-0.07,0.10,0.02,
12:38:37:230,1.46,-1.10,0.74,-0.09,0.24,0.01,
12:38:37:231,1.46,-1.10,0.74,-0.09,0.24,0.01,
12:38:37:232,1.46,-1.10,0.74,-0.11,0.29,-0.00,
12:38:37:235,1.30,-1.71,2.47,-0.11,0.29,-0.00,
12:38:37:236,1.30,-1.71,2.47,-0.12,0.24,-0.01,
12:38:37:237,1.30,-1.71,2.47,-0.12,0.24,-0.01,
12:38:37:237,1.30,-1.71,2.47,-0.13,0.11,-0.01,
12:38:37:238,0.96,-1.63,3.06,-0.13,0.11,-0.01,
12:38:37:240,0.96,-1.63,3.06,-0.12,-0.06,0.01,
12:38:37:241,0.96,-1.63,3.06,-0.12,-0.06,0.01,
12:38:37:243,0.96,-1.63,3.06,-0.11,-0.23,0.03,
12:38:37:244,2.42,-0.63,2.96,-0.11,-0.23,0.03,
12:38:37:254,2.42,-0.63,2.96,-0.09,-0.33,0.05,
12:38:37:256,2.42,-0.63,2.96,-0.09,-0.33,0.05,
12:38:37:257,2.42,-0.63,2.96,-0.07,-0.35,0.05,
12:38:37:258,2.40,-2.15,1.12,-0.07,-0.35,0.05,
12:38:37:259,2.40,-2.15,1.12,-0.06,-0.22,0.05,
12:38:37:260,2.40,-2.15,1.12,-0.06,-0.22,0.05,
12:38:37:260,2.40,-2.15,1.12,-0.06,0.03,0.02,
12:38:37:262,1.62,-1.53,1.41,-0.06,0.03,0.02,
12:38:37:263,1.62,-1.53,1.41,-0.06,0.26,0.00,
12:38:37:264,1.62,-1.53,1.41,-0.06,0.26,0.00,
12:38:37:265,1.62,-1.53,1.41,-0.06,0.37,-0.01,
12:38:37:265,1.32,0.55,2.80,-0.06,0.37,-0.01,
12:38:37:266,1.32,0.55,2.80,-0.04,0.33,-0.02,
12:38:37:267,1.32,0.55,2.80,-0.04,0.33,-0.02,
12:38:37:268,1.32,0.55,2.80,-0.02,0.16,-0.02,
12:38:37:268,2.31,1.23,4.55,-0.02,0.16,-0.02,
12:38:37:269,2.31,1.23,4.55,-0.01,-0.09,-0.01,
12:38:37:269,2.31,1.23,4.55,-0.01,-0.09,-0.01,
12:38:37:270,2.31,1.23,4.55,0.01,-0.30,0.00,
12:38:37:270,2.43,-0.26,2.45,0.01,-0.30,0.00,
12:38:37:270,2.43,-0.26,2.45,0.02,-0.40,0.02,
12:38:37:271,2.43,-0.26,2.45,0.02,-0.40,0.02,
12:38:37:272,2.43,-0.26,2.45,0.01,-0.33,0.03,
12:38:37:273,1.80,-0.97,0.93,0.01,-0.33,0.03,
12:38:37:275,1.80,-0.97,0.93,-0.01,-0.09,0.02,
12:38:37:275,1.80,-0.97,0.93,-0.01,-0.09,0.02,
12:38:37:277,1.80,-0.97,0.93,-0.03,0.14,0.01,
12:38:37:278,2.11,0.01,1.97,-0.03,0.14,0.01,
12:38:37:280,2.11,0.01,1.97,-0.05,0.25,-0.01,
12:38:37:280,2.11,0.01,1.97,-0.05,0.25,-0.01,
12:38:37:282,2.11,0.01,1.97,-0.05,0.20,-0.02,
12:38:37:283,1.87,-0.94,2.28,-0.05,0.20,-0.02,
12:38:37:284,1.87,-0.94,2.28,-0.05,0.08,-0.03,
12:38:37:285,1.87,-0.94,2.28,-0.05,0.08,-0.03,
12:38:37:288,1.87,-0.94,2.28,-0.04,-0.05,-0.03,
12:38:37:288,1.54,-0.88,2.63,-0.04,-0.05,-0.03,
12:38:37:290,1.54,-0.88,2.63,-0.04,-0.15,-0.01,
12:38:37:290,1.54,-0.88,2.63,-0.04,-0.15,-0.01,
12:38:37:292,1.54,-0.88,2.63,-0.02,-0.25,0.02,
12:38:37:293,2.68,-0.09,1.81,-0.02,-0.25,0.02,
12:38:37:295,2.68,-0.09,1.81,-0.00,-0.32,0.04,
12:38:37:296,2.68,-0.09,1.81,-0.00,-0.32,0.04,
12:38:37:297,2.68,-0.09,1.81,0.01,-0.32,0.04,
12:38:37:303,3.31,-2.10,0.18,0.01,-0.32,0.04,
12:38:37:303,3.31,-2.10,0.18,0.01,-0.26,0.02,
12:38:37:304,3.30,-2.10,0.18,0.01,-0.26,0.02,
12:38:37:305,3.30,-2.10,0.18,-0.01,-0.15,0.01,
12:38:37:305,1.80,-5.94,-1.04,-0.01,-0.15,0.01,
12:38:37:306,1.80,-5.94,-1.04,-0.03,0.01,-0.00,
12:38:37:306,1.80,-5.94,-1.04,-0.03,0.01,-0.00,
12:38:37:308,1.80,-5.94,-1.04,-0.04,0.18,-0.00,
12:38:37:309,0.83,-3.33,-0.33,-0.04,0.18,-0.00,
12:38:37:310,0.83,-3.33,-0.33,-0.05,0.32,-0.00,
12:38:37:310,0.83,-3.33,-0.33,-0.05,0.32,-0.00,
12:38:37:312,0.83,-3.33,-0.33,-0.06,0.35,-0.01,
12:38:37:313,2.35,0.26,3.13,-0.06,0.35,-0.01,
12:38:37:315,2.35,0.26,3.13,-0.08,0.22,-0.01,
12:38:37:315,2.36,0.26,3.13,-0.08,0.22,-0.01,
12:38:37:317,2.36,0.26,3.13,-0.08,0.00,-0.01,
12:38:37:319,2.29,-2.39,2.58,-0.08,0.00,-0.01,
12:38:37:319,2.29,-2.39,2.58,-0.07,-0.21,-0.00,
12:38:37:320,2.29,-2.39,2.58,-0.07,-0.21,-0.00,
12:38:37:322,2.29,-2.39,2.58,-0.05,-0.30,0.00,
12:38:37:323,1.94,-1.43,1.73,-0.05,-0.30,0.00,
12:38:37:325,1.94,-1.43,1.73,-0.05,-0.21,0.01,
12:38:37:325,1.94,-1.43,1.73,-0.05,-0.21,0.01,
12:38:37:335,1.94,-1.43,1.73,-0.05,0.01,0.01,
12:38:37:336,0.51,-0.48,1.84,-0.05,0.01,0.01,
12:38:37:336,0.51,-0.48,1.84,-0.05,0.19,0.01,
12:38:37:337,0.51,-0.48,1.84,-0.05,0.19,0.01,
12:38:37:337,0.51,-0.48,1.84,-0.04,0.26,0.00,
12:38:37:337,1.63,0.73,3.89,-0.04,0.26,0.00,
12:38:37:338,1.63,0.73,3.89,-0.03,0.19,-0.01,
12:38:37:338,1.63,0.73,3.89,-0.03,0.19,-0.01,
12:38:37:338,1.63,0.73,3.89,-0.03,0.02,-0.01,
12:38:37:339,2.72,0.48,4.48,-0.03,0.02,-0.01,
12:38:37:340,2.72,0.48,4.48,-0.02,-0.17,-0.01,
12:38:37:340,2.72,0.48,4.48,-0.02,-0.17,-0.01,
12:38:37:342,2.72,0.48,4.48,-0.01,-0.28,0.01,
12:38:37:343,2.86,0.14,3.43,-0.01,-0.28,0.01,
12:38:37:345,2.86,0.14,3.43,0.01,-0.30,0.01,
12:38:37:346,2.86,0.14,3.43,0.01,-0.30,0.01,
12:38:37:348,2.86,0.14,3.43,0.03,-0.28,0.02,
12:38:37:349,3.66,-0.11,1.77,0.03,-0.28,0.02,
12:38:37:350,3.66,-0.11,1.77,0.05,-0.21,0.01,
12:38:37:351,3.66,-0.11,1.77,0.05,-0.21,0.01,
12:38:37:352,3.66,-0.11,1.77,0.06,-0.01,-0.01,
12:38:37:353,2.27,-0.07,1.34,0.06,-0.01,-0.01,
12:38:37:355,2.27,-0.07,1.34,0.05,0.24,-0.04,
12:38:37:355,2.27,-0.07,1.35,0.05,0.24,-0.04,
12:38:37:358,2.27,-0.07,1.35,0.05,0.34,-0.06,
12:38:37:358,2.04,-0.03,2.68,0.05,0.34,-0.06,
12:38:37:360,2.04,-0.03,2.68,0.05,0.26,-0.07,
12:38:37:361,2.04,-0.03,2.69,0.05,0.26,-0.07,
12:38:37:363,2.04,-0.03,2.69,0.06,0.08,-0.06,
12:38:37:364,1.16,-1.10,1.88,0.06,0.08,-0.06,
12:38:37:365,1.16,-1.10,1.88,0.07,-0.14,-0.04,
12:38:37:365,1.16,-1.11,1.88,0.07,-0.14,-0.04,
12:38:37:368,1.16,-1.11,1.88,0.07,-0.31,-0.01,
12:38:37:368,1.45,-2.93,0.66,0.07,-0.31,-0.01,
12:38:37:370,1.45,-2.93,0.66,0.06,-0.40,0.02,
12:38:37:370,1.44,-2.93,0.66,0.06,-0.40,0.02,
12:38:37:372,1.44,-2.93,0.66,0.05,-0.37,0.05,
12:38:37:373,1.71,-2.41,-0.29,0.05,-0.37,0.05,
12:38:37:375,1.71,-2.41,-0.29,0.04,-0.22,0.07,
12:38:37:375,1.71,-2.41,-0.29,0.04,-0.22,0.07,
12:38:37:378,1.71,-2.41,-0.29,0.03,-0.01,0.08,
12:38:37:378,0.24,-2.82,-1.19,0.03,-0.01,0.08,
12:38:37:380,0.24,-2.82,-1.19,0.00,0.18,0.09,
12:38:37:382,0.24,-2.82,-1.19,0.00,0.18,0.09,
12:38:37:383,0.24,-2.82,-1.19,-0.03,0.30,0.08,
12:38:37:384,0.82,-1.61,1.34,-0.03,0.30,0.08,
12:38:37:384,0.82,-1.61,1.34,-0.04,0.28,0.06,
12:38:37:385,0.82,-1.61,1.34,-0.04,0.28,0.06,
12:38:37:388,0.82,-1.61,1.34,-0.04,0.14,0.04,
12:38:37:388,1.92,0.87,1.83,-0.04,0.14,0.04,
12:38:37:390,1.92,0.87,1.83,-0.04,-0.06,0.02,
12:38:37:390,1.92,0.87,1.83,-0.04,-0.06,0.02,
12:38:37:392,1.92,0.87,1.83,-0.04,-0.25,0.01,
12:38:37:393,2.70,-1.47,1.90,-0.04,-0.25,0.01,
12:38:37:395,2.70,-1.47,1.90,-0.05,-0.38,0.00,
12:38:37:396,2.70,-1.47,1.90,-0.05,-0.38,0.00,
12:38:37:398,2.70,-1.47,1.90,-0.06,-0.40,-0.00,
12:38:37:399,2.08,-3.72,-0.18,-0.06,-0.40,-0.00,
12:38:37:400,2.08,-3.72,-0.18,-0.07,-0.28,0.01,
12:38:37:401,2.08,-3.72,-0.18,-0.07,-0.28,0.01,
12:38:37:403,2.08,-3.72,-0.18,-0.09,0.02,0.01,
12:38:37:404,1.49,0.07,1.85,-0.09,0.02,0.01,
12:38:37:405,1.49,0.07,1.85,-0.11,0.34,0.02,
12:38:37:405,1.50,0.07,1.85,-0.11,0.34,0.02,
12:38:37:408,1.50,0.07,1.85,-0.10,0.43,0.01,
12:38:37:408,1.93,1.33,3.37,-0.10,0.43,0.01,
12:38:37:410,1.93,1.33,3.37,-0.10,0.31,0.01,
12:38:37:410,1.93,1.33,3.37,-0.10,0.31,0.01,
12:38:37:412,1.93,1.33,3.37,-0.09,0.11,0.00,
12:38:37:413,1.88,-1.16,5.22,-0.09,0.11,0.00,
12:38:37:415,1.88,-1.16,5.22,-0.08,-0.12,0.00,
12:38:37:416,1.88,-1.16,5.22,-0.08,-0.12,0.00,
12:38:37:417,1.88,-1.16,5.22,-0.07,-0.32,0.03,
12:38:37:418,2.19,-1.08,4.81,-0.07,-0.32,0.03,
12:38:37:420,2.19,-1.08,4.81,-0.04,-0.42,0.05,
12:38:37:421,2.19,-1.08,4.80,-0.04,-0.42,0.05,
12:38:37:423,2.19,-1.08,4.80,-0.00,-0.34,0.08,
12:38:37:431,2.13,-0.74,3.66,-0.00,-0.34,0.08,
12:38:37:432,2.13,-0.74,3.66,0.03,-0.12,0.07,
12:38:37:433,2.13,-0.74,3.66,0.03,-0.12,0.07,
12:38:37:434,2.13,-0.74,3.66,0.06,0.08,0.06,
12:38:37:435,1.32,-0.97,2.76,0.06,0.08,0.06,
12:38:37:435,1.32,-0.97,2.76,0.09,0.17,0.04,
12:38:37:436,1.32,-0.97,2.76,0.09,0.17,0.04,
12:38:37:436,1.32,-0.97,2.76,0.12,0.14,0.02,
12:38:37:437,1.55,-0.44,3.22,0.12,0.14,0.02,
12:38:37:437,1.55,-0.44,3.22,0.14,0.04,0.00,
12:38:37:438,1.55,-0.44,3.22,0.14,0.04,0.00,
12:38:37:438,1.55,-0.44,3.22,0.16,-0.09,0.00,
12:38:37:439,2.58,1.75,3.50,0.16,-0.09,0.00,
12:38:37:444,2.58,1.75,3.50,0.17,-0.19,0.02,
12:38:37:445,2.57,1.75,3.50,0.17,-0.19,0.02,
12:38:37:446,2.57,1.75,3.50,0.19,-0.28,0.04,
12:38:37:446,2.55,0.73,0.96,0.19,-0.28,0.04,
12:38:37:447,2.55,0.73,0.96,0.18,-0.32,0.05,
12:38:37:447,2.54,0.73,0.96,0.18,-0.32,0.05,
12:38:37:448,2.54,0.73,0.96,0.15,-0.28,0.05,
12:38:37:449,2.80,-1.68,-0.03,0.15,-0.28,0.05,
12:38:37:450,2.80,-1.68,-0.03,0.11,-0.12,0.04,
12:38:37:451,2.80,-1.68,-0.03,0.11,-0.12,0.04,
12:38:37:452,2.80,-1.68,-0.03,0.06,0.11,0.02,
12:38:37:453,1.39,0.20,0.57,0.06,0.11,0.02,
12:38:37:455,1.39,0.20,0.57,0.03,0.32,0.01,
12:38:37:455,1.40,0.20,0.57,0.03,0.32,0.01,
12:38:37:457,1.40,0.20,0.57,-0.00,0.40,0.01,
12:38:37:458,0.61,0.85,2.36,-0.00,0.40,0.01,
12:38:37:460,0.61,0.85,2.36,-0.04,0.26,0.02,
12:38:37:461,0.61,0.85,2.36,-0.04,0.26,0.02,
12:38:37:462,0.61,0.85,2.36,-0.06,-0.03,0.03,
12:38:37:463,2.47,0.22,3.75,-0.06,-0.03,0.03,
12:38:37:465,2.47,0.22,3.75,-0.07,-0.25,0.04,
12:38:37:466,2.47,0.22,3.74,-0.07,-0.25,0.04,
12:38:37:467,2.47,0.22,3.74,-0.07,-0.30,0.06,
12:38:37:468,1.56,1.14,3.47,-0.07,-0.30,0.06,
12:38:37:470,1.56,1.14,3.47,-0.08,-0.22,0.06,
12:38:37:470,1.55,1.14,3.47,-0.08,-0.22,0.06,
12:38:37:472,1.55,1.14,3.47,-0.08,-0.15,0.07,
12:38:37:473,1.55,-0.84,2.80,-0.08,-0.15,0.07,
12:38:37:475,1.55,-0.84,2.80,-0.06,-0.13,0.07,
12:38:37:475,1.55,-0.84,2.79,-0.06,-0.13,0.07,
12:38:37:477,1.55,-0.84,2.79,-0.04,-0.05,0.06,
12:38:37:478,0.97,-1.06,3.09,-0.04,-0.05,0.06,
12:38:37:480,0.97,-1.06,3.09,-0.02,0.13,0.05,
12:38:37:480,0.97,-1.06,3.09,-0.02,0.13,0.05,
12:38:37:483,0.97,-1.06,3.09,0.01,0.29,0.04,
12:38:37:483,0.32,1.78,5.63,0.01,0.29,0.04,
12:38:37:485,0.32,1.78,5.63,0.04,0.31,0.03,
12:38:37:485,0.32,1.78,5.63,0.04,0.31,0.03,
12:38:37:487,0.32,1.78,5.63,0.08,0.10,0.04,
12:38:37:488,1.59,0.77,7.25,0.08,0.10,0.04,
12:38:37:490,1.59,0.77,7.25,0.12,-0.24,0.05,
12:38:37:491,1.59,0.77,7.25,0.12,-0.24,0.05,
12:38:37:492,1.59,0.77,7.25,0.16,-0.52,0.06,
12:38:37:493,2.74,-0.27,3.82,0.16,-0.52,0.06,
12:38:37:495,2.74,-0.27,3.82,0.19,-0.64,0.06,
12:38:37:496,2.74,-0.27,3.83,0.19,-0.64,0.06,
12:38:37:498,2.74,-0.27,3.83,0.20,-0.50,0.06,
12:38:37:499,2.34,-1.24,1.80,0.20,-0.50,0.06,
12:38:37:500,2.34,-1.24,1.80,0.19,-0.15,0.05,
12:38:37:501,2.33,-1.24,1.80,0.19,-0.15,0.05,
12:38:37:502,2.33,-1.24,1.80,0.18,0.19,0.03,
12:38:37:503,1.88,0.05,1.15,0.18,0.19,0.03,
12:38:37:505,1.88,0.05,1.15,0.17,0.31,0.01,
12:38:37:505,1.89,0.05,1.16,0.17,0.31,0.01,
12:38:37:508,1.89,0.05,1.16,0.14,0.21,-0.00,
12:38:37:508,4.01,-0.42,4.06,0.14,0.21,-0.00,
12:38:37:510,4.01,-0.42,4.06,0.13,-0.00,-0.01,
12:38:37:511,4.01,-0.43,4.07,0.13,-0.00,-0.01,
12:38:37:515,4.01,-0.43,4.07,0.13,-0.18,-0.01,
12:38:37:516,2.35,-1.35,1.26,0.13,-0.18,-0.01,
12:38:37:517,2.35,-1.35,1.26,0.14,-0.27,-0.00,
12:38:37:517,2.35,-1.35,1.27,0.14,-0.27,-0.00,
12:38:37:518,2.35,-1.35,1.27,0.15,-0.25,0.01,
12:38:37:520,2.47,1.29,1.35,0.15,-0.25,0.01,
12:38:37:521,2.47,1.29,1.35,0.16,-0.14,0.02,
12:38:37:521,2.47,1.29,1.35,0.16,-0.14,0.02,
12:38:37:522,2.47,1.29,1.35,0.15,-0.02,0.03,
12:38:37:523,2.94,1.86,1.48,0.15,-0.02,0.03,
12:38:37:525,2.94,1.86,1.48,0.13,0.08,0.03,
12:38:37:525,2.94,1.86,1.48,0.13,0.08,0.03,
12:38:37:535,2.94,1.86,1.48,0.10,0.16,0.01,
12:38:37:536,1.87,0.65,2.20,0.10,0.16,0.01,
12:38:37:536,1.87,0.65,2.20,0.06,0.21,-0.01,
12:38:37:536,1.87,0.65,2.20,0.06,0.21,-0.01,
12:38:37:537,1.87,0.65,2.20,0.03,0.21,-0.02,
12:38:37:537,1.15,1.23,3.96,0.03,0.21,-0.02,
12:38:37:537,1.15,1.23,3.96,0.02,0.13,-0.02,
12:38:37:538,1.15,1.23,3.96,0.02,0.13,-0.02,
12:38:37:538,1.15,1.23,3.96,0.02,0.02,-0.01,
12:38:37:538,0.20,1.63,3.78,0.02,0.02,-0.01,
12:38:37:540,0.20,1.63,3.78,0.03,-0.11,0.02,
12:38:37:541,0.20,1.63,3.78,0.03,-0.11,0.02,
12:38:37:542,0.20,1.63,3.78,0.04,-0.24,0.05,
12:38:37:543,1.67,2.25,4.48,0.04,-0.24,0.05,
12:38:37:546,1.67,2.25,4.48,0.06,-0.28,0.09,
12:38:37:547,1.66,2.25,4.48,0.06,-0.28,0.09,
12:38:37:548,1.66,2.25,4.48,0.08,-0.23,0.10,
12:38:37:553,1.39,0.78,2.88,0.08,-0.23,0.10,
12:38:37:554,1.39,0.78,2.88,0.09,-0.15,0.09,
12:38:37:554,1.38,0.78,2.89,0.09,-0.15,0.09,
12:38:37:555,1.38,0.78,2.89,0.10,-0.10,0.07,
12:38:37:555,1.24,-2.53,1.76,0.10,-0.10,0.07,
12:38:37:556,1.24,-2.53,1.76,0.11,-0.08,0.05,
12:38:37:556,1.24,-2.53,1.76,0.11,-0.08,0.05,
12:38:37:557,1.24,-2.53,1.76,0.11,-0.06,0.03,
12:38:37:558,2.70,-1.02,2.62,0.11,-0.06,0.03,
12:38:37:560,2.70,-1.02,2.62,0.10,-0.03,0.00,
12:38:37:560,2.70,-1.02,2.62,0.10,-0.03,0.00,
12:38:37:562,2.70,-1.02,2.62,0.10,-0.02,-0.01,
12:38:37:563,3.71,0.89,2.92,0.10,-0.02,-0.01,
12:38:37:565,3.71,0.89,2.92,0.11,-0.08,-0.02,
12:38:37:565,3.71,0.88,2.93,0.11,-0.08,-0.02,
12:38:37:568,3.71,0.88,2.93,0.13,-0.18,-0.03,
12:38:37:569,3.15,-2.44,0.83,0.13,-0.18,-0.03,
12:38:37:570,3.15,-2.44,0.83,0.13,-0.27,-0.04,
12:38:37:571,3.15,-2.44,0.83,0.13,-0.27,-0.04,
12:38:37:572,3.15,-2.44,0.83,0.11,-0.30,-0.05,
12:38:37:573,3.67,-3.00,0.30,0.11,-0.30,-0.05,
12:38:37:575,3.67,-3.00,0.30,0.10,-0.19,-0.04,
12:38:37:575,3.67,-3.00,0.31,0.10,-0.19,-0.04,
12:38:37:577,3.67,-3.00,0.31,0.09,0.04,-0.04,
12:38:37:579,2.50,1.66,0.29,0.09,0.04,-0.04,
12:38:37:581,2.50,1.66,0.29,0.09,0.25,-0.03,
12:38:37:582,2.50,1.66,0.30,0.09,0.25,-0.03,
12:38:37:583,2.50,1.66,0.30,0.10,0.33,-0.02,
12:38:37:584,1.26,0.42,0.70,0.10,0.33,-0.02,
12:38:37:585,1.26,0.42,0.70,0.09,0.29,-0.01,
12:38:37:585,1.26,0.42,0.70,0.09,0.29,-0.01,
12:38:37:588,1.26,0.42,0.70,0.07,0.16,-0.00,
12:38:37:589,1.83,-0.33,2.04,0.07,0.16,-0.00,
12:38:37:590,1.83,-0.33,2.04,0.05,-0.03,0.00,
12:38:37:591,1.83,-0.33,2.04,0.05,-0.03,0.00,
12:38:37:592,1.83,-0.33,2.04,0.04,-0.24,0.02,
12:38:37:593,3.26,0.50,1.40,0.04,-0.24,0.02,
12:38:37:595,3.26,0.50,1.40,0.05,-0.36,0.03,
12:38:37:596,3.26,0.50,1.40,0.05,-0.36,0.03,
12:38:37:598,3.26,0.50,1.40,0.07,-0.34,0.02,
12:38:37:599,2.18,0.49,-0.86,0.07,-0.34,0.02,
12:38:37:600,2.18,0.49,-0.86,0.07,-0.20,0.00,
12:38:37:601,2.18,0.49,-0.86,0.07,-0.20,0.00,
12:38:37:603,2.18,0.49,-0.86,0.05,0.01,-0.02,
12:38:37:604,2.07,0.65,-0.33,0.05,0.01,-0.02,
12:38:37:605,2.07,0.65,-0.33,0.02,0.19,-0.05,
12:38:37:605,2.08,0.65,-0.33,0.02,0.19,-0.05,
12:38:37:608,2.08,0.65,-0.33,-0.02,0.28,-0.07,
12:38:37:609,2.53,-0.26,1.18,-0.02,0.28,-0.07,
12:38:37:610,2.53,-0.26,1.18,-0.07,0.25,-0.09,
12:38:37:611,2.53,-0.26,1.18,-0.07,0.25,-0.09,
12:38:37:612,2.53,-0.26,1.18,-0.12,0.11,-0.09,
12:38:37:613,3.73,-2.28,2.77,-0.12,0.11,-0.09,
12:38:37:615,3.73,-2.28,2.77,-0.16,-0.09,-0.09,
12:38:37:615,3.73,-2.28,2.77,-0.16,-0.09,-0.09,
12:38:37:618,3.73,-2.28,2.77,-0.17,-0.26,-0.09,
12:38:37:618,3.46,-4.20,0.90,-0.17,-0.26,-0.09,
12:38:37:620,3.46,-4.20,0.90,-0.17,-0.34,-0.09,
12:38:37:621,3.46,-4.20,0.89,-0.17,-0.34,-0.09,
12:38:37:623,3.46,-4.20,0.89,-0.18,-0.28,-0.08,
12:38:37:624,3.56,-2.14,1.71,-0.18,-0.28,-0.08,
12:38:37:625,3.56,-2.14,1.71,-0.18,-0.05,-0.07,
12:38:37:626,3.56,-2.14,1.70,-0.18,-0.05,-0.07,
12:38:37:629,3.56,-2.14,1.70,-0.16,0.22,-0.06,
12:38:37:630,1.79,-0.69,1.30,-0.16,0.22,-0.06,
12:38:37:631,1.79,-0.69,1.30,-0.12,0.35,-0.05,
12:38:37:631,1.80,-0.69,1.30,-0.12,0.35,-0.05,
12:38:37:632,1.80,-0.69,1.30,-0.08,0.34,-0.04,
12:38:37:633,1.04,-1.28,1.97,-0.08,0.34,-0.04,
12:38:37:635,1.04,-1.28,1.97,-0.05,0.23,-0.04,
12:38:37:636,1.04,-1.28,1.97,-0.05,0.23,-0.04,
12:38:37:638,1.04,-1.28,1.97,-0.02,0.05,-0.03,
12:38:37:638,3.05,-0.72,3.41,-0.02,0.05,-0.03,
12:38:37:640,3.05,-0.72,3.41,0.01,-0.16,-0.02,
12:38:37:641,3.05,-0.72,3.41,0.01,-0.16,-0.02,
12:38:37:643,3.05,-0.72,3.41,0.04,-0.31,-0.03,
12:38:37:644,3.53,-0.09,0.56,0.04,-0.31,-0.03,
12:38:37:645,3.53,-0.09,0.56,0.08,-0.36,-0.03,
12:38:37:646,3.53,-0.09,0.56,0.08,-0.36,-0.03,
12:38:37:655,3.53,-0.09,0.56,0.11,-0.29,-0.05,
12:38:37:656,2.78,-0.32,-1.65,0.11,-0.29,-0.05,
12:38:37:657,2.78,-0.32,-1.65,0.11,-0.10,-0.07,
12:38:37:658,2.78,-0.32,-1.65,0.11,-0.10,-0.07,
12:38:37:658,2.78,-0.32,-1.65,0.08,0.14,-0.08,
12:38:37:659,1.53,-0.57,-1.58,0.08,0.14,-0.08,
12:38:37:660,1.53,-0.57,-1.58,0.04,0.38,-0.09,
12:38:37:660,1.53,-0.57,-1.58,0.04,0.38,-0.09,
12:38:37:660,1.53,-0.57,-1.58,-0.00,0.50,-0.10,
12:38:37:661,0.98,-0.64,0.38,-0.00,0.50,-0.10,
12:38:37:662,0.98,-0.64,0.38,-0.05,0.46,-0.10,
12:38:37:662,0.99,-0.64,0.38,-0.05,0.46,-0.10,
12:38:37:662,0.99,-0.64,0.38,-0.10,0.25,-0.09,
12:38:37:663,2.24,-2.22,1.40,-0.10,0.25,-0.09,
12:38:37:667,2.24,-2.22,1.40,-0.13,-0.04,-0.08,
12:38:37:669,2.24,-2.21,1.40,-0.13,-0.04,-0.08,
12:38:37:670,2.24,-2.21,1.40,-0.15,-0.29,-0.08,
12:38:37:670,3.54,-2.72,-0.03,-0.15,-0.29,-0.08,
12:38:37:671,3.54,-2.72,-0.03,-0.16,-0.42,-0.08,
12:38:37:671,3.54,-2.72,-0.04,-0.16,-0.42,-0.08,
12:38:37:672,3.54,-2.72,-0.04,-0.20,-0.38,-0.09,
12:38:37:678,3.91,-0.54,1.43,-0.20,-0.38,-0.09,
12:38:37:679,3.91,-0.54,1.43,-0.24,-0.11,-0.09,
12:38:37:680,3.91,-0.53,1.42,-0.24,-0.11,-0.09,
12:38:37:680,3.91,-0.53,1.42,-0.27,0.17,-0.09,
12:38:37:681,0.98,-2.83,0.15,-0.27,0.17,-0.09,
12:38:37:682,0.98,-2.83,0.15,-0.28,0.31,-0.07,
12:38:37:682,0.99,-2.83,0.14,-0.28,0.31,-0.07,
12:38:37:683,0.99,-2.83,0.14,-0.29,0.35,-0.06,
12:38:37:683,1.25,-3.36,2.48,-0.29,0.35,-0.06,
12:38:37:685,1.25,-3.36,2.48,-0.30,0.30,-0.05,
12:38:37:685,1.25,-3.36,2.47,-0.30,0.30,-0.05,
12:38:37:688,1.25,-3.36,2.47,-0.29,0.15,-0.06,
12:38:37:688,4.03,0.32,5.15,-0.29,0.15,-0.06,
12:38:37:690,4.03,0.32,5.15,-0.25,-0.06,-0.07,
12:38:37:691,4.03,0.32,5.14,-0.25,-0.06,-0.07,
12:38:37:692,4.03,0.32,5.14,-0.18,-0.24,-0.07,
12:38:37:693,3.32,-1.44,2.46,-0.18,-0.24,-0.07,
12:38:37:696,3.32,-1.44,2.46,-0.12,-0.33,-0.08,
12:38:37:696,3.33,-1.44,2.45,-0.12,-0.33,-0.08,
12:38:37:698,3.33,-1.44,2.45,-0.08,-0.32,-0.09,
12:38:37:699,3.43,-2.74,1.13,-0.08,-0.32,-0.09,
12:38:37:700,3.43,-2.74,1.13,-0.07,-0.14,-0.10,
12:38:37:701,3.44,-2.74,1.13,-0.07,-0.14,-0.10,
12:38:37:703,3.44,-2.74,1.13,-0.06,0.18,-0.11,
12:38:37:703,2.70,-0.97,1.61,-0.06,0.18,-0.11,
12:38:37:705,2.70,-0.97,1.61,-0.05,0.41,-0.12,
12:38:37:705,2.71,-0.97,1.61,-0.05,0.41,-0.12,
12:38:37:707,2.71,-0.97,1.61,-0.02,0.46,-0.12,
12:38:37:708,1.71,-1.13,2.32,-0.02,0.46,-0.12,
12:38:37:710,1.71,-1.13,2.32,-0.00,0.35,-0.12,
12:38:37:711,1.71,-1.13,2.32,-0.00,0.35,-0.12,
12:38:37:713,1.71,-1.13,2.32,0.01,0.14,-0.11,
12:38:37:713,2.65,-0.29,2.95,0.01,0.14,-0.11,
12:38:37:715,2.65,-0.29,2.95,0.02,-0.06,-0.09,
12:38:37:716,2.66,-0.29,2.95,0.02,-0.06,-0.09,
12:38:37:717,2.66,-0.29,2.95,0.01,-0.18,-0.06,
12:38:37:718,2.66,0.42,2.09,0.01,-0.18,-0.06,
12:38:37:720,2.66,0.42,2.09,0.01,-0.19,-0.05,
12:38:37:721,2.66,0.42,2.09,0.01,-0.19,-0.05,
12:38:37:722,2.66,0.42,2.09,-0.01,-0.11,-0.05,
12:38:37:723,1.79,-1.55,0.66,-0.01,-0.11,-0.05,
12:38:37:725,1.79,-1.55,0.66,-0.04,0.03,-0.05,
12:38:37:727,1.79,-1.55,0.66,-0.04,0.03,-0.05,
12:38:37:729,1.79,-1.55,0.66,-0.08,0.17,-0.05,
12:38:37:730,1.19,-2.48,1.00,-0.08,0.17,-0.05,
12:38:37:731,1.19,-2.48,1.00,-0.11,0.26,-0.06,
12:38:37:733,1.19,-2.48,1.00,-0.11,0.26,-0.06,
12:38:37:733,1.19,-2.48,1.00,-0.12,0.27,-0.07,
12:38:37:735,1.82,0.14,2.74,-0.12,0.27,-0.07,
12:38:37:736,1.82,0.14,2.74,-0.13,0.17,-0.07,
12:38:37:736,1.82,0.14,2.74,-0.13,0.17,-0.07,
12:38:37:737,1.82,0.14,2.74,-0.12,-0.02,-0.08,
12:38:37:738,3.57,0.60,3.38,-0.12,-0.02,-0.08,
12:38:37:740,3.57,0.60,3.38,-0.10,-0.19,-0.08,
12:38:37:740,3.57,0.60,3.37,-0.10,-0.19,-0.08,
12:38:37:743,3.57,0.60,3.37,-0.09,-0.29,-0.09,
12:38:37:743,3.18,-1.92,1.38,-0.09,-0.29,-0.09,
12:38:37:751,3.18,-1.92,1.38,-0.08,-0.26,-0.09,
12:38:37:752,3.18,-1.92,1.38,-0.08,-0.26,-0.09,
12:38:37:752,3.18,-1.92,1.38,-0.09,-0.03,-0.09,
12:38:37:753,2.19,-0.08,1.69,-0.09,-0.03,-0.09,
12:38:37:753,2.19,-0.08,1.69,-0.10,0.31,-0.10,
12:38:37:753,2.19,-0.07,1.69,-0.10,0.31,-0.10,
12:38:37:754,2.19,-0.07,1.69,-0.10,0.54,-0.11,
12:38:37:754,1.06,0.20,3.35,-0.10,0.54,-0.11,
12:38:37:755,1.06,0.20,3.35,-0.10,0.53,-0.11,
12:38:37:756,1.07,0.20,3.35,-0.10,0.53,-0.11,
12:38:37:757,1.07,0.20,3.35,-0.09,0.32,-0.10,
12:38:37:758,1.48,-1.56,5.46,-0.09,0.32,-0.10,
12:38:37:760,1.48,-1.56,5.46,-0.08,-0.01,-0.09,
12:38:37:761,1.48,-1.56,5.46,-0.08,-0.01,-0.09,
12:38:37:762,1.48,-1.56,5.46,-0.06,-0.31,-0.06,
12:38:37:763,2.83,-0.36,4.51,-0.06,-0.31,-0.06,
12:38:37:765,2.83,-0.36,4.51,-0.04,-0.43,-0.05,
12:38:37:766,2.83,-0.36,4.51,-0.04,-0.43,-0.05,
12:38:37:770,2.83,-0.36,4.51,-0.01,-0.38,-0.03,
12:38:37:771,2.83,-0.36,4.51,0.01,-0.18,-0.03,
12:38:37:772,2.69,-0.34,2.74,0.01,-0.18,-0.03,
12:38:37:772,2.69,-0.34,2.74,0.01,-0.18,-0.03,
12:38:37:773,2.69,-0.34,2.74,0.03,0.07,-0.04,
12:38:37:773,2.44,-0.59,1.80,0.03,0.07,-0.04,
12:38:37:775,2.44,-0.59,1.80,0.03,0.30,-0.07,
12:38:37:776,2.44,-0.59,1.80,0.03,0.30,-0.07,
12:38:37:777,2.44,-0.59,1.80,0.04,0.45,-0.10,
12:38:37:778,1.72,0.50,3.82,0.04,0.45,-0.10,
12:38:37:780,1.72,0.50,3.82,0.04,0.47,-0.12,
12:38:37:781,1.73,0.50,3.82,0.04,0.47,-0.12,
12:38:37:783,1.73,0.50,3.82,0.05,0.37,-0.12,
12:38:37:784,1.08,2.30,5.66,0.05,0.37,-0.12,
12:38:37:785,1.08,2.30,5.66,0.07,0.13,-0.11,
12:38:37:786,1.08,2.30,5.67,0.07,0.13,-0.11,
12:38:37:787,1.08,2.30,5.67,0.08,-0.16,-0.07,
12:38:37:788,1.31,0.56,3.98,0.08,-0.16,-0.07,
12:38:37:790,1.31,0.56,3.98,0.09,-0.36,-0.04,
12:38:37:791,1.31,0.56,3.98,0.09,-0.36,-0.04,
12:38:37:792,1.31,0.56,3.98,0.09,-0.40,-0.00,
12:38:37:793,1.49,-0.47,2.26,0.09,-0.40,-0.00,
12:38:37:796,1.49,-0.47,2.26,0.08,-0.26,0.01,
12:38:37:797,1.49,-0.47,2.27,0.08,-0.26,0.01,
12:38:37:798,1.49,-0.47,2.27,0.07,0.01,0.01,
12:38:37:803,1.41,1.00,1.76,0.07,0.01,0.01,
12:38:37:803,1.41,1.00,1.76,0.06,0.23,-0.01,
12:38:37:804,1.41,1.00,1.76,0.06,0.23,-0.01,
12:38:37:804,1.41,1.00,1.76,0.04,0.35,-0.04,
12:38:37:805,1.29,0.45,3.33,0.04,0.35,-0.04,
12:38:37:805,1.29,0.45,3.33,0.03,0.32,-0.07,
12:38:37:806,1.29,0.45,3.34,0.03,0.32,-0.07,
12:38:37:808,1.29,0.45,3.34,0.03,0.17,-0.08,
12:38:37:808,1.13,0.87,4.41,0.03,0.17,-0.08,
12:38:37:810,1.13,0.87,4.41,0.03,-0.02,-0.07,
12:38:37:810,1.13,0.87,4.41,0.03,-0.02,-0.07,
12:38:37:812,1.13,0.87,4.41,0.04,-0.18,-0.04,
12:38:37:813,1.01,0.85,3.95,0.04,-0.18,-0.04,
12:38:37:815,1.01,0.85,3.95,0.06,-0.24,-0.01,
12:38:37:816,1.01,0.85,3.95,0.06,-0.24,-0.01,
12:38:37:818,1.01,0.85,3.95,0.07,-0.21,0.03,
12:38:37:818,1.05,0.79,2.98,0.07,-0.21,0.03,
12:38:37:820,1.05,0.79,2.98,0.07,-0.11,0.05,
12:38:37:822,1.05,0.79,2.99,0.07,-0.11,0.05,
12:38:37:823,1.05,0.79,2.99,0.07,0.01,0.05,
12:38:37:824,1.67,0.17,3.33,0.07,0.01,0.05,
12:38:37:825,1.67,0.17,3.33,0.06,0.11,0.02,
12:38:37:826,1.67,0.17,3.33,0.06,0.11,0.02,
12:38:37:837,1.67,0.17,3.33,0.07,0.16,-0.01,
12:38:37:838,1.90,1.10,4.59,0.07,0.16,-0.01,
12:38:37:838,1.90,1.10,4.59,0.08,0.13,-0.04,
12:38:37:839,1.91,1.10,4.59,0.08,0.13,-0.04,
12:38:37:840,1.91,1.10,4.59,0.09,0.06,-0.06,
12:38:37:840,0.76,0.58,4.63,0.09,0.06,-0.06,
12:38:37:841,0.76,0.58,4.63,0.10,-0.05,-0.04,
12:38:37:841,0.76,0.58,4.63,0.10,-0.05,-0.04,
12:38:37:842,0.76,0.58,4.63,0.11,-0.16,-0.00,
12:38:37:842,1.32,1.04,4.65,0.11,-0.16,-0.00,
12:38:37:843,1.32,1.04,4.65,0.12,-0.22,0.03,
12:38:37:844,1.32,1.04,4.65,0.12,-0.22,0.03,
12:38:37:844,1.32,1.04,4.65,0.14,-0.22,0.06,
12:38:37:844,1.85,1.33,3.24,0.14,-0.22,0.06,
12:38:37:845,1.85,1.33,3.24,0.16,-0.16,0.08,
12:38:37:845,1.85,1.33,3.24,0.16,-0.16,0.08,
12:38:37:852,1.85,1.33,3.24,0.16,-0.05,0.06,
12:38:37:853,1.65,0.07,2.30,0.16,-0.05,0.06,
12:38:37:854,1.65,0.07,2.30,0.16,0.04,0.03,
12:38:37:855,1.65,0.07,2.31,0.16,0.04,0.03,
12:38:37:855,1.65,0.07,2.31,0.16,0.07,-0.00,
12:38:37:856,1.68,0.38,2.75,0.16,0.07,-0.00,
12:38:37:856,1.68,0.38,2.75,0.16,0.08,-0.04,
12:38:37:856,1.68,0.38,2.75,0.16,0.08,-0.04,
12:38:37:857,1.68,0.38,2.75,0.15,0.05,-0.04,
12:38:37:858,1.49,0.78,3.26,0.15,0.05,-0.04,
12:38:37:860,1.49,0.78,3.26,0.15,-0.05,-0.02,
12:38:37:861,1.49,0.78,3.26,0.15,-0.05,-0.02,
12:38:37:863,1.49,0.78,3.26,0.14,-0.15,0.01,
12:38:37:864,1.06,-0.42,1.88,0.14,-0.15,0.01,
12:38:37:865,1.06,-0.42,1.88,0.15,-0.21,0.04,
12:38:37:866,1.05,-0.42,1.88,0.15,-0.21,0.04,
12:38:37:868,1.05,-0.42,1.88,0.15,-0.22,0.06,
12:38:37:868,1.22,-0.58,0.82,0.15,-0.22,0.06,
12:38:37:872,1.22,-0.58,0.82,0.15,-0.16,0.07,
12:38:37:873,1.21,-0.58,0.82,0.15,-0.16,0.07,
12:38:37:873,1.21,-0.58,0.82,0.14,-0.07,0.07,
12:38:37:874,2.19,0.79,1.59,0.14,-0.07,0.07,
12:38:37:875,2.19,0.79,1.59,0.13,0.02,0.05,
12:38:37:876,2.19,0.78,1.59,0.13,0.02,0.05,
12:38:37:879,2.19,0.78,1.59,0.12,0.07,0.02,
12:38:37:879,1.25,-0.56,0.80,0.12,0.07,0.02,
12:38:37:880,1.25,-0.56,0.80,0.12,0.06,-0.01,
12:38:37:881,1.25,-0.57,0.81,0.12,0.06,-0.01,
12:38:37:882,1.25,-0.57,0.81,0.11,0.02,-0.01,
12:38:37:883,1.35,-0.01,1.67,0.11,0.02,-0.01,
12:38:37:885,1.35,-0.01,1.67,0.09,-0.03,-0.01,
12:38:37:885,1.35,-0.01,1.67,0.09,-0.03,-0.01,
12:38:37:888,1.35,-0.01,1.67,0.08,-0.06,0.01,
12:38:37:888,1.48,0.82,2.12,0.08,-0.06,0.01,
12:38:37:890,1.48,0.82,2.12,0.07,-0.10,0.03,
12:38:37:891,1.48,0.82,2.12,0.07,-0.10,0.03,
12:38:37:893,1.48,0.82,2.12,0.06,-0.14,0.05,
12:38:37:893,1.23,-0.73,1.24,0.06,-0.14,0.05,
12:38:37:896,1.23,-0.73,1.24,0.06,-0.17,0.06,
12:38:37:897,1.23,-0.73,1.24,0.06,-0.17,0.06,
12:38:37:898,1.23,-0.73,1.24,0.05,-0.19,0.06,
12:38:37:899,1.77,-2.04,0.97,0.05,-0.19,0.06,
12:38:37:900,1.77,-2.04,0.97,0.03,-0.13,0.05,
12:38:37:901,1.77,-2.04,0.97,0.03,-0.13,0.05,
12:38:37:902,1.77,-2.04,0.97,0.03,-0.02,0.03,
12:38:37:903,1.38,-0.02,1.38,0.03,-0.02,0.03,
12:38:37:905,1.38,-0.02,1.38,0.02,0.06,0.02,
12:38:37:906,1.38,-0.02,1.38,0.02,0.06,0.02,
12:38:37:907,1.38,-0.02,1.38,0.01,0.04,0.02,
12:38:37:908,2.21,-0.71,2.29,0.01,0.04,0.02,
12:38:37:910,2.21,-0.71,2.29,0.01,-0.06,0.02,
12:38:37:911,2.21,-0.71,2.29,0.01,-0.06,0.02,
12:38:37:913,2.21,-0.71,2.29,0.01,-0.18,0.02,
12:38:37:913,2.06,-2.15,1.12,0.01,-0.18,0.02,
12:38:37:915,2.06,-2.15,1.12,0.03,-0.25,0.03,
12:38:37:916,2.05,-2.15,1.12,0.03,-0.25,0.03,
12:38:37:917,2.05,-2.15,1.12,0.03,-0.22,0.03,
12:38:37:918,1.53,-1.31,0.81,0.03,-0.22,0.03,
12:38:37:920,1.53,-1.31,0.81,0.03,-0.09,0.03,
12:38:37:922,1.53,-1.31,0.81,0.03,-0.09,0.03,
12:38:37:922,1.53,-1.31,0.81,0.04,0.01,0.03,
12:38:37:929,1.42,0.04,0.74,0.04,0.01,0.03,
12:38:37:930,1.42,0.04,0.74,0.05,0.05,0.03,
12:38:37:930,1.42,0.04,0.74,0.05,0.05,0.03,
12:38:37:931,1.42,0.04,0.74,0.05,0.02,0.03,
12:38:37:932,1.80,-0.83,0.95,0.05,0.02,0.03,
12:38:37:932,1.80,-0.83,0.95,0.04,-0.06,0.03,
12:38:37:934,1.80,-0.83,0.95,0.04,-0.06,0.03,
12:38:37:935,1.80,-0.83,0.95,0.03,-0.13,0.04,
12:38:37:935,2.62,-0.34,0.97,0.03,-0.13,0.04,
12:38:37:936,2.62,-0.34,0.97,0.02,-0.19,0.04,
12:38:37:936,2.62,-0.34,0.97,0.02,-0.19,0.04,
12:38:37:940,2.62,-0.34,0.97,0.01,-0.22,0.04,
12:38:37:941,2.53,-1.17,-0.05,0.01,-0.22,0.04,
12:38:37:941,2.53,-1.17,-0.05,0.01,-0.20,0.03,
12:38:37:941,2.53,-1.17,-0.05,0.01,-0.20,0.03,
12:38:37:943,2.53,-1.17,-0.05,0.01,-0.14,0.01,
12:38:37:943,1.97,-1.25,-0.92,0.01,-0.14,0.01,
12:38:37:951,1.97,-1.25,-0.92,-0.00,-0.05,-0.00,
12:38:37:951,1.97,-1.25,-0.92,-0.00,-0.05,-0.00,
12:38:37:951,1.97,-1.25,-0.92,-0.01,0.04,-0.01,
12:38:37:952,1.67,-0.41,-0.21,-0.01,0.04,-0.01,
12:38:37:952,1.67,-0.41,-0.21,-0.04,0.11,-0.03,
12:38:37:952,1.67,-0.41,-0.21,-0.04,0.11,-0.03,
12:38:37:953,1.67,-0.41,-0.21,-0.06,0.09,-0.02,
12:38:37:953,2.33,-0.91,0.90,-0.06,0.09,-0.02,
12:38:37:955,2.33,-0.91,0.90,-0.09,0.00,-0.01,
12:38:37:956,2.33,-0.91,0.90,-0.09,0.00,-0.01,
12:38:37:957,2.33,-0.91,0.90,-0.11,-0.11,-0.00,
12:38:37:958,2.59,-2.45,0.56,-0.11,-0.11,-0.00,
12:38:37:960,2.59,-2.45,0.56,-0.12,-0.21,0.00,
12:38:37:960,2.59,-2.45,0.55,-0.12,-0.21,0.00,
12:38:37:962,2.59,-2.45,0.55,-0.14,-0.26,0.00,
12:38:37:963,2.60,-3.09,0.15,-0.14,-0.26,0.00,
12:38:37:965,2.60,-3.09,0.15,-0.15,-0.22,0.00,
12:38:37:966,2.60,-3.09,0.15,-0.15,-0.22,0.00,
12:38:37:968,2.60,-3.09,0.15,-0.16,-0.09,0.00,
12:38:37:969,2.46,-0.51,1.05,-0.16,-0.09,0.00,
12:38:37:970,2.46,-0.51,1.05,-0.17,0.08,-0.00,
12:38:37:971,2.46,-0.51,1.04,-0.17,0.08,-0.00,
12:38:37:973,2.46,-0.51,1.04,-0.17,0.19,-0.01,
12:38:37:974,1.50,-1.34,1.49,-0.17,0.19,-0.01,
12:38:37:975,1.50,-1.34,1.49,-0.18,0.19,-0.02,
12:38:37:976,1.50,-1.34,1.48,-0.18,0.19,-0.02,
12:38:37:979,1.50,-1.34,1.48,-0.20,0.06,-0.01,
12:38:37:980,3.31,-1.71,3.41,-0.20,0.06,-0.01,
12:38:37:981,3.31,-1.71,3.41,-0.20,-0.14,-0.01,
12:38:37:982,3.31,-1.71,3.41,-0.20,-0.14,-0.01,
12:38:37:983,3.31,-1.71,3.41,-0.18,-0.29,-0.00,
12:38:37:983,4.36,-1.13,2.93,-0.18,-0.29,-0.00,
12:38:37:985,4.36,-1.13,2.93,-0.16,-0.35,-0.01,
12:38:37:985,4.35,-1.13,2.92,-0.16,-0.35,-0.01,
12:38:37:987,4.35,-1.13,2.92,-0.13,-0.27,-0.01,
12:38:37:988,2.53,-2.21,1.06,-0.13,-0.27,-0.01,
12:38:37:990,2.53,-2.21,1.06,-0.11,-0.09,-0.02,
12:38:37:991,2.53,-2.21,1.06,-0.11,-0.09,-0.02,
12:38:37:993,2.53,-2.21,1.06,-0.09,0.11,-0.04,
12:38:37:994,2.52,-0.66,2.09,-0.09,0.11,-0.04,
12:38:37:996,2.52,-0.66,2.09,-0.07,0.27,-0.05,
12:38:37:997,2.52,-0.65,2.09,-0.07,0.27,-0.05,
12:38:37:998,2.52,-0.65,2.09,-0.06,0.32,-0.05,
12:38:38:000,2.23,0.15,3.59,-0.06,0.32,-0.05,
12:38:38:001,2.23,0.15,3.59,-0.04,0.22,-0.06,
12:38:38:001,2.24,0.15,3.59,-0.04,0.22,-0.06,
12:38:38:002,2.24,0.15,3.59,-0.03,0.01,-0.05,
12:38:38:003,2.55,-1.03,3.59,-0.03,0.01,-0.05,
12:38:38:005,2.55,-1.03,3.59,-0.00,-0.24,-0.03,
12:38:38:005,2.55,-1.03,3.59,-0.00,-0.24,-0.03,
12:38:38:007,2.55,-1.03,3.59,0.02,-0.41,-0.01,
12:38:38:008,3.20,-1.95,1.16,0.02,-0.41,-0.01,
12:38:38:010,3.20,-1.95,1.16,0.03,-0.45,-0.00,
12:38:38:011,3.20,-1.95,1.16,0.03,-0.45,-0.00,
12:38:38:012,3.20,-1.95,1.16,0.02,-0.31,-0.00,
12:38:38:013,3.46,-0.63,0.77,0.02,-0.31,-0.00,
12:38:38:015,3.46,-0.63,0.77,0.01,-0.06,-0.02,
12:38:38:016,3.46,-0.63,0.77,0.01,-0.06,-0.02,
12:38:38:017,3.46,-0.63,0.77,-0.01,0.16,-0.04,
12:38:38:018,2.75,-1.89,0.44,-0.01,0.16,-0.04,
12:38:38:020,2.75,-1.89,0.44,-0.03,0.27,-0.06,
12:38:38:021,2.75,-1.89,0.44,-0.03,0.27,-0.06,
12:38:38:023,2.75,-1.89,0.44,-0.05,0.28,-0.08,
12:38:38:024,2.42,-1.59,2.17,-0.05,0.28,-0.08,
12:38:38:025,2.42,-1.59,2.17,-0.07,0.19,-0.09,
12:38:38:026,2.42,-1.59,2.17,-0.07,0.19,-0.09,
12:38:38:035,2.42,-1.59,2.17,-0.08,0.04,-0.08,
12:38:38:035,3.35,0.10,3.64,-0.08,0.04,-0.08,
12:38:38:036,3.35,0.10,3.64,-0.08,-0.15,-0.06,
12:38:38:036,3.35,0.10,3.64,-0.08,-0.15,-0.06,
12:38:38:036,3.35,0.10,3.64,-0.07,-0.27,-0.03,
12:38:38:037,2.85,-1.52,1.41,-0.07,-0.27,-0.03,
12:38:38:037,2.85,-1.52,1.41,-0.06,-0.30,-0.01,
12:38:38:037,2.84,-1.52,1.41,-0.06,-0.30,-0.01,
12:38:38:038,2.84,-1.52,1.41,-0.07,-0.20,-0.01,
12:38:38:038,2.90,-1.85,1.68,-0.07,-0.20,-0.01,
12:38:38:040,2.90,-1.85,1.68,-0.08,0.00,-0.02,
12:38:38:040,2.90,-1.85,1.68,-0.08,0.00,-0.02,
12:38:38:042,2.90,-1.85,1.68,-0.09,0.22,-0.04,
12:38:38:043,2.85,-0.38,3.08,-0.09,0.22,-0.04,
12:38:38:046,2.85,-0.38,3.08,-0.08,0.34,-0.06,
12:38:38:047,2.85,-0.38,3.08,-0.08,0.34,-0.06,
12:38:38:048,2.85,-0.38,3.08,-0.07,0.30,-0.08,
12:38:38:054,2.48,-0.59,4.67,-0.07,0.30,-0.08,
12:38:38:055,2.48,-0.59,4.67,-0.06,0.10,-0.08,
12:38:38:056,2.49,-0.59,4.67,-0.06,0.10,-0.08,
12:38:38:057,2.49,-0.59,4.67,-0.03,-0.16,-0.06,
12:38:38:058,3.26,-1.15,4.51,-0.03,-0.16,-0.06,
12:38:38:059,3.26,-1.15,4.51,0.00,-0.34,-0.04,
12:38:38:060,3.26,-1.15,4.51,0.00,-0.34,-0.04,
12:38:38:061,3.26,-1.15,4.51,0.03,-0.36,-0.02,
12:38:38:062,3.02,-0.03,2.93,0.03,-0.36,-0.02,
12:38:38:063,3.02,-0.03,2.93,0.07,-0.23,0.00,
12:38:38:064,3.02,-0.03,2.93,0.07,-0.23,0.00,
12:38:38:065,3.02,-0.03,2.93,0.09,-0.03,0.00,
12:38:38:066,3.03,0.48,2.11,0.09,-0.03,0.00,
12:38:38:066,3.03,0.48,2.11,0.09,0.17,-0.02,
12:38:38:067,3.03,0.48,2.11,0.09,0.17,-0.02,
12:38:38:070,3.03,0.48,2.11,0.08,0.28,-0.04,
12:38:38:070,2.66,-0.96,3.29,0.08,0.28,-0.04,
12:38:38:072,2.66,-0.96,3.29,0.08,0.28,-0.07,
12:38:38:072,2.67,-0.96,3.29,0.08,0.28,-0.07,
12:38:38:072,2.67,-0.96,3.29,0.07,0.20,-0.08,
12:38:38:073,1.80,1.18,4.25,0.07,0.20,-0.08,
12:38:38:075,1.80,1.18,4.25,0.08,0.06,-0.07,
12:38:38:075,1.80,1.18,4.25,0.08,0.06,-0.07,
12:38:38:079,1.80,1.18,4.25,0.08,-0.14,-0.04,
12:38:38:079,2.37,0.10,3.64,0.08,-0.14,-0.04,
12:38:38:080,2.37,0.10,3.64,0.09,-0.30,-0.02,
12:38:38:080,2.37,0.10,3.64,0.09,-0.30,-0.02,
12:38:38:082,2.37,0.10,3.64,0.09,-0.37,0.01,
12:38:38:083,2.62,-1.29,1.46,0.09,-0.37,0.01,
12:38:38:085,2.62,-1.29,1.46,0.09,-0.32,0.02,
12:38:38:085,2.61,-1.29,1.46,0.09,-0.32,0.02,
12:38:38:087,2.61,-1.29,1.46,0.08,-0.13,0.02,
12:38:38:088,3.17,0.73,1.49,0.08,-0.13,0.02,
12:38:38:090,3.17,0.73,1.49,0.06,0.09,-0.00,
12:38:38:091,3.17,0.73,1.49,0.06,0.09,-0.00,
12:38:38:093,3.17,0.73,1.49,0.05,0.21,-0.04,
12:38:38:094,2.91,-0.84,1.70,0.05,0.21,-0.04,
12:38:38:095,2.91,-0.84,1.70,0.04,0.20,-0.06,
12:38:38:096,2.92,-0.84,1.70,0.04,0.20,-0.06,
12:38:38:098,2.92,-0.84,1.70,0.04,0.08,-0.08,
12:38:38:099,3.07,-0.64,2.49,0.04,0.08,-0.08,
12:38:38:100,3.07,-0.64,2.49,0.06,-0.07,-0.08,
12:38:38:101,3.07,-0.64,2.49,0.06,-0.07,-0.08,
12:38:38:102,3.07,-0.64,2.49,0.07,-0.15,-0.06,
12:38:38:103,2.76,1.04,2.03,0.07,-0.15,-0.06,
12:38:38:105,2.76,1.04,2.03,0.08,-0.14,-0.03,
12:38:38:105,2.76,1.04,2.03,0.08,-0.14,-0.03,
12:38:38:107,2.76,1.04,2.03,0.08,-0.09,-0.01,
12:38:38:108,2.50,0.44,1.52,0.08,-0.09,-0.01,
12:38:38:110,2.50,0.44,1.52,0.07,-0.05,0.01,
12:38:38:111,2.50,0.44,1.52,0.07,-0.05,0.01,
12:38:38:113,2.50,0.44,1.52,0.06,-0.00,0.01,
12:38:38:114,2.65,-1.02,1.85,0.06,-0.00,0.01,
12:38:38:115,2.65,-1.02,1.85,0.03,0.08,-0.01,
12:38:38:115,2.65,-1.02,1.85,0.03,0.08,-0.01,
12:38:38:117,2.65,-1.02,1.85,0.01,0.16,-0.03,
12:38:38:118,1.86,0.06,2.91,0.01,0.16,-0.03,
12:38:38:120,1.86,0.06,2.91,0.00,0.21,-0.04,
12:38:38:121,1.86,0.06,2.91,0.00,0.21,-0.04,
12:38:38:123,1.86,0.06,2.91,-0.01,0.13,-0.05,
12:38:38:123,2.15,0.17,4.10,-0.01,0.13,-0.05,
12:38:38:125,2.15,0.17,4.10,-0.00,-0.06,-0.04,
12:38:38:126,2.15,0.17,4.10,-0.00,-0.06,-0.04,
12:38:38:129,2.15,0.17,4.10,0.01,-0.26,-0.02,
12:38:38:129,3.20,-1.14,3.05,0.01,-0.26,-0.02,
12:38:38:130,3.20,-1.14,3.05,0.02,-0.38,-0.01,
12:38:38:131,3.20,-1.14,3.05,0.02,-0.38,-0.01,
12:38:38:133,3.20,-1.14,3.05,0.03,-0.34,-0.00,
12:38:38:134,3.69,0.06,2.79,0.03,-0.34,-0.00,
12:38:38:135,3.69,0.06,2.79,0.04,-0.12,-0.00,
12:38:38:135,3.69,0.06,2.79,0.04,-0.12,-0.00,
12:38:38:137,3.69,0.06,2.79,0.05,0.13,-0.02,
12:38:38:138,2.60,0.57,2.28,0.05,0.13,-0.02,
12:38:38:140,2.60,0.57,2.28,0.07,0.30,-0.04,
12:38:38:140,2.60,0.57,2.29,0.07,0.30,-0.04,
12:38:38:143,2.60,0.57,2.29,0.08,0.33,-0.06,
12:38:38:143,1.85,0.23,3.98,0.08,0.33,-0.06,
12:38:38:151,1.85,0.23,3.98,0.10,0.22,-0.06,
12:38:38:152,1.86,0.23,3.98,0.10,0.22,-0.06,
12:38:38:152,1.86,0.23,3.98,0.12,0.01,-0.06,
12:38:38:153,2.35,1.91,4.34,0.12,0.01,-0.06,
12:38:38:153,2.35,1.91,4.34,0.14,-0.19,-0.03,
12:38:38:153,2.35,1.91,4.34,0.14,-0.19,-0.03,
12:38:38:154,2.35,1.91,4.34,0.16,-0.30,0.00,
12:38:38:154,1.86,0.48,2.17,0.16,-0.30,0.00,
12:38:38:156,1.86,0.48,2.17,0.16,-0.31,0.03,
12:38:38:157,1.85,0.48,2.17,0.16,-0.31,0.03,
12:38:38:158,1.85,0.48,2.17,0.15,-0.24,0.04,
12:38:38:159,1.63,-1.27,0.35,0.15,-0.24,0.04,
12:38:38:160,1.63,-1.27,0.35,0.14,-0.14,0.04,
12:38:38:160,1.63,-1.27,0.35,0.14,-0.14,0.04,
12:38:38:162,1.63,-1.27,0.35,0.13,0.01,0.03,
12:38:38:163,1.80,-0.53,0.64,0.13,0.01,0.03,
12:38:38:165,1.80,-0.53,0.64,0.10,0.17,0.01,
12:38:38:166,1.80,-0.54,0.64,0.10,0.17,0.01,
12:38:38:167,1.80,-0.54,0.64,0.08,0.24,-0.01,
12:38:38:168,1.95,1.04,2.11,0.08,0.24,-0.01,
12:38:38:170,1.95,1.04,2.11,0.06,0.18,-0.02,
12:38:38:170,1.95,1.04,2.12,0.06,0.18,-0.02,
12:38:38:172,1.95,1.04,2.12,0.04,0.02,-0.02,
12:38:38:179,2.37,-0.11,2.58,0.04,0.02,-0.02,
12:38:38:180,2.37,-0.11,2.58,0.04,-0.16,-0.01,
12:38:38:180,2.37,-0.11,2.58,0.04,-0.16,-0.01,
12:38:38:181,2.37,-0.11,2.58,0.04,-0.28,0.01,
12:38:38:182,2.21,0.12,1.29,0.04,-0.28,0.01,
12:38:38:182,2.21,0.12,1.29,0.04,-0.30,0.03,
12:38:38:182,2.20,0.12,1.29,0.04,-0.30,0.03,
12:38:38:183,2.20,0.12,1.29,0.03,-0.22,0.04,
12:38:38:183,2.19,-0.51,0.91,0.03,-0.22,0.04,
12:38:38:185,2.19,-0.51,0.91,0.02,-0.08,0.03,
12:38:38:189,2.19,-0.51,0.91,0.02,-0.08,0.03,
12:38:38:190,2.19,-0.51,0.91,0.00,0.07,0.02,
12:38:38:191,2.13,-1.27,1.51,0.00,0.07,0.02,
12:38:38:191,2.13,-1.27,1.51,-0.02,0.14,-0.00,
12:38:38:192,2.13,-1.27,1.51,-0.02,0.14,-0.00,
12:38:38:192,2.13,-1.27,1.51,-0.03,0.11,-0.02,
12:38:38:193,2.86,-0.90,2.99,-0.03,0.11,-0.02,
12:38:38:195,2.86,-0.90,2.99,-0.04,-0.00,-0.03,
12:38:38:196,2.86,-0.90,2.99,-0.04,-0.00,-0.03,
12:38:38:198,2.86,-0.90,2.99,-0.02,-0.13,-0.03,
12:38:38:200,3.16,-0.65,2.72,-0.02,-0.13,-0.03,
12:38:38:201,3.16,-0.65,2.72,-0.01,-0.23,-0.02,
12:38:38:202,3.16,-0.65,2.71,-0.01,-0.23,-0.02,
12:38:38:203,3.16,-0.65,2.71,0.01,-0.26,-0.01,
12:38:38:204,3.25,-1.19,1.50,0.01,-0.26,-0.01,
12:38:38:205,3.25,-1.19,1.50,0.03,-0.25,-0.00,
12:38:38:205,3.25,-1.19,1.50,0.03,-0.25,-0.00,
12:38:38:208,3.25,-1.19,1.50,0.04,-0.12,-0.00,
12:38:38:208,2.54,-0.78,1.15,0.04,-0.12,-0.00,
12:38:38:210,2.54,-0.78,1.15,0.04,0.11,-0.01,
12:38:38:211,2.54,-0.78,1.15,0.04,0.11,-0.01,
12:38:38:212,2.54,-0.78,1.15,0.04,0.29,-0.02,
12:38:38:213,1.92,0.31,2.46,0.04,0.29,-0.02,
12:38:38:215,1.92,0.31,2.46,0.04,0.30,-0.02,
12:38:38:216,1.92,0.31,2.46,0.04,0.30,-0.02,
12:38:38:217,1.92,0.31,2.46,0.04,0.17,-0.03,
12:38:38:218,2.30,-0.39,3.42,0.04,0.17,-0.03,
12:38:38:220,2.30,-0.39,3.42,0.05,-0.08,-0.01,
12:38:38:221,2.30,-0.39,3.42,0.05,-0.08,-0.01,
12:38:38:223,2.30,-0.39,3.42,0.06,-0.30,0.00,
12:38:38:224,3.09,-0.32,1.84,0.06,-0.30,0.00,
12:38:38:225,3.09,-0.32,1.84,0.07,-0.40,0.02,
12:38:38:226,3.09,-0.32,1.84,0.07,-0.40,0.02,
12:38:38:229,3.09,-0.32,1.84,0.07,-0.35,0.02,
12:38:38:230,2.84,-0.44,0.76,0.07,-0.35,0.02,
12:38:38:231,2.84,-0.44,0.76,0.06,-0.18,0.02,
12:38:38:232,2.84,-0.44,0.76,0.06,-0.18,0.02,
12:38:38:233,2.84,-0.44,0.76,0.06,0.00,0.00,
12:38:38:234,2.16,-1.40,-0.24,0.06,0.00,0.00,
12:38:38:235,2.16,-1.40,-0.24,0.04,0.13,-0.02,
12:38:38:235,2.16,-1.40,-0.24,0.04,0.13,-0.02,
12:38:38:237,2.16,-1.40,-0.24,0.01,0.19,-0.04,
12:38:38:238,2.84,-0.32,1.80,0.01,0.19,-0.04,
12:38:38:240,2.84,-0.32,1.80,-0.00,0.18,-0.06,
12:38:38:241,2.84,-0.32,1.80,-0.00,0.18,-0.06,
12:38:38:242,2.84,-0.32,1.80,-0.01,0.10,-0.06,
12:38:38:243,2.41,0.29,2.01,-0.01,0.10,-0.06,
12:38:38:251,2.41,0.29,2.01,-0.01,-0.03,-0.05,
12:38:38:251,2.41,0.29,2.01,-0.01,-0.03,-0.05,
12:38:38:252,2.41,0.29,2.01,-0.01,-0.16,-0.03,
12:38:38:252,2.41,-1.02,1.04,-0.01,-0.16,-0.03,
12:38:38:252,2.41,-1.02,1.04,-0.00,-0.26,-0.00,
12:38:38:252,2.41,-1.02,1.04,-0.00,-0.26,-0.00,
12:38:38:253,2.41,-1.02,1.04,-0.01,-0.27,0.01,
12:38:38:253,2.70,-0.92,0.63,-0.01,-0.27,0.01,
12:38:38:255,2.70,-0.92,0.63,-0.02,-0.14,0.02,
12:38:38:256,2.69,-0.92,0.63,-0.02,-0.14,0.02,
12:38:38:257,2.69,-0.92,0.63,-0.04,0.05,0.01,
12:38:38:258,2.42,0.27,1.48,-0.04,0.05,0.01,
12:38:38:260,2.42,0.27,1.48,-0.06,0.18,-0.01,
12:38:38:260,2.42,0.27,1.48,-0.06,0.18,-0.01,
12:38:38:263,2.42,0.27,1.48,-0.08,0.18,-0.03,
12:38:38:264,2.33,-1.59,2.04,-0.08,0.18,-0.03,
12:38:38:265,2.33,-1.59,2.04,-0.10,0.08,-0.03,
12:38:38:266,2.33,-1.59,2.04,-0.10,0.08,-0.03,
12:38:38:268,2.33,-1.59,2.04,-0.11,-0.07,-0.03,
12:38:38:268,3.12,-1.87,2.66,-0.11,-0.07,-0.03,
12:38:38:270,3.12,-1.87,2.66,-0.10,-0.21,-0.02,
12:38:38:270,3.12,-1.87,2.66,-0.10,-0.21,-0.02,
12:38:38:273,3.12,-1.87,2.66,-0.08,-0.28,-0.01,
12:38:38:274,3.46,-0.30,1.89,-0.08,-0.28,-0.01,
12:38:38:275,3.46,-0.30,1.89,-0.06,-0.24,0.00,
12:38:38:275,3.46,-0.30,1.89,-0.06,-0.24,0.00,
12:38:38:278,3.46,-0.30,1.89,-0.06,-0.10,0.00,
12:38:38:279,2.11,-1.60,0.94,-0.06,-0.10,0.00,
12:38:38:280,2.11,-1.60,0.94,-0.05,0.06,-0.01,
12:38:38:281,2.11,-1.60,0.94,-0.05,0.06,-0.01,
12:38:38:282,2.11,-1.60,0.94,-0.04,0.15,-0.02,
12:38:38:283,2.11,-0.82,1.83,-0.04,0.15,-0.02,
12:38:38:285,2.11,-0.82,1.83,-0.03,0.19,-0.03,
12:38:38:285,2.11,-0.82,1.83,-0.03,0.19,-0.03,
12:38:38:287,2.11,-0.82,1.83,-0.02,0.18,-0.03,
12:38:38:288,2.30,1.03,3.35,-0.02,0.18,-0.03,
12:38:38:290,2.30,1.03,3.35,-0.02,0.10,-0.04,
12:38:38:291,2.31,1.03,3.35,-0.02,0.10,-0.04,
12:38:38:293,2.31,1.03,3.35,-0.01,-0.05,-0.03,
12:38:38:293,2.27,-0.67,2.80,-0.01,-0.05,-0.03,
12:38:38:295,2.27,-0.67,2.80,-0.00,-0.21,-0.01,
12:38:38:296,2.27,-0.67,2.80,-0.00,-0.21,-0.01,
12:38:38:298,2.27,-0.67,2.80,0.01,-0.30,0.00,
12:38:38:305,2.07,-1.62,0.84,0.01,-0.30,0.00,
12:38:38:306,2.07,-1.62,0.84,0.01,-0.26,0.01,
12:38:38:306,2.07,-1.62,0.84,0.01,-0.26,0.01,
12:38:38:307,2.07,-1.62,0.84,-0.00,-0.08,0.02,
12:38:38:307,2.10,0.01,1.57,-0.00,-0.08,0.02,
12:38:38:308,2.10,0.01,1.57,-0.02,0.09,0.01,
12:38:38:308,2.10,0.01,1.57,-0.02,0.09,0.01,
12:38:38:309,2.10,0.01,1.57,-0.03,0.17,-0.00,
12:38:38:309,2.10,-0.67,1.75,-0.03,0.17,-0.00,
12:38:38:310,2.10,-0.67,1.75,-0.05,0.15,-0.02,
12:38:38:311,2.10,-0.67,1.75,-0.05,0.15,-0.02,
12:38:38:312,2.10,-0.67,1.75,-0.07,0.05,-0.02,
12:38:38:313,2.92,-0.67,3.37,-0.07,0.05,-0.02,
12:38:38:315,2.92,-0.67,3.37,-0.08,-0.09,-0.01,
12:38:38:316,2.92,-0.67,3.37,-0.08,-0.09,-0.01,
12:38:38:317,2.92,-0.67,3.37,-0.08,-0.21,0.01,
12:38:38:318,3.20,0.26,2.64,-0.08,-0.21,0.01,
12:38:38:320,3.20,0.26,2.64,-0.06,-0.26,0.02,
12:38:38:321,3.20,0.26,2.64,-0.06,-0.26,0.02,
12:38:38:323,3.20,0.26,2.64,-0.05,-0.23,0.03,
12:38:38:324,2.67,-0.74,1.36,-0.05,-0.23,0.03,
12:38:38:325,2.67,-0.74,1.36,-0.04,-0.12,0.02,
12:38:38:326,2.67,-0.74,1.36,-0.04,-0.12,0.02,
12:38:38:328,2.67,-0.74,1.36,-0.03,0.01,0.00,
12:38:38:329,2.87,-0.67,1.99,-0.03,0.01,0.00,
12:38:38:330,2.87,-0.67,1.99,-0.03,0.13,-0.02,
12:38:38:331,2.87,-0.67,1.99,-0.03,0.13,-0.02,
12:38:38:333,2.87,-0.67,1.99,-0.03,0.17,-0.05,
12:38:38:334,2.78,-0.59,2.80,-0.03,0.17,-0.05,
12:38:38:335,2.78,-0.59,2.80,-0.03,0.10,-0.06,
12:38:38:336,2.78,-0.58,2.80,-0.03,0.10,-0.06,
12:38:38:338,2.78,-0.58,2.80,-0.03,-0.05,-0.06,
12:38:38:338,2.95,-1.50,2.69,-0.03,-0.05,-0.06,
12:38:38:340,2.95,-1.50,2.69,-0.02,-0.20,-0.04,
12:38:38:341,2.95,-1.50,2.69,-0.02,-0.20,-0.04,
12:38:38:342,2.95,-1.50,2.69,-0.01,-0.30,-0.03,
12:38:38:343,2.99,-2.55,0.97,-0.01,-0.30,-0.03,
12:38:38:350,2.99,-2.55,0.97,-0.00,-0.32,-0.01,
12:38:38:350,2.98,-2.55,0.97,-0.00,-0.32,-0.01,
12:38:38:351,2.98,-2.55,0.97,0.01,-0.22,0.01,
12:38:38:351,2.71,-1.35,0.34,0.01,-0.22,0.01,
12:38:38:351,2.71,-1.35,0.34,0.01,-0.01,0.01,
12:38:38:352,2.71,-1.35,0.34,0.01,-0.01,0.01,
12:38:38:353,2.71,-1.35,0.34,0.00,0.20,0.01,
12:38:38:354,1.39,-1.40,0.70,0.00,0.20,0.01,
12:38:38:355,1.39,-1.40,0.70,-0.02,0.34,0.00,
12:38:38:356,1.39,-1.40,0.70,-0.02,0.34,0.00,
12:38:38:357,1.39,-1.40,0.70,-0.03,0.34,0.00,
12:38:38:358,1.57,-0.90,2.92,-0.03,0.34,0.00,
12:38:38:360,1.57,-0.90,2.92,-0.05,0.20,-0.00,
12:38:38:360,1.57,-0.90,2.92,-0.05,0.20,-0.00,
12:38:38:363,1.57,-0.90,2.92,-0.06,-0.02,-0.00,
12:38:38:363,3.26,0.56,4.26,-0.06,-0.02,-0.00,
12:38:38:366,3.26,0.56,4.26,-0.06,-0.23,0.00,
12:38:38:367,3.26,0.56,4.26,-0.06,-0.23,0.00,
12:38:38:368,3.26,0.56,4.26,-0.05,-0.31,0.01,
12:38:38:369,1.77,-1.02,1.51,-0.05,-0.31,0.01,
12:38:38:370,1.77,-1.02,1.51,-0.04,-0.28,0.01,
12:38:38:370,1.77,-1.02,1.51,-0.04,-0.28,0.01,
12:38:38:372,1.77,-1.02,1.51,-0.02,-0.19,0.02,
12:38:38:373,1.88,-0.77,0.78,-0.02,-0.19,0.02,
12:38:38:375,1.88,-0.77,0.78,-0.02,-0.05,0.01,
12:38:38:376,1.88,-0.77,0.78,-0.02,-0.05,0.01,
12:38:38:379,1.88,-0.77,0.78,-0.03,0.11,-0.00,
12:38:38:379,3.00,0.08,2.48,-0.03,0.11,-0.00,
12:38:38:380,3.00,0.08,2.48,-0.03,0.19,-0.02,
12:38:38:381,3.00,0.09,2.48,-0.03,0.19,-0.02,
12:38:38:383,3.00,0.09,2.48,-0.03,0.14,-0.04,
12:38:38:383,2.55,-0.51,2.48,-0.03,0.14,-0.04,
12:38:38:385,2.55,-0.51,2.48,-0.02,0.01,-0.05,
12:38:38:386,2.55,-0.51,2.48,-0.02,0.01,-0.05,
12:38:38:387,2.55,-0.51,2.48,-0.01,-0.14,-0.03,
12:38:38:388,2.67,-1.22,1.88,-0.01,-0.14,-0.03,
12:38:38:390,2.67,-1.22,1.88,0.00,-0.25,-0.02,
12:38:38:391,2.67,-1.22,1.88,0.00,-0.25,-0.02,
12:38:38:393,2.67,-1.22,1.88,0.01,-0.26,-0.00,
12:38:38:393,2.74,-0.39,1.23,0.01,-0.26,-0.00,
12:38:38:395,2.74,-0.39,1.23,0.01,-0.16,0.01,
12:38:38:396,2.74,-0.39,1.23,0.01,-0.16,0.01,
12:38:38:398,2.74,-0.39,1.23,0.00,0.00,0.02,
12:38:38:398,1.84,-1.55,0.87,0.00,0.00,0.02,
12:38:38:400,1.84,-1.55,0.87,-0.02,0.11,0.01,
12:38:38:401,1.84,-1.55,0.87,-0.02,0.11,0.01,
12:38:38:402,1.84,-1.55,0.87,-0.04,0.13,0.00,
12:38:38:403,2.29,-1.88,1.88,-0.04,0.13,0.00,
12:38:38:405,2.29,-1.88,1.88,-0.06,0.09,-0.01,
12:38:38:405,2.29,-1.88,1.88,-0.06,0.09,-0.01,
12:38:38:407,2.29,-1.88,1.88,-0.07,0.04,-0.02,
12:38:38:408,2.30,-0.43,2.97,-0.07,0.04,-0.02,
12:38:38:410,2.30,-0.43,2.97,-0.08,-0.03,-0.02,
12:38:38:411,2.31,-0.43,2.97,-0.08,-0.03,-0.02,
12:38:38:413,2.31,-0.43,2.97,-0.09,-0.14,-0.01,
12:38:38:414,2.75,-1.03,2.79,-0.09,-0.14,-0.01,
12:38:38:415,2.75,-1.03,2.79,-0.07,-0.23,0.02,
12:38:38:416,2.75,-1.03,2.78,-0.07,-0.23,0.02,
12:38:38:417,2.75,-1.03,2.78,-0.05,-0.27,0.03,
12:38:38:418,2.79,-1.26,0.86,-0.05,-0.27,0.03,
12:38:38:420,2.79,-1.26,0.86,-0.03,-0.24,0.03,
12:38:38:420,2.79,-1.26,0.86,-0.03,-0.24,0.03,
12:38:38:423,2.79,-1.26,0.86,-0.03,-0.08,0.02,
12:38:38:431,3.31,0.01,1.55,-0.03,-0.08,0.02,
12:38:38:432,3.31,0.01,1.55,-0.03,0.11,-0.01,
12:38:38:433,3.31,0.01,1.55,-0.03,0.11,-0.01,
12:38:38:434,3.31,0.01,1.55,-0.02,0.20,-0.04,
12:38:38:435,2.94,-0.20,2.03,-0.02,0.20,-0.04,
12:38:38:435,2.94,-0.20,2.03,-0.02,0.20,-0.07,
12:38:38:436,2.94,-0.20,2.03,-0.02,0.20,-0.07,
12:38:38:436,2.94,-0.20,2.03,-0.02,0.09,-0.08,
12:38:38:437,3.18,-0.67,2.36,-0.02,0.09,-0.08,
12:38:38:437,3.18,-0.67,2.36,-0.01,-0.09,-0.07,
12:38:38:438,3.18,-0.67,2.36,-0.01,-0.09,-0.07,
12:38:38:438,3.18,-0.67,2.36,-0.00,-0.21,-0.05,
12:38:38:439,3.52,0.06,2.10,-0.00,-0.21,-0.05,
12:38:38:441,3.52,0.06,2.10,-0.00,-0.22,-0.03,
12:38:38:442,3.52,0.06,2.10,-0.00,-0.22,-0.03,
12:38:38:443,3.52,0.06,2.10,-0.01,-0.11,-0.02,
12:38:38:443,1.75,-1.24,0.24,-0.01,-0.11,-0.02,
12:38:38:451,1.75,-1.24,0.24,-0.01,0.01,-0.02,
12:38:38:452,1.75,-1.24,0.24,-0.01,0.01,-0.02,
12:38:38:452,1.75,-1.24,0.24,-0.03,0.10,-0.02,
12:38:38:453,1.72,-2.78,1.41,-0.03,0.10,-0.02,
12:38:38:454,1.72,-2.78,1.41,-0.06,0.14,-0.02,
12:38:38:454,1.72,-2.78,1.41,-0.06,0.14,-0.02,
12:38:38:455,1.72,-2.78,1.41,-0.07,0.10,-0.02,
12:38:38:456,2.77,-0.59,2.64,-0.07,0.10,-0.02,
12:38:38:456,2.77,-0.59,2.64,-0.08,0.04,-0.03,
12:38:38:457,2.77,-0.59,2.64,-0.08,0.04,-0.03,
12:38:38:458,2.77,-0.59,2.64,-0.08,-0.00,-0.03,
12:38:38:458,2.63,-0.43,3.60,-0.08,-0.00,-0.03,
12:38:38:460,2.63,-0.43,3.60,-0.08,-0.06,-0.03,
12:38:38:460,2.63,-0.42,3.60,-0.08,-0.06,-0.03,
12:38:38:463,2.63,-0.42,3.60,-0.06,-0.17,-0.02,
12:38:38:464,2.50,-1.34,2.04,-0.06,-0.17,-0.02,
12:38:38:465,2.50,-1.34,2.04,-0.03,-0.24,-0.01,
12:38:38:466,2.50,-1.34,2.04,-0.03,-0.24,-0.01,
12:38:38:467,2.50,-1.34,2.04,-0.02,-0.21,-0.00,
12:38:38:468,2.86,-0.60,1.89,-0.02,-0.21,-0.00,
12:38:38:470,2.86,-0.60,1.89,-0.01,-0.05,-0.01,
12:38:38:470,2.86,-0.60,1.89,-0.01,-0.05,-0.01,
12:38:38:472,2.86,-0.60,1.89,-0.00,0.13,-0.03,
12:38:38:473,2.04,-0.26,2.14,-0.00,0.13,-0.03,
12:38:38:475,2.04,-0.26,2.14,0.00,0.22,-0.04,
12:38:38:475,2.04,-0.26,2.14,0.00,0.22,-0.04,
12:38:38:478,2.04,-0.26,2.14,0.00,0.18,-0.05,
12:38:38:478,2.32,-1.08,3.17,0.00,0.18,-0.05,
12:38:38:480,2.32,-1.08,3.17,-0.00,-0.00,-0.05,
12:38:38:480,2.32,-1.08,3.17,-0.00,-0.00,-0.05,
12:38:38:482,2.32,-1.08,3.17,0.00,-0.21,-0.04,
12:38:38:483,3.87,-0.08,3.00,0.00,-0.21,-0.04,
12:38:38:485,3.87,-0.08,3.00,0.01,-0.34,-0.03,
12:38:38:486,3.87,-0.08,2.99,0.01,-0.34,-0.03,
12:38:38:487,3.87,-0.08,2.99,0.02,-0.33,-0.02,
12:38:38:488,3.34,-1.15,1.11,0.02,-0.33,-0.02,
12:38:38:490,3.34,-1.15,1.11,0.02,-0.18,-0.02,
12:38:38:490,3.34,-1.15,1.11,0.02,-0.18,-0.02,
12:38:38:492,3.34,-1.15,1.11,0.01,0.03,-0.03,
12:38:38:493,2.29,-1.72,0.65,0.01,0.03,-0.03,
12:38:38:495,2.29,-1.72,0.65,0.00,0.19,-0.04,
12:38:38:496,2.29,-1.72,0.65,0.00,0.19,-0.04,
12:38:38:498,2.29,-1.72,0.65,-0.01,0.25,-0.06,
12:38:38:499,3.22,0.30,3.09,-0.01,0.25,-0.06,
12:38:38:500,3.22,0.30,3.09,-0.02,0.24,-0.07,
12:38:38:501,3.22,0.30,3.09,-0.02,0.24,-0.07,
12:38:38:503,3.22,0.30,3.09,-0.03,0.15,-0.08,
12:38:38:504,2.73,-0.20,3.61,-0.03,0.15,-0.08,
12:38:38:505,2.73,-0.20,3.61,-0.03,-0.01,-0.07,
12:38:38:507,2.74,-0.20,3.61,-0.03,-0.01,-0.07,
12:38:38:507,2.74,-0.20,3.61,-0.02,-0.20,-0.05,
12:38:38:508,2.79,-0.46,2.52,-0.02,-0.20,-0.05,
12:38:38:511,2.79,-0.46,2.52,0.01,-0.32,-0.02,
12:38:38:511,2.79,-0.46,2.52,0.01,-0.32,-0.02,
12:38:38:513,2.79,-0.46,2.52,0.03,-0.31,-0.01,
12:38:38:515,3.24,0.12,1.64,0.03,-0.31,-0.01,
12:38:38:516,3.24,0.12,1.64,0.02,-0.15,-0.01,
12:38:38:517,3.24,0.12,1.64,0.02,-0.15,-0.01,
12:38:38:517,3.24,0.12,1.64,0.02,0.02,-0.01,
12:38:38:518,2.90,-0.54,1.07,0.02,0.02,-0.01,
12:38:38:520,2.90,-0.54,1.07,0.02,0.14,-0.05,
12:38:38:521,2.90,-0.54,1.07,0.02,0.14,-0.05,
12:38:38:528,2.90,-0.54,1.07,0.02,0.19,-0.08,
12:38:38:529,2.41,-1.05,2.00,0.02,0.19,-0.08,
12:38:38:530,2.41,-1.05,2.00,0.01,0.18,-0.09,
12:38:38:531,2.41,-1.05,2.00,0.01,0.18,-0.09,
12:38:38:532,2.41,-1.05,2.00,-0.00,0.09,-0.09,
12:38:38:532,3.32,0.66,3.76,-0.00,0.09,-0.09,
12:38:38:534,3.32,0.66,3.76,0.00,-0.07,-0.08,
12:38:38:534,3.32,0.66,3.76,0.00,-0.07,-0.08,
12:38:38:535,3.32,0.66,3.76,0.02,-0.19,-0.05,
12:38:38:535,2.02,-0.72,1.20,0.02,-0.19,-0.05,
12:38:38:536,2.02,-0.72,1.20,0.03,-0.23,-0.01,
12:38:38:536,2.02,-0.72,1.20,0.03,-0.23,-0.01,
12:38:38:538,2.02,-0.72,1.20,0.03,-0.17,0.01,
12:38:38:539,2.51,-0.34,2.00,0.03,-0.17,0.01,
12:38:38:540,2.51,-0.34,2.00,0.01,-0.01,0.01,
12:38:38:541,2.51,-0.34,2.00,0.01,-0.01,0.01,
12:38:38:543,2.51,-0.34,2.00,-0.01,0.15,-0.01,
12:38:38:543,2.36,-0.18,2.53,-0.01,0.15,-0.01,
12:38:38:551,2.36,-0.18,2.53,-0.02,0.21,-0.02,
12:38:38:552,2.36,-0.18,2.53,-0.02,0.21,-0.02,
12:38:38:552,2.36,-0.18,2.53,-0.03,0.17,-0.04,
12:38:38:558,2.15,-0.82,3.80,-0.03,0.17,-0.04,
12:38:38:558,2.15,-0.82,3.80,-0.04,0.03,-0.05,
12:38:38:559,2.15,-0.81,3.80,-0.04,0.03,-0.05,
12:38:38:559,2.15,-0.81,3.80,-0.03,-0.16,-0.03,
12:38:38:559,2.89,-0.84,3.57,-0.03,-0.16,-0.03,
12:38:38:559,2.89,-0.84,3.57,-0.02,-0.29,-0.01,
12:38:38:560,2.88,-0.84,3.56,-0.02,-0.29,-0.01,
12:38:38:560,2.88,-0.84,3.56,0.01,-0.27,0.00,
12:38:38:560,2.46,0.55,2.47,0.01,-0.27,0.00,
12:38:38:561,2.46,0.55,2.47,0.04,-0.15,0.01,
12:38:38:561,2.46,0.55,2.47,0.04,-0.15,0.01,
12:38:38:565,2.46,0.55,2.47,0.06,-0.03,0.01,
12:38:38:566,3.10,0.56,2.27,0.06,-0.03,0.01,
12:38:38:567,3.10,0.56,2.27,0.07,0.07,-0.00,
12:38:38:567,3.10,0.56,2.27,0.07,0.07,-0.00,
12:38:38:568,3.10,0.56,2.27,0.08,0.13,-0.03,
12:38:38:569,2.34,-0.39,2.17,0.08,0.13,-0.03,
12:38:38:570,2.34,-0.39,2.17,0.08,0.13,-0.06,
12:38:38:571,2.34,-0.39,2.17,0.08,0.13,-0.06,
12:38:38:572,2.34,-0.39,2.17,0.07,0.11,-0.07,
12:38:38:573,2.78,1.49,4.17,0.07,0.11,-0.07,
12:38:38:575,2.78,1.49,4.17,0.06,0.05,-0.07,
12:38:38:576,2.78,1.49,4.17,0.06,0.05,-0.07,
12:38:38:578,2.78,1.49,4.17,0.05,-0.10,-0.05,
12:38:38:579,2.48,-0.16,2.73,0.05,-0.10,-0.05,
12:38:38:580,2.48,-0.16,2.73,0.06,-0.22,-0.03,
12:38:38:581,2.48,-0.16,2.73,0.06,-0.22,-0.03,
12:38:38:583,2.48,-0.16,2.73,0.07,-0.30,-0.01,
12:38:38:584,2.85,-1.10,1.33,0.07,-0.30,-0.01,
12:38:38:585,2.85,-1.10,1.33,0.07,-0.28,0.01,
12:38:38:586,2.85,-1.10,1.33,0.07,-0.28,0.01,
12:38:38:587,2.85,-1.10,1.33,0.05,-0.14,0.00,
12:38:38:588,3.13,0.15,1.56,0.05,-0.14,0.00,
12:38:38:591,3.13,0.15,1.56,0.04,0.10,-0.01,
12:38:38:592,3.13,0.15,1.56,0.04,0.10,-0.01,
12:38:38:593,3.13,0.15,1.56,0.03,0.26,-0.03,
12:38:38:595,2.30,-0.41,1.96,0.03,0.26,-0.03,
12:38:38:596,2.30,-0.41,1.96,0.02,0.23,-0.05,
12:38:38:598,2.31,-0.41,1.96,0.02,0.23,-0.05,
12:38:38:600,2.31,-0.41,1.96,0.03,0.06,-0.05,
12:38:38:601,3.34,-0.65,2.90,0.03,0.06,-0.05,
12:38:38:601,3.34,-0.65,2.90,0.03,-0.15,-0.04,
12:38:38:602,3.34,-0.65,2.90,0.03,-0.15,-0.04,
12:38:38:603,3.34,-0.65,2.90,0.03,-0.28,-0.03,
12:38:38:604,3.22,-0.80,1.99,0.03,-0.28,-0.03,
12:38:38:605,3.22,-0.80,1.99,0.04,-0.26,-0.01,
12:38:38:605,3.22,-0.80,1.99,0.04,-0.26,-0.01,
12:38:38:608,3.22,-0.80,1.99,0.04,-0.13,-0.01,
12:38:38:608,2.03,-0.84,0.83,0.04,-0.13,-0.01,
12:38:38:610,2.03,-0.84,0.83,0.05,-0.02,-0.01,
12:38:38:611,2.03,-0.84,0.83,0.05,-0.02,-0.01,
12:38:38:613,2.03,-0.84,0.83,0.05,0.03,-0.01,
12:38:38:614,2.82,-1.32,1.38,0.05,0.03,-0.01,
12:38:38:615,2.82,-1.32,1.38,0.04,0.07,-0.02,
12:38:38:616,2.83,-1.32,1.38,0.04,0.07,-0.02,
12:38:38:617,2.83,-1.32,1.38,0.02,0.13,-0.03,
12:38:38:618,2.92,0.34,3.14,0.02,0.13,-0.03,
12:38:38:620,2.92,0.34,3.14,0.00,0.16,-0.05,
12:38:38:621,2.92,0.34,3.14,0.00,0.16,-0.05,
12:38:38:623,2.92,0.34,3.14,-0.01,0.08,-0.06,
12:38:38:625,2.48,-0.82,3.14,-0.01,0.08,-0.06,
12:38:38:626,2.48,-0.82,3.14,0.00,-0.09,-0.04,
12:38:38:627,2.48,-0.82,3.14,0.00,-0.09,-0.04,
12:38:38:628,2.48,-0.82,3.14,0.02,-0.27,-0.02,
12:38:38:629,2.93,-1.14,1.49,0.02,-0.27,-0.02,
12:38:38:630,2.93,-1.14,1.49,0.04,-0.34,-0.00,
12:38:38:632,2.92,-1.14,1.49,0.04,-0.34,-0.00,
12:38:38:634,2.92,-1.14,1.49,0.03,-0.23,0.00,
12:38:38:635,3.41,0.44,2.54,0.03,-0.23,0.00,
12:38:38:635,3.41,0.44,2.54,0.02,0.05,-0.01,
12:38:38:636,3.41,0.44,2.54,0.02,0.05,-0.01,
12:38:38:637,3.41,0.44,2.54,0.02,0.23,-0.02,
12:38:38:638,1.92,-0.71,1.57,0.02,0.23,-0.02,
12:38:38:640,1.92,-0.71,1.57,0.03,0.24,-0.03,
12:38:38:640,1.92,-0.71,1.58,0.03,0.24,-0.03,
12:38:38:642,1.92,-0.71,1.58,0.03,0.14,-0.04,
12:38:38:643,2.67,-0.75,3.76,0.03,0.14,-0.04,
12:38:38:650,2.67,-0.75,3.76,0.04,-0.03,-0.04,
12:38:38:651,2.67,-0.75,3.76,0.04,-0.03,-0.04,
12:38:38:651,2.67,-0.75,3.76,0.05,-0.17,-0.03,
12:38:38:651,2.92,0.88,2.86,0.05,-0.17,-0.03,
12:38:38:652,2.92,0.88,2.86,0.07,-0.23,-0.02,
12:38:38:652,2.92,0.88,2.86,0.07,-0.23,-0.02,
12:38:38:652,2.92,0.88,2.86,0.08,-0.22,-0.01,
12:38:38:653,2.51,-0.19,1.43,0.08,-0.22,-0.01,
12:38:38:655,2.51,-0.19,1.43,0.08,-0.17,0.00,
12:38:38:655,2.51,-0.19,1.43,0.08,-0.17,0.00,
12:38:38:657,2.51,-0.19,1.43,0.08,-0.11,-0.00,
12:38:38:658,2.41,-1.98,0.17,0.08,-0.11,-0.00,
12:38:38:660,2.41,-1.98,0.17,0.08,-0.02,-0.01,
12:38:38:660,2.41,-1.98,0.17,0.08,-0.02,-0.01,
12:38:38:662,2.41,-1.98,0.17,0.06,0.11,-0.03,
12:38:38:663,2.77,0.50,1.86,0.06,0.11,-0.03,
12:38:38:665,2.77,0.50,1.86,0.04,0.21,-0.05,
12:38:38:666,2.77,0.50,1.86,0.04,0.21,-0.05,
12:38:38:667,2.77,0.50,1.86,0.03,0.18,-0.06,
12:38:38:668,2.31,-0.72,1.90,0.03,0.18,-0.06,
12:38:38:670,2.31,-0.72,1.90,0.02,0.01,-0.06,
12:38:38:670,2.31,-0.72,1.90,0.02,0.01,-0.06,
12:38:38:672,2.31,-0.72,1.90,0.03,-0.19,-0.05,
12:38:38:677,2.80,-2.88,0.66,0.03,-0.19,-0.05,
12:38:38:678,2.80,-2.88,0.66,0.03,-0.35,-0.04,
12:38:38:678,2.80,-2.88,0.66,0.03,-0.35,-0.04,
12:38:38:678,2.80,-2.88,0.66,0.01,-0.35,-0.03,
12:38:38:679,3.93,-0.18,1.18,0.01,-0.35,-0.03,
12:38:38:680,3.93,-0.18,1.18,-0.00,-0.16,-0.03,
12:38:38:680,3.93,-0.18,1.18,-0.00,-0.16,-0.03,
12:38:38:682,3.93,-0.18,1.18,-0.02,0.11,-0.03,
12:38:38:683,1.79,0.24,0.59,-0.02,0.11,-0.03,
12:38:38:685,1.79,0.24,0.59,-0.02,0.24,-0.02,
12:38:38:686,1.79,0.24,0.59,-0.02,0.24,-0.02,
12:38:38:687,1.79,0.24,0.59,-0.02,0.23,-0.01,
12:38:38:688,1.63,-2.34,1.62,-0.02,0.23,-0.01,
12:38:38:690,1.63,-2.34,1.62,-0.05,0.11,-0.00,
12:38:38:691,1.63,-2.34,1.62,-0.05,0.11,-0.00,
12:38:38:692,1.63,-2.34,1.62,-0.07,-0.04,0.00,
12:38:38:693,3.77,-0.64,3.57,-0.07,-0.04,0.00,
12:38:38:695,3.77,-0.64,3.57,-0.07,-0.19,-0.00,
12:38:38:696,3.77,-0.64,3.57,-0.07,-0.19,-0.00,
12:38:38:698,3.77,-0.64,3.57,-0.05,-0.29,-0.01,
12:38:38:699,3.26,-1.20,1.43,-0.05,-0.29,-0.01,
12:38:38:700,3.26,-1.20,1.43,-0.03,-0.31,-0.00,
12:38:38:702,3.26,-1.20,1.43,-0.03,-0.31,-0.00,
12:38:38:703,3.26,-1.20,1.43,-0.02,-0.22,-0.01,
12:38:38:704,3.18,-1.08,0.83,-0.02,-0.22,-0.01,
12:38:38:705,3.18,-1.08,0.83,-0.01,-0.03,-0.02,
12:38:38:706,3.18,-1.08,0.83,-0.01,-0.03,-0.02,
12:38:38:707,3.18,-1.08,0.83,-0.01,0.19,-0.04,
12:38:38:708,2.75,-0.07,1.91,-0.01,0.19,-0.04,
12:38:38:710,2.75,-0.07,1.91,-0.02,0.33,-0.06,
12:38:38:711,2.75,-0.07,1.91,-0.02,0.33,-0.06,
12:38:38:713,2.75,-0.07,1.91,-0.02,0.30,-0.08,
12:38:38:714,2.66,-1.06,3.49,-0.02,0.30,-0.08,
12:38:38:716,2.66,-1.06,3.49,-0.03,0.11,-0.08,
12:38:38:717,2.66,-1.06,3.49,-0.03,0.11,-0.08,
12:38:38:717,2.66,-1.06,3.49,-0.02,-0.14,-0.07,
12:38:38:718,3.16,-1.27,2.50,-0.02,-0.14,-0.07,
12:38:38:720,3.16,-1.27,2.50,0.01,-0.33,-0.05,
12:38:38:721,3.16,-1.26,2.50,0.01,-0.33,-0.05,
12:38:38:723,3.16,-1.26,2.50,0.03,-0.38,-0.03,
12:38:38:725,3.50,0.17,1.52,0.03,-0.38,-0.03,
12:38:38:726,3.50,0.17,1.52,0.04,-0.26,-0.02,
12:38:38:726,3.50,0.17,1.52,0.04,-0.26,-0.02,
12:38:38:728,3.50,0.17,1.52,0.03,-0.03,-0.02,
12:38:38:729,2.60,-1.21,0.71,0.03,-0.03,-0.02,
12:38:38:730,2.60,-1.21,0.71,0.02,0.12,-0.03,
12:38:38:731,2.61,-1.21,0.71,0.02,0.12,-0.03,
12:38:38:733,2.61,-1.21,0.71,0.01,0.18,-0.04,
12:38:38:734,2.29,-2.12,1.16,0.01,0.18,-0.04,
12:38:38:736,2.29,-2.12,1.16,-0.00,0.17,-0.06,
12:38:38:737,2.30,-2.12,1.16,-0.00,0.17,-0.06,
12:38:38:737,2.30,-2.12,1.16,-0.00,0.12,-0.06,
12:38:38:738,3.20,1.24,3.01,-0.00,0.12,-0.06,
12:38:38:740,3.20,1.24,3.01,-0.00,0.03,-0.06,
12:38:38:741,3.20,1.24,3.01,-0.00,0.03,-0.06,
12:38:38:743,3.20,1.24,3.01,0.01,-0.09,-0.05,
12:38:38:743,2.53,-0.39,1.61,0.01,-0.09,-0.05,
12:38:38:750,2.53,-0.39,1.61,0.02,-0.19,-0.04,
12:38:38:751,2.53,-0.39,1.61,0.02,-0.19,-0.04,
12:38:38:751,2.53,-0.39,1.61,0.02,-0.24,-0.03,
12:38:38:752,2.25,-2.82,0.22,0.02,-0.24,-0.03,
12:38:38:752,2.25,-2.82,0.22,0.00,-0.22,-0.01,
12:38:38:752,2.25,-2.82,0.22,0.00,-0.22,-0.01,
12:38:38:753,2.25,-2.82,0.22,-0.03,-0.06,-0.01,
12:38:38:753,2.84,0.04,1.90,-0.03,-0.06,-0.01,
12:38:38:755,2.84,0.04,1.90,-0.05,0.15,-0.02,
12:38:38:756,2.85,0.04,1.90,-0.05,0.15,-0.02,
12:38:38:758,2.85,0.04,1.90,-0.06,0.26,-0.02,
12:38:38:758,1.43,-0.36,1.39,-0.06,0.26,-0.02,
12:38:38:760,1.43,-0.36,1.39,-0.07,0.23,-0.03,
12:38:38:761,1.43,-0.36,1.39,-0.07,0.23,-0.03,
12:38:38:763,1.43,-0.36,1.39,-0.09,0.06,-0.03,
12:38:38:763,3.31,-1.92,3.56,-0.09,0.06,-0.03,
12:38:38:766,3.31,-1.92,3.56,-0.09,-0.19,-0.03,
12:38:38:766,3.31,-1.92,3.56,-0.09,-0.19,-0.03,
12:38:38:767,3.31,-1.92,3.56,-0.08,-0.36,-0.03,
12:38:38:768,3.78,-1.37,1.85,-0.08,-0.36,-0.03,
12:38:38:770,3.78,-1.37,1.85,-0.06,-0.38,-0.03,
12:38:38:771,3.77,-1.37,1.85,-0.06,-0.38,-0.03,
12:38:38:772,3.77,-1.37,1.85,-0.05,-0.23,-0.03,
12:38:38:773,2.55,-1.03,1.17,-0.05,-0.23,-0.03,
12:38:38:775,2.55,-1.03,1.17,-0.05,0.04,-0.04,
12:38:38:775,2.55,-1.03,1.17,-0.05,0.04,-0.04,
12:38:38:778,2.55,-1.03,1.17,-0.04,0.22,-0.05,
12:38:38:779,2.62,-0.52,2.01,-0.04,0.22,-0.05,
12:38:38:780,2.62,-0.52,2.01,-0.03,0.27,-0.06,
12:38:38:781,2.62,-0.52,2.01,-0.03,0.27,-0.06,
12:38:38:783,2.62,-0.52,2.01,-0.02,0.23,-0.06,
12:38:38:783,3.21,1.17,4.12,-0.02,0.23,-0.06,
12:38:38:785,3.21,1.17,4.12,-0.01,0.08,-0.06,
12:38:38:785,3.21,1.17,4.12,-0.01,0.08,-0.06,
12:38:38:788,3.21,1.17,4.12,-0.01,-0.13,-0.05,
12:38:38:788,3.42,-1.31,3.18,-0.01,-0.13,-0.05,
12:38:38:790,3.42,-1.31,3.18,0.00,-0.30,-0.04,
12:38:38:791,3.42,-1.31,3.18,0.00,-0.30,-0.04,
12:38:38:793,3.42,-1.31,3.18,0.03,-0.35,-0.02,
12:38:38:793,2.45,-1.46,0.61,0.03,-0.35,-0.02,
12:38:38:795,2.45,-1.46,0.61,0.04,-0.25,-0.01,
12:38:38:796,2.45,-1.46,0.61,0.04,-0.25,-0.01,
12:38:38:798,2.45,-1.46,0.61,0.03,0.01,-0.01,
12:38:38:806,2.90,1.29,2.13,0.03,0.01,-0.01,
12:38:38:807,2.90,1.29,2.13,0.02,0.22,-0.02,
12:38:38:808,2.90,1.29,2.13,0.02,0.22,-0.02,
12:38:38:809,2.90,1.29,2.13,0.02,0.23,-0.04,
12:38:38:810,2.56,-1.72,1.55,0.02,0.23,-0.04,
12:38:38:811,2.56,-1.72,1.55,0.01,0.13,-0.05,
12:38:38:812,2.56,-1.72,1.55,0.01,0.13,-0.05,
12:38:38:813,2.56,-1.72,1.55,-0.01,-0.02,-0.05,
12:38:38:814,2.84,-1.80,2.44,-0.01,-0.02,-0.05,
12:38:38:816,2.84,-1.80,2.44,-0.01,-0.15,-0.05,
12:38:38:817,2.84,-1.80,2.43,-0.01,-0.15,-0.05,
12:38:38:818,2.84,-1.80,2.43,-0.01,-0.21,-0.04,
12:38:38:819,3.29,1.25,2.30,-0.01,-0.21,-0.04,
12:38:38:819,3.29,1.25,2.30,-0.00,-0.17,-0.03,
12:38:38:819,3.29,1.25,2.30,-0.00,-0.17,-0.03,
12:38:38:820,3.29,1.25,2.30,0.00,-0.10,-0.02,
12:38:38:820,2.29,-1.15,0.62,0.00,-0.10,-0.02,
12:38:38:820,2.29,-1.15,0.62,-0.00,-0.06,-0.02,
12:38:38:821,2.29,-1.15,0.62,-0.00,-0.06,-0.02,
12:38:38:823,2.29,-1.15,0.62,-0.02,-0.05,-0.01,
12:38:38:824,3.50,-2.31,1.72,-0.02,-0.05,-0.01,
12:38:38:825,3.50,-2.31,1.72,-0.05,-0.00,-0.03,
12:38:38:826,3.50,-2.31,1.72,-0.05,-0.00,-0.03,
12:38:38:834,3.50,-2.31,1.72,-0.06,0.10,-0.04,
12:38:38:834,2.43,-0.62,2.25,-0.06,0.10,-0.04,
12:38:38:835,2.43,-0.62,2.25,-0.07,0.17,-0.05,
12:38:38:835,2.43,-0.62,2.25,-0.07,0.17,-0.05,
12:38:38:835,2.43,-0.62,2.25,-0.07,0.09,-0.06,
12:38:38:835,2.90,-1.26,3.00,-0.07,0.09,-0.06,
12:38:38:836,2.90,-1.26,3.00,-0.06,-0.09,-0.05,
12:38:38:836,2.90,-1.26,3.00,-0.06,-0.09,-0.05,
12:38:38:838,2.90,-1.26,3.00,-0.04,-0.26,-0.04,
12:38:38:839,3.60,-1.75,1.70,-0.04,-0.26,-0.04,
12:38:38:840,3.60,-1.75,1.70,-0.02,-0.33,-0.03,
12:38:38:840,3.60,-1.74,1.70,-0.02,-0.33,-0.03,
12:38:38:842,3.60,-1.74,1.70,-0.01,-0.22,-0.03,
12:38:38:843,3.69,0.68,2.01,-0.01,-0.22,-0.03,
12:38:38:845,3.69,0.68,2.01,-0.00,0.01,-0.04,
12:38:38:846,3.69,0.68,2.01,-0.00,0.01,-0.04,
12:38:38:847,3.69,0.68,2.01,-0.00,0.20,-0.05,
12:38:38:848,2.53,-0.60,1.66,-0.00,0.20,-0.05,
12:38:38:850,2.53,-0.60,1.66,-0.00,0.26,-0.06,
12:38:38:851,2.53,-0.60,1.66,-0.00,0.26,-0.06,
12:38:38:852,2.53,-0.60,1.66,-0.01,0.19,-0.07,
12:38:38:853,2.63,-0.61,3.16,-0.01,0.19,-0.07,
12:38:38:855,2.63,-0.61,3.16,-0.01,0.05,-0.07,
12:38:38:856,2.63,-0.61,3.16,-0.01,0.05,-0.07,
12:38:38:858,2.63,-0.61,3.16,-0.00,-0.13,-0.06,
12:38:38:858,3.44,0.10,3.24,-0.00,-0.13,-0.06,
12:38:38:860,3.44,0.10,3.24,0.00,-0.24,-0.04,
12:38:38:861,3.44,0.10,3.24,0.00,-0.24,-0.04,
12:38:38:866,3.44,0.10,3.24,0.01,-0.26,-0.03,
12:38:38:867,2.31,-1.77,0.87,0.01,-0.26,-0.03,
12:38:38:868,2.31,-1.77,0.87,0.01,-0.19,-0.01,
12:38:38:869,2.31,-1.77,0.87,0.01,-0.19,-0.01,
12:38:38:869,2.31,-1.77,0.87,0.01,-0.08,-0.01,
12:38:38:870,3.41,-0.26,1.47,0.01,-0.08,-0.01,
12:38:38:870,3.41,-0.26,1.47,0.01,0.05,-0.03,
12:38:38:871,3.41,-0.26,1.47,0.01,0.05,-0.03,
12:38:38:873,3.41,-0.26,1.47,0.01,0.13,-0.05,
12:38:38:873,3.37,-0.18,1.90,0.01,0.13,-0.05,
12:38:38:875,3.37,-0.18,1.90,0.00,0.14,-0.07,
12:38:38:876,3.37,-0.18,1.90,0.00,0.14,-0.07,
12:38:38:878,3.37,-0.18,1.90,-0.00,0.06,-0.09,
12:38:38:879,3.21,-1.21,2.08,-0.00,0.06,-0.09,
12:38:38:880,3.21,-1.21,2.08,-0.01,-0.07,-0.08,
12:38:38:882,3.21,-1.21,2.08,-0.01,-0.07,-0.08,
12:38:38:883,3.21,-1.21,2.08,-0.01,-0.17,-0.06,
12:38:38:884,3.60,-0.73,1.82,-0.01,-0.17,-0.06,
12:38:38:885,3.60,-0.73,1.82,-0.01,-0.19,-0.05,
12:38:38:886,3.60,-0.73,1.82,-0.01,-0.19,-0.05,
12:38:38:888,3.60,-0.73,1.82,-0.01,-0.11,-0.04,
12:38:38:888,2.64,-0.35,0.87,-0.01,-0.11,-0.04,
12:38:38:890,2.64,-0.35,0.87,-0.00,-0.03,-0.04,
12:38:38:891,2.64,-0.35,0.87,-0.00,-0.03,-0.04,
12:38:38:893,2.64,-0.35,0.87,-0.01,0.03,-0.04,
12:38:38:894,2.55,-2.29,0.98,-0.01,0.03,-0.04,
12:38:38:896,2.55,-2.29,0.98,-0.03,0.09,-0.05,
12:38:38:897,2.55,-2.29,0.98,-0.03,0.09,-0.05,
12:38:38:899,2.55,-2.29,0.98,-0.05,0.13,-0.06,
12:38:38:900,2.46,-1.39,2.19,-0.05,0.13,-0.06,
12:38:38:901,2.46,-1.39,2.19,-0.07,0.11,-0.06,
12:38:38:902,2.46,-1.39,2.19,-0.07,0.11,-0.06,
12:38:38:903,2.46,-1.39,2.19,-0.07,0.01,-0.06,
12:38:38:904,3.58,-0.16,3.31,-0.07,0.01,-0.06,
12:38:38:905,3.58,-0.16,3.31,-0.06,-0.15,-0.04,
12:38:38:906,3.58,-0.16,3.31,-0.06,-0.15,-0.04,
12:38:38:908,3.58,-0.16,3.31,-0.04,-0.28,-0.04,
12:38:38:909,3.17,-2.62,0.90,-0.04,-0.28,-0.04,
12:38:38:910,3.17,-2.62,0.90,-0.03,-0.30,-0.04,
12:38:38:912,3.17,-2.62,0.90,-0.03,-0.30,-0.04,
12:38:38:915,3.17,-2.62,0.90,-0.04,-0.19,-0.03,
12:38:38:915,3.29,-1.26,1.50,-0.04,-0.19,-0.03,
12:38:38:916,3.29,-1.26,1.50,-0.04,0.06,-0.04,
12:38:38:916,3.29,-1.26,1.49,-0.04,0.06,-0.04,
12:38:38:917,3.29,-1.26,1.49,-0.03,0.27,-0.06,
12:38:38:918,2.83,1.30,2.11,-0.03,0.27,-0.06,
12:38:38:920,2.83,1.30,2.11,-0.01,0.31,-0.07,
12:38:38:921,2.84,1.30,2.11,-0.01,0.31,-0.07,
12:38:38:923,2.84,1.30,2.11,-0.01,0.21,-0.08,
12:38:38:930,2.87,-1.14,3.47,-0.01,0.21,-0.08,
12:38:38:931,2.87,-1.14,3.47,-0.01,0.01,-0.08,
12:38:38:932,2.87,-1.14,3.47,-0.01,0.01,-0.08,
12:38:38:933,2.87,-1.14,3.47,-0.01,-0.22,-0.07,
12:38:38:933,3.81,-1.29,2.35,-0.01,-0.22,-0.07,
12:38:38:934,3.81,-1.29,2.35,-0.00,-0.35,-0.06,
12:38:38:935,3.81,-1.29,2.35,-0.00,-0.35,-0.06,
12:38:38:935,3.81,-1.29,2.35,0.00,-0.33,-0.05,
12:38:38:935,3.67,-0.80,1.55,0.00,-0.33,-0.05,
12:38:38:936,3.67,-0.80,1.55,0.01,-0.17,-0.05,
12:38:38:936,3.67,-0.80,1.55,0.01,-0.17,-0.05,
12:38:38:937,3.67,-0.80,1.55,0.01,-0.01,-0.05,
12:38:38:938,2.50,-2.29,-0.07,0.01,-0.01,-0.05,
12:38:38:940,2.50,-2.29,-0.07,0.01,0.11,-0.06,
12:38:38:940,2.50,-2.29,-0.07,0.01,0.11,-0.06,
12:38:38:942,2.50,-2.29,-0.07,0.01,0.15,-0.07,
12:38:38:943,3.65,-0.70,1.79,0.01,0.15,-0.07,
12:38:38:951,3.65,-0.70,1.79,-0.01,0.17,-0.08,
12:38:38:951,3.65,-0.70,1.79,-0.01,0.17,-0.08,
12:38:38:952,3.65,-0.70,1.79,-0.02,0.15,-0.09,
12:38:38:952,3.81,0.51,2.97,-0.02,0.15,-0.09,
12:38:38:953,3.81,0.51,2.97,-0.03,0.04,-0.10,
12:38:38:954,3.81,0.51,2.96,-0.03,0.04,-0.10,
12:38:38:954,3.81,0.51,2.96,-0.02,-0.11,-0.09,
12:38:38:955,3.43,-1.26,1.60,-0.02,-0.11,-0.09,
12:38:38:955,3.43,-1.26,1.60,-0.01,-0.24,-0.07,
12:38:38:956,3.43,-1.26,1.60,-0.01,-0.24,-0.07,
12:38:38:958,3.43,-1.26,1.60,0.00,-0.28,-0.06,
12:38:38:958,3.55,-0.97,0.63,0.00,-0.28,-0.06,
12:38:38:960,3.55,-0.97,0.63,-0.01,-0.14,-0.06,
12:38:38:962,3.55,-0.97,0.63,-0.01,-0.14,-0.06,
12:38:38:964,3.55,-0.97,0.63,-0.03,0.11,-0.07,
12:38:38:965,2.68,-0.48,1.39,-0.03,0.11,-0.07,
12:38:38:966,2.68,-0.48,1.39,-0.05,0.25,-0.08,
12:38:38:968,2.69,-0.48,1.39,-0.05,0.25,-0.08,
12:38:38:968,2.69,-0.48,1.39,-0.06,0.25,-0.09,
12:38:38:969,2.70,-1.91,2.46,-0.06,0.25,-0.09,
12:38:38:970,2.70,-1.91,2.46,-0.08,0.15,-0.09,
12:38:38:971,2.71,-1.91,2.45,-0.08,0.15,-0.09,
12:38:38:973,2.71,-1.91,2.45,-0.10,-0.02,-0.09,
12:38:38:973,3.62,-1.25,3.41,-0.10,-0.02,-0.09,
12:38:38:975,3.62,-1.25,3.41,-0.09,-0.19,-0.07,
12:38:38:976,3.62,-1.25,3.40,-0.09,-0.19,-0.07,
12:38:38:978,3.62,-1.25,3.40,-0.07,-0.26,-0.06,
12:38:38:979,3.42,-0.35,2.11,-0.07,-0.26,-0.06,
12:38:38:980,3.42,-0.35,2.11,-0.05,-0.23,-0.04,
12:38:38:981,3.42,-0.35,2.10,-0.05,-0.23,-0.04,
12:38:38:983,3.42,-0.35,2.10,-0.04,-0.10,-0.04,
12:38:38:983,2.79,-1.67,1.52,-0.04,-0.10,-0.04,
12:38:38:985,2.79,-1.67,1.52,-0.04,0.07,-0.05,
12:38:38:986,2.79,-1.67,1.52,-0.04,0.07,-0.05,
12:38:38:987,2.79,-1.67,1.52,-0.04,0.18,-0.07,
12:38:38:988,2.92,-1.30,2.51,-0.04,0.18,-0.07,
12:38:38:990,2.92,-1.30,2.51,-0.04,0.24,-0.09,
12:38:38:991,2.92,-1.30,2.51,-0.04,0.24,-0.09,
12:38:38:993,2.92,-1.30,2.51,-0.04,0.21,-0.11,
12:38:38:993,2.88,-0.66,3.93,-0.04,0.21,-0.11,
12:38:38:995,2.88,-0.66,3.93,-0.04,0.07,-0.11,
12:38:38:996,2.89,-0.66,3.93,-0.04,0.07,-0.11,
12:38:38:998,2.89,-0.66,3.93,-0.03,-0.13,-0.09,
12:38:39:000,3.04,-1.18,3.15,-0.03,-0.13,-0.09,
12:38:39:001,3.04,-1.18,3.15,0.00,-0.27,-0.06,
12:38:39:001,3.04,-1.18,3.15,0.00,-0.27,-0.06,
12:38:39:004,3.04,-1.18,3.15,0.03,-0.33,-0.04,
12:38:39:004,3.17,-1.23,1.19,0.03,-0.33,-0.04,
12:38:39:005,3.17,-1.23,1.19,0.03,-0.25,-0.03,
12:38:39:006,3.17,-1.23,1.19,0.03,-0.25,-0.03,
12:38:39:007,3.17,-1.23,1.19,0.03,-0.05,-0.03,
12:38:39:008,3.71,-0.05,1.47,0.03,-0.05,-0.03,
12:38:39:010,3.71,-0.05,1.47,0.02,0.15,-0.06,
12:38:39:011,3.71,-0.05,1.47,0.02,0.15,-0.06,
12:38:39:013,3.71,-0.05,1.47,0.01,0.26,-0.08,
12:38:39:014,2.92,-0.96,2.01,0.01,0.26,-0.08,
12:38:39:015,2.92,-0.96,2.01,-0.00,0.26,-0.11,
12:38:39:016,2.92,-0.96,2.01,-0.00,0.26,-0.11,
12:38:39:017,2.92,-0.96,2.01,-0.01,0.16,-0.12,
12:38:39:018,2.96,-0.24,3.10,-0.01,0.16,-0.12,
12:38:39:020,2.96,-0.24,3.10,-0.02,0.01,-0.12,
12:38:39:021,2.96,-0.24,3.10,-0.02,0.01,-0.12,
12:38:39:023,2.96,-0.24,3.10,-0.03,-0.13,-0.10,
12:38:39:024,2.81,-0.45,2.82,-0.03,-0.13,-0.10,
12:38:39:026,2.81,-0.45,2.82,-0.03,-0.21,-0.06,
12:38:39:027,2.81,-0.45,2.82,-0.03,-0.21,-0.06,
12:38:39:028,2.81,-0.45,2.82,-0.03,-0.20,-0.03,
12:38:39:028,2.51,-0.77,1.69,-0.03,-0.20,-0.03,
12:38:39:040,2.51,-0.77,1.69,-0.04,-0.12,-0.02,
12:38:39:041,2.51,-0.77,1.69,-0.04,-0.12,-0.02,
12:38:39:042,2.51,-0.77,1.69,-0.05,-0.01,-0.02,
12:38:39:043,3.31,-0.79,2.27,-0.05,-0.01,-0.02,
12:38:39:043,3.31,-0.79,2.27,-0.06,0.09,-0.04,
12:38:39:044,3.32,-0.79,2.27,-0.06,0.09,-0.04,
12:38:39:045,3.32,-0.79,2.27,-0.07,0.14,-0.07,
12:38:39:046,3.25,-1.15,3.18,-0.07,0.14,-0.07,
12:38:39:046,3.25,-1.15,3.18,-0.08,0.12,-0.09,
12:38:39:047,3.25,-1.15,3.18,-0.08,0.12,-0.09,
12:38:39:048,3.25,-1.15,3.18,-0.10,0.03,-0.10,
12:38:39:048,3.41,-1.59,4.24,-0.10,0.03,-0.10,
12:38:39:048,3.41,-1.59,4.24,-0.08,-0.11,-0.09,
12:38:39:049,3.41,-1.59,4.24,-0.08,-0.11,-0.09,
12:38:39:049,3.41,-1.59,4.24,-0.04,-0.23,-0.07,
12:38:39:052,3.37,-0.29,2.78,-0.04,-0.23,-0.07,
12:38:39:052,3.37,-0.29,2.78,-0.01,-0.22,-0.05,
12:38:39:052,3.37,-0.29,2.78,-0.01,-0.22,-0.05,
12:38:39:053,3.37,-0.29,2.78,0.02,-0.07,-0.04,
12:38:39:053,3.15,0.68,2.87,0.02,-0.07,-0.04,
12:38:39:055,3.15,0.68,2.87,0.03,0.12,-0.05,
12:38:39:056,3.15,0.68,2.87,0.03,0.12,-0.05,
12:38:39:058,3.15,0.68,2.87,0.05,0.21,-0.06,
12:38:39:059,2.53,0.06,2.92,0.05,0.21,-0.06,
12:38:39:060,2.53,0.06,2.92,0.05,0.19,-0.08,
12:38:39:061,2.53,0.06,2.92,0.05,0.19,-0.08,
12:38:39:063,2.53,0.06,2.92,0.04,0.09,-0.09,
12:38:39:064,3.12,-0.26,4.34,0.04,0.09,-0.09,
12:38:39:065,3.12,-0.26,4.34,0.02,-0.02,-0.09,
12:38:39:067,3.12,-0.26,4.34,0.02,-0.02,-0.09,
12:38:39:068,3.12,-0.26,4.34,0.02,-0.12,-0.08,
12:38:39:069,2.37,-0.54,3.32,0.02,-0.12,-0.08,
12:38:39:070,2.37,-0.54,3.32,0.02,-0.19,-0.06,
12:38:39:071,2.37,-0.54,3.32,0.02,-0.19,-0.06,
12:38:39:073,2.37,-0.54,3.32,0.02,-0.22,-0.03,
12:38:39:073,2.60,-0.47,1.80,0.02,-0.22,-0.03,
12:38:39:075,2.60,-0.47,1.80,0.03,-0.18,-0.01,
12:38:39:076,2.60,-0.47,1.80,0.03,-0.18,-0.01,
12:38:39:078,2.60,-0.47,1.80,0.01,-0.04,-0.00,
12:38:39:079,2.89,-0.99,2.13,0.01,-0.04,-0.00,
12:38:39:080,2.89,-0.99,2.13,-0.01,0.12,-0.02,
12:38:39:082,2.89,-0.99,2.13,-0.01,0.12,-0.02,
12:38:39:083,2.89,-0.99,2.13,-0.01,0.17,-0.05,
12:38:39:083,2.69,-0.87,2.66,-0.01,0.17,-0.05,
12:38:39:085,2.69,-0.87,2.66,-0.01,0.14,-0.07,
12:38:39:086,2.69,-0.87,2.66,-0.01,0.14,-0.07,
12:38:39:088,2.69,-0.87,2.66,-0.02,0.07,-0.08,
12:38:39:088,2.46,-0.51,3.85,-0.02,0.07,-0.08,
12:38:39:090,2.46,-0.51,3.85,-0.01,-0.04,-0.08,
12:38:39:091,2.46,-0.51,3.85,-0.01,-0.04,-0.08,
12:38:39:093,2.46,-0.51,3.85,-0.00,-0.15,-0.06,
12:38:39:094,2.57,0.09,3.17,-0.00,-0.15,-0.06,
12:38:39:096,2.57,0.09,3.17,0.01,-0.21,-0.03,
12:38:39:098,2.57,0.09,3.17,0.01,-0.21,-0.03,
12:38:39:100,2.57,0.09,3.17,0.02,-0.19,-0.00,
12:38:39:101,3.01,-0.46,2.69,0.02,-0.19,-0.00,
12:38:39:101,3.01,-0.46,2.69,0.01,-0.10,0.01,
12:38:39:102,3.01,-0.46,2.69,0.01,-0.10,0.01,
12:38:39:103,3.01,-0.46,2.69,0.01,-0.01,0.00,
12:38:39:103,2.87,-1.03,1.93,0.01,-0.01,0.00,
12:38:39:105,2.87,-1.03,1.93,0.01,0.04,-0.02,
12:38:39:106,2.87,-1.03,1.93,0.01,0.04,-0.02,
12:38:39:108,2.87,-1.03,1.93,-0.00,0.05,-0.05,
12:38:39:108,3.40,-1.48,3.15,-0.00,0.05,-0.05,
12:38:39:110,3.40,-1.48,3.15,-0.02,0.04,-0.07,
12:38:39:111,3.41,-1.48,3.15,-0.02,0.04,-0.07,
12:38:39:113,3.41,-1.48,3.15,-0.03,-0.01,-0.07,
12:38:39:114,3.53,-1.41,3.41,-0.03,-0.01,-0.07,
12:38:39:115,3.53,-1.41,3.41,-0.02,-0.10,-0.06,
12:38:39:117,3.53,-1.41,3.41,-0.02,-0.10,-0.06,
12:38:39:118,3.53,-1.41,3.41,-0.00,-0.17,-0.04,
12:38:39:118,3.22,-0.83,2.37,-0.00,-0.17,-0.04,
12:38:39:120,3.22,-0.83,2.37,0.01,-0.17,-0.02,
12:38:39:121,3.22,-0.83,2.37,0.01,-0.17,-0.02,
12:38:39:123,3.22,-0.83,2.37,0.02,-0.08,-0.01,
12:38:39:123,3.67,-0.36,2.81,0.02,-0.08,-0.01,
12:38:39:126,3.67,-0.36,2.81,0.03,0.06,-0.02,
12:38:39:127,3.67,-0.36,2.81,0.03,0.06,-0.02,
12:38:39:129,3.67,-0.36,2.81,0.02,0.14,-0.05,
12:38:39:130,3.29,-0.50,2.95,0.02,0.14,-0.05,
12:38:39:131,3.29,-0.50,2.95,0.02,0.13,-0.07,
12:38:39:132,3.29,-0.50,2.95,0.02,0.13,-0.07,
12:38:39:133,3.29,-0.50,2.95,0.01,0.07,-0.08,
12:38:39:134,3.50,-0.46,4.01,0.01,0.07,-0.08,
12:38:39:136,3.50,-0.46,4.01,-0.01,-0.04,-0.09,
12:38:39:136,3.50,-0.46,4.01,-0.01,-0.04,-0.09,
12:38:39:137,3.50,-0.46,4.01,-0.01,-0.13,-0.08,
12:38:39:138,2.93,-0.31,2.92,-0.01,-0.13,-0.08,
12:38:39:140,2.93,-0.31,2.92,0.01,-0.18,-0.06,
12:38:39:141,2.93,-0.31,2.92,0.01,-0.18,-0.06,
12:38:39:143,2.93,-0.31,2.92,0.01,-0.16,-0.03,
12:38:39:143,3.00,-0.54,2.13,0.01,-0.16,-0.03,
12:38:39:150,3.00,-0.54,2.13,0.01,-0.08,-0.02,
12:38:39:151,3.00,-0.54,2.13,0.01,-0.08,-0.02,
12:38:39:151,3.00,-0.54,2.13,0.01,0.02,-0.02,
12:38:39:151,3.47,-0.92,2.24,0.01,0.02,-0.02,
12:38:39:152,3.47,-0.92,2.24,-0.00,0.05,-0.04,
12:38:39:152,3.48,-0.92,2.24,-0.00,0.05,-0.04,
12:38:39:153,3.48,-0.92,2.24,-0.01,0.05,-0.07,
12:38:39:154,3.45,-1.29,2.67,-0.01,0.05,-0.07,
12:38:39:155,3.45,-1.29,2.67,-0.03,0.05,-0.08,
12:38:39:156,3.45,-1.29,2.67,-0.03,0.05,-0.08,
12:38:39:157,3.45,-1.29,2.67,-0.04,0.03,-0.09,
12:38:39:158,3.29,-0.97,3.33,-0.04,0.03,-0.09,
12:38:39:160,3.29,-0.97,3.33,-0.04,-0.01,-0.10,
12:38:39:160,3.29,-0.97,3.32,-0.04,-0.01,-0.10,
12:38:39:163,3.29,-0.97,3.32,-0.02,-0.07,-0.08,
12:38:39:164,2.46,-0.81,2.17,-0.02,-0.07,-0.08,
12:38:39:166,2.46,-0.81,2.17,-0.01,-0.12,-0.07,
12:38:39:166,2.47,-0.81,2.17,-0.01,-0.12,-0.07,
12:38:39:167,2.47,-0.81,2.17,-0.01,-0.11,-0.04,
12:38:39:168,3.41,-0.89,2.74,-0.01,-0.11,-0.04,
12:38:39:170,3.41,-0.89,2.74,-0.02,-0.04,-0.03,
12:38:39:171,3.41,-0.89,2.74,-0.02,-0.04,-0.03,
12:38:39:172,3.41,-0.89,2.74,-0.02,0.03,-0.04,
12:38:39:180,2.97,-1.79,2.11,-0.02,0.03,-0.04,
12:38:39:181,2.97,-1.79,2.11,-0.03,0.04,-0.05,
12:38:39:183,2.97,-1.79,2.11,-0.03,0.04,-0.05,
12:38:39:184,2.97,-1.79,2.11,-0.03,0.02,-0.07,
12:38:39:184,3.34,-1.85,2.97,-0.03,0.02,-0.07,
12:38:39:184,3.34,-1.85,2.97,-0.04,-0.01,-0.08,
12:38:39:185,3.34,-1.85,2.97,-0.04,-0.01,-0.08,
12:38:39:185,3.34,-1.85,2.97,-0.05,-0.05,-0.08,
12:38:39:186,3.62,-0.55,3.18,-0.05,-0.05,-0.08,
12:38:39:186,3.62,-0.55,3.18,-0.04,-0.08,-0.08,
12:38:39:186,3.62,-0.55,3.18,-0.04,-0.08,-0.08,
12:38:39:188,3.62,-0.55,3.18,-0.02,-0.09,-0.07,
12:38:39:188,3.28,-1.04,2.23,-0.02,-0.09,-0.07,
12:38:39:190,3.28,-1.04,2.23,-0.02,-0.07,-0.06,
12:38:39:191,3.28,-1.04,2.23,-0.02,-0.07,-0.06,
12:38:39:193,3.28,-1.04,2.23,-0.02,0.01,-0.06,
12:38:39:194,3.16,-1.02,2.51,-0.02,0.01,-0.06,
12:38:39:196,3.16,-1.02,2.51,-0.02,0.07,-0.07,
12:38:39:198,3.16,-1.02,2.51,-0.02,0.07,-0.07,
12:38:39:199,3.16,-1.02,2.51,-0.02,0.07,-0.09,
12:38:39:200,3.49,-0.31,3.11,-0.02,0.07,-0.09,
12:38:39:203,3.49,-0.31,3.11,-0.03,0.04,-0.09,
12:38:39:204,3.49,-0.31,3.11,-0.03,0.04,-0.09,
12:38:39:205,3.49,-0.31,3.11,-0.04,-0.00,-0.09,
12:38:39:206,3.54,-1.66,3.44,-0.04,-0.00,-0.09,
12:38:39:206,3.54,-1.66,3.44,-0.05,-0.09,-0.09,
12:38:39:207,3.54,-1.66,3.43,-0.05,-0.09,-0.09,
12:38:39:208,3.54,-1.66,3.43,-0.04,-0.17,-0.08,
12:38:39:209,3.15,-2.35,1.80,-0.04,-0.17,-0.08,
12:38:39:210,3.15,-2.35,1.80,-0.03,-0.19,-0.07,
12:38:39:211,3.15,-2.35,1.80,-0.03,-0.19,-0.07,
12:38:39:213,3.15,-2.35,1.80,-0.03,-0.10,-0.06,
12:38:39:214,3.65,-0.83,2.26,-0.03,-0.10,-0.06,
12:38:39:215,3.65,-0.83,2.26,-0.03,0.06,-0.07,
12:38:39:216,3.65,-0.83,2.26,-0.03,0.06,-0.07,
12:38:39:218,3.65,-0.83,2.26,-0.03,0.17,-0.08,
12:38:39:218,3.23,-1.22,2.35,-0.03,0.17,-0.08,
12:38:39:220,3.23,-1.22,2.35,-0.03,0.17,-0.10,
12:38:39:221,3.24,-1.22,2.35,-0.03,0.17,-0.10,
12:38:39:223,3.24,-1.22,2.35,-0.03,0.09,-0.11,
12:38:39:224,2.97,-1.64,3.25,-0.03,0.09,-0.11,
12:38:39:225,2.97,-1.64,3.25,-0.03,0.01,-0.11,
12:38:39:227,2.97,-1.64,3.25,-0.03,0.01,-0.11,
12:38:39:228,2.97,-1.64,3.25,-0.03,-0.05,-0.10,
12:38:39:230,2.48,-0.73,3.14,-0.03,-0.05,-0.10,
12:38:39:231,2.48,-0.73,3.14,-0.03,-0.08,-0.08,
12:38:39:231,2.48,-0.73,3.14,-0.03,-0.08,-0.08,
12:38:39:233,2.48,-0.73,3.14,-0.02,-0.11,-0.06,
12:38:39:234,2.55,-0.85,2.34,-0.02,-0.11,-0.06,
12:38:39:235,2.55,-0.85,2.34,-0.02,-0.11,-0.04,
12:38:39:235,2.55,-0.85,2.33,-0.02,-0.11,-0.04,
12:38:39:238,2.55,-0.85,2.33,-0.03,-0.07,-0.03,
12:38:39:238,3.04,-1.76,2.40,-0.03,-0.07,-0.03,
12:38:39:240,3.04,-1.76,2.40,-0.05,-0.01,-0.04,
12:38:39:241,3.04,-1.76,2.40,-0.05,-0.01,-0.04,
12:38:39:243,3.04,-1.76,2.40,-0.06,0.01,-0.05,
12:38:39:243,3.17,-2.33,2.06,-0.06,0.01,-0.05,
12:38:39:251,3.17,-2.33,2.06,-0.07,-0.01,-0.07,
12:38:39:251,3.17,-2.33,2.06,-0.07,-0.01,-0.07,
12:38:39:252,3.17,-2.33,2.06,-0.07,-0.02,-0.08,
12:38:39:252,3.64,-1.68,2.97,-0.07,-0.02,-0.08,
12:38:39:253,3.64,-1.68,2.97,-0.08,-0.01,-0.08,
12:38:39:253,3.64,-1.68,2.97,-0.08,-0.01,-0.08,
12:38:39:253,3.64,-1.68,2.97,-0.08,-0.01,-0.08,
12:38:39:254,3.11,-1.88,2.76,-0.08,-0.01,-0.08,
12:38:39:256,3.11,-1.88,2.76,-0.07,-0.02,-0.08,
12:38:39:257,3.11,-1.88,2.76,-0.07,-0.02,-0.08,
12:38:39:258,3.11,-1.88,2.76,-0.05,-0.05,-0.06,
12:38:39:259,2.93,-1.76,2.46,-0.05,-0.05,-0.06,
12:38:39:260,2.93,-1.76,2.46,-0.04,-0.07,-0.05,
12:38:39:261,2.93,-1.76,2.46,-0.04,-0.07,-0.05,
12:38:39:263,2.93,-1.76,2.46,-0.04,-0.05,-0.04,
12:38:39:263,3.53,-1.67,3.04,-0.04,-0.05,-0.04,
12:38:39:266,3.53,-1.67,3.04,-0.04,0.00,-0.05,
12:38:39:267,3.54,-1.67,3.04,-0.04,0.00,-0.05,
12:38:39:268,3.54,-1.67,3.04,-0.04,0.03,-0.06,
12:38:39:269,3.39,-1.39,2.71,-0.04,0.03,-0.06,
12:38:39:270,3.39,-1.39,2.71,-0.04,0.01,-0.07,
12:38:39:271,3.39,-1.39,2.71,-0.04,0.01,-0.07,
12:38:39:273,3.39,-1.39,2.71,-0.04,-0.03,-0.07,
12:38:39:273,3.81,-1.66,3.12,-0.04,-0.03,-0.07,
12:38:39:275,3.81,-1.66,3.12,-0.05,-0.07,-0.07,
12:38:39:276,3.81,-1.66,3.12,-0.05,-0.07,-0.07,
12:38:39:278,3.81,-1.66,3.12,-0.05,-0.09,-0.06,
12:38:39:279,3.20,-2.34,1.94,-0.05,-0.09,-0.06,
12:38:39:280,3.20,-2.34,1.94,-0.04,-0.07,-0.06,
12:38:39:282,3.20,-2.34,1.94,-0.04,-0.07,-0.06,
12:38:39:283,3.20,-2.34,1.94,-0.04,-0.03,-0.06,
12:38:39:283,3.72,-1.03,2.42,-0.04,-0.03,-0.06,
12:38:39:285,3.72,-1.03,2.42,-0.05,0.03,-0.07,
12:38:39:286,3.72,-1.03,2.42,-0.05,0.03,-0.07,
12:38:39:288,3.72,-1.03,2.42,-0.05,0.06,-0.07,
12:38:39:289,3.66,-1.34,2.65,-0.05,0.06,-0.07,
12:38:39:290,3.66,-1.34,2.65,-0.05,0.05,-0.09,
12:38:39:291,3.66,-1.34,2.65,-0.05,0.05,-0.09,
12:38:39:293,3.66,-1.34,2.65,-0.05,-0.00,-0.09,
12:38:39:294,3.32,-1.65,2.41,-0.05,-0.00,-0.09,
12:38:39:296,3.32,-1.65,2.41,-0.05,-0.05,-0.09,
12:38:39:297,3.32,-1.65,2.41,-0.05,-0.05,-0.09,
12:38:39:299,3.32,-1.65,2.41,-0.06,-0.06,-0.08,
12:38:39:309,3.39,-1.64,2.72,-0.06,-0.06,-0.08,
12:38:39:310,3.39,-1.64,2.72,-0.07,-0.04,-0.07,
12:38:39:311,3.40,-1.64,2.72,-0.07,-0.04,-0.07,
12:38:39:311,3.40,-1.64,2.72,-0.07,-0.01,-0.07,
12:38:39:312,3.33,-1.30,2.65,-0.07,-0.01,-0.07,
12:38:39:312,3.33,-1.30,2.65,-0.07,0.01,-0.07,
12:38:39:313,3.33,-1.30,2.65,-0.07,0.01,-0.07,
12:38:39:314,3.33,-1.30,2.65,-0.08,0.01,-0.07,
12:38:39:314,3.44,-1.92,3.02,-0.08,0.01,-0.07,
12:38:39:315,3.44,-1.92,3.02,-0.08,0.01,-0.07,
12:38:39:315,3.44,-1.92,3.01,-0.08,0.01,-0.07,
12:38:39:316,3.44,-1.92,3.01,-0.08,0.01,-0.08,
12:38:39:316,2.93,-1.78,3.04,-0.08,0.01,-0.08,
12:38:39:317,2.93,-1.78,3.04,-0.08,0.01,-0.08,
12:38:39:317,2.93,-1.78,3.04,-0.08,0.01,-0.08,
12:38:39:318,2.93,-1.78,3.04,-0.08,-0.00,-0.08,
12:38:39:318,3.46,-0.97,3.95,-0.08,-0.00,-0.08,
12:38:39:320,3.46,-0.97,3.95,-0.08,-0.02,-0.07,
12:38:39:321,3.46,-0.97,3.95,-0.08,-0.02,-0.07,
12:38:39:323,3.46,-0.97,3.95,-0.07,-0.05,-0.06,
12:38:39:323,3.30,-1.80,3.47,-0.07,-0.05,-0.06,
12:38:39:325,3.30,-1.80,3.47,-0.05,-0.10,-0.06,
12:38:39:326,3.30,-1.79,3.47,-0.05,-0.10,-0.06,
12:38:39:335,3.30,-1.79,3.47,-0.03,-0.11,-0.05,
12:38:39:336,3.22,-1.56,2.78,-0.03,-0.11,-0.05,
12:38:39:337,3.22,-1.56,2.78,-0.03,-0.03,-0.06,
12:38:39:337,3.22,-1.56,2.78,-0.03,-0.03,-0.06,
12:38:39:337,3.22,-1.56,2.78,-0.03,0.09,-0.07,
12:38:39:338,3.12,-0.83,3.68,-0.03,0.09,-0.07,
12:38:39:338,3.12,-0.83,3.68,-0.03,0.14,-0.09,
12:38:39:338,3.12,-0.83,3.68,-0.03,0.14,-0.09,
12:38:39:339,3.12,-0.83,3.68,-0.02,0.09,-0.10,
12:38:39:339,3.08,-1.26,3.91,-0.02,0.09,-0.10,
12:38:39:340,3.08,-1.26,3.91,-0.02,-0.04,-0.08,
12:38:39:340,3.08,-1.26,3.91,-0.02,-0.04,-0.08,
12:38:39:343,3.08,-1.26,3.91,-0.02,-0.16,-0.07,
12:38:39:343,3.36,-1.31,3.67,-0.02,-0.16,-0.07,
12:38:39:347,3.36,-1.31,3.67,-0.02,-0.18,-0.05,
12:38:39:347,3.36,-1.31,3.67,-0.02,-0.18,-0.05,
12:38:39:348,3.36,-1.31,3.67,-0.01,-0.10,-0.04,
12:38:39:348,2.63,-0.77,2.32,-0.01,-0.10,-0.04,
12:38:39:350,2.63,-0.77,2.32,-0.00,-0.02,-0.05,
12:38:39:351,2.64,-0.77,2.32,-0.00,-0.02,-0.05,
12:38:39:352,2.64,-0.77,2.32,-0.01,0.03,-0.05,
12:38:39:353,3.41,-1.45,2.90,-0.01,0.03,-0.05,
12:38:39:355,3.41,-1.45,2.90,-0.02,0.05,-0.06,
12:38:39:356,3.41,-1.45,2.90,-0.02,0.05,-0.06,
12:38:39:358,3.41,-1.45,2.90,-0.03,0.05,-0.07,
12:38:39:359,2.99,-2.05,3.06,-0.03,0.05,-0.07,
12:38:39:360,2.99,-2.05,3.06,-0.05,0.01,-0.09,
12:38:39:361,3.00,-2.05,3.06,-0.05,0.01,-0.09,
12:38:39:363,3.00,-2.05,3.06,-0.04,-0.05,-0.08,
12:38:39:363,3.39,-0.96,3.74,-0.04,-0.05,-0.08,
12:38:39:365,3.39,-0.96,3.74,-0.03,-0.10,-0.07,
12:38:39:367,3.39,-0.96,3.74,-0.03,-0.10,-0.07,
12:38:39:368,3.39,-0.96,3.74,-0.02,-0.12,-0.06,
12:38:39:369,3.15,-1.15,2.87,-0.02,-0.12,-0.06,
12:38:39:370,3.15,-1.15,2.87,-0.01,-0.09,-0.05,
12:38:39:371,3.15,-1.15,2.87,-0.01,-0.09,-0.05,
12:38:39:373,3.15,-1.15,2.87,-0.01,-0.04,-0.04,
12:38:39:373,3.36,-1.35,2.73,-0.01,-0.04,-0.04,
12:38:39:375,3.36,-1.35,2.73,-0.01,0.01,-0.04,
12:38:39:376,3.36,-1.35,2.73,-0.01,0.01,-0.04,
12:38:39:378,3.36,-1.35,2.73,-0.02,0.04,-0.06,
12:38:39:379,3.79,-1.39,3.52,-0.02,0.04,-0.06,
12:38:39:380,3.79,-1.39,3.52,-0.02,0.03,-0.07,
12:38:39:381,3.80,-1.39,3.52,-0.02,0.03,-0.07,
12:38:39:383,3.80,-1.39,3.52,-0.02,0.01,-0.09,
12:38:39:384,3.42,-1.10,3.72,-0.02,0.01,-0.09,
12:38:39:385,3.42,-1.10,3.72,-0.02,-0.02,-0.09,
12:38:39:386,3.42,-1.10,3.72,-0.02,-0.02,-0.09,
12:38:39:388,3.42,-1.10,3.72,-0.02,-0.05,-0.08,
12:38:39:388,3.49,-0.65,3.93,-0.02,-0.05,-0.08,
12:38:39:390,3.49,-0.65,3.93,-0.01,-0.06,-0.07,
12:38:39:391,3.49,-0.65,3.93,-0.01,-0.06,-0.07,
12:38:39:393,3.49,-0.65,3.93,-0.00,-0.06,-0.05,
12:38:39:394,3.01,-1.36,3.30,-0.00,-0.06,-0.05,
12:38:39:396,3.01,-1.36,3.30,-0.00,-0.05,-0.04,
12:38:39:396,3.02,-1.36,3.30,-0.00,-0.05,-0.04,
12:38:39:398,3.02,-1.36,3.30,-0.00,-0.02,-0.04,
12:38:39:399,3.49,-0.94,3.89,-0.00,-0.02,-0.04,
12:38:39:402,3.49,-0.94,3.89,0.00,0.02,-0.05,
12:38:39:403,3.49,-0.94,3.89,0.00,0.02,-0.05,
12:38:39:403,3.49,-0.94,3.89,0.00,0.05,-0.06,
12:38:39:404,3.21,-0.53,4.28,0.00,0.05,-0.06,
12:38:39:405,3.21,-0.53,4.28,0.01,0.04,-0.07,
12:38:39:406,3.21,-0.53,4.28,0.01,0.04,-0.07,
12:38:39:408,3.21,-0.53,4.28,0.02,-0.03,-0.06,
12:38:39:409,3.49,-0.30,4.64,0.02,-0.03,-0.06,
12:38:39:410,3.49,-0.30,4.64,0.02,-0.10,-0.05,
12:38:39:411,3.49,-0.30,4.64,0.02,-0.10,-0.05,
12:38:39:413,3.49,-0.30,4.64,0.02,-0.11,-0.04,
12:38:39:414,2.67,-1.13,3.44,0.02,-0.11,-0.04,
12:38:39:415,2.67,-1.13,3.44,0.03,-0.07,-0.04,
12:38:39:416,2.67,-1.13,3.44,0.03,-0.07,-0.04,
12:38:39:418,2.67,-1.13,3.44,0.04,-0.03,-0.04,
12:38:39:418,2.82,-0.54,3.42,0.04,-0.03,-0.04,
12:38:39:420,2.82,-0.54,3.42,0.04,-0.00,-0.04,
12:38:39:421,2.82,-0.54,3.43,0.04,-0.00,-0.04,
12:38:39:424,2.82,-0.54,3.43,0.04,0.01,-0.04,
12:38:39:433,3.33,-0.26,4.05,0.04,0.01,-0.04,
12:38:39:434,3.33,-0.26,4.05,0.04,0.01,-0.05,
12:38:39:435,3.33,-0.26,4.05,0.04,0.01,-0.05,
12:38:39:437,3.33,-0.26,4.05,0.04,-0.03,-0.06,
12:38:39:438,2.47,-1.65,3.01,0.04,-0.03,-0.06,
12:38:39:439,2.47,-1.65,3.01,0.04,-0.10,-0.05,
12:38:39:440,2.47,-1.65,3.01,0.04,-0.10,-0.05,
12:38:39:441,2.47,-1.65,3.01,0.04,-0.14,-0.03,
12:38:39:443,2.94,-0.49,3.02,0.04,-0.14,-0.03,
12:38:39:444,2.94,-0.49,3.02,0.04,-0.11,-0.02,
12:38:39:444,2.93,-0.49,3.02,0.04,-0.11,-0.02,
12:38:39:445,2.93,-0.49,3.02,0.04,-0.03,-0.02,
12:38:39:445,2.77,-0.71,2.80,0.04,-0.03,-0.02,
12:38:39:446,2.77,-0.71,2.80,0.03,0.02,-0.02,
12:38:39:446,2.77,-0.71,2.80,0.03,0.02,-0.02,
12:38:39:447,2.77,-0.71,2.80,0.02,0.00,-0.02,
12:38:39:447,3.17,-0.95,3.31,0.02,0.00,-0.02,
12:38:39:448,3.17,-0.95,3.31,0.01,-0.02,-0.02,
12:38:39:448,3.17,-0.95,3.31,0.01,-0.02,-0.02,
12:38:39:449,3.17,-0.95,3.31,0.00,-0.02,-0.03,
12:38:39:449,2.37,-1.25,3.36,0.00,-0.02,-0.03,
12:38:39:454,2.37,-1.25,3.36,-0.00,-0.00,-0.04,
12:38:39:454,2.37,-1.25,3.36,-0.00,-0.00,-0.04,
12:38:39:455,2.37,-1.25,3.36,-0.01,-0.01,-0.04,
12:38:39:456,2.78,-0.43,4.40,-0.01,-0.01,-0.04,
12:38:39:457,2.78,-0.43,4.40,-0.01,-0.08,-0.02,
12:38:39:458,2.78,-0.43,4.40,-0.01,-0.08,-0.02,
12:38:39:459,2.78,-0.43,4.40,-0.00,-0.16,0.00,
12:38:39:459,3.48,-1.16,4.23,-0.00,-0.16,0.00,
12:38:39:460,3.48,-1.16,4.23,0.01,-0.21,0.02,
12:38:39:460,3.48,-1.16,4.23,0.01,-0.21,0.02,
12:38:39:463,3.48,-1.16,4.23,0.03,-0.20,0.02,
12:38:39:464,3.54,-1.39,2.76,0.03,-0.20,0.02,
12:38:39:465,3.54,-1.39,2.76,0.04,-0.13,0.02,
12:38:39:466,3.53,-1.39,2.76,0.04,-0.13,0.02,
12:38:39:468,3.53,-1.39,2.76,0.05,0.00,-0.01,
12:38:39:468,3.86,-0.28,3.47,0.05,0.00,-0.01,
12:38:39:470,3.86,-0.28,3.47,0.06,0.11,-0.04,
12:38:39:470,3.86,-0.28,3.47,0.06,0.11,-0.04,
12:38:39:473,3.86,-0.28,3.47,0.07,0.13,-0.06,
12:38:39:473,3.63,-0.35,4.05,0.07,0.13,-0.06,
12:38:39:475,3.63,-0.35,4.05,0.07,0.06,-0.07,
12:38:39:476,3.63,-0.35,4.05,0.07,0.06,-0.07,
12:38:39:478,3.63,-0.35,4.05,0.07,-0.06,-0.07,
12:38:39:479,3.47,-0.41,4.32,0.07,-0.06,-0.07,
12:38:39:480,3.47,-0.41,4.32,0.06,-0.14,-0.05,
12:38:39:481,3.47,-0.41,4.32,0.06,-0.14,-0.05,
12:38:39:483,3.47,-0.41,4.32,0.06,-0.16,-0.02,
12:38:39:483,2.55,-1.12,2.73,0.06,-0.16,-0.02,
12:38:39:485,2.55,-1.12,2.73,0.06,-0.14,0.00,
12:38:39:486,2.55,-1.12,2.73,0.06,-0.14,0.00,
12:38:39:488,2.55,-1.12,2.73,0.05,-0.12,0.01,
12:38:39:488,3.50,-0.72,2.80,0.05,-0.12,0.01,
12:38:39:490,3.50,-0.72,2.80,0.05,-0.07,0.01,
12:38:39:491,3.50,-0.72,2.80,0.05,-0.07,0.01,
12:38:39:493,3.50,-0.72,2.80,0.04,0.01,-0.01,
12:38:39:493,3.20,-1.43,2.79,0.04,0.01,-0.01,
12:38:39:495,3.20,-1.43,2.79,0.03,0.07,-0.03,
12:38:39:496,3.20,-1.43,2.79,0.03,0.07,-0.03,
12:38:39:498,3.20,-1.43,2.79,0.03,0.04,-0.05,
12:38:39:499,3.23,-0.82,3.42,0.03,0.04,-0.05,
12:38:39:500,3.23,-0.82,3.42,0.03,-0.05,-0.05,
12:38:39:501,3.23,-0.82,3.42,0.03,-0.05,-0.05,
12:38:39:503,3.23,-0.82,3.42,0.04,-0.13,-0.04,
12:38:39:503,3.00,-0.50,3.16,0.04,-0.13,-0.04,
12:38:39:505,3.00,-0.50,3.16,0.04,-0.13,-0.02,
12:38:39:506,3.00,-0.50,3.16,0.04,-0.13,-0.02,
12:38:39:508,3.00,-0.50,3.16,0.04,-0.10,-0.01,
12:38:39:508,2.68,-1.08,2.40,0.04,-0.10,-0.01,
12:38:39:510,2.68,-1.08,2.40,0.05,-0.08,0.01,
12:38:39:511,2.68,-1.08,2.40,0.05,-0.08,0.01,
12:38:39:513,2.68,-1.08,2.40,0.05,-0.06,0.01,
12:38:39:514,2.74,-1.31,2.25,0.05,-0.06,0.01,
12:38:39:515,2.74,-1.31,2.25,0.04,-0.00,-0.00,
12:38:39:516,2.74,-1.31,2.25,0.04,-0.00,-0.00,
12:38:39:518,2.74,-1.31,2.25,0.02,0.05,-0.02,
12:38:39:518,2.72,-1.24,3.10,0.02,0.05,-0.02,
12:38:39:520,2.72,-1.24,3.10,0.01,0.04,-0.03,
12:38:39:521,2.73,-1.24,3.10,0.01,0.04,-0.03,
12:38:39:523,2.73,-1.24,3.10,0.00,-0.04,-0.03,
12:38:39:523,3.19,-0.63,3.85,0.00,-0.04,-0.03,
12:38:39:525,3.19,-0.63,3.85,0.00,-0.14,-0.01,
12:38:39:526,3.19,-0.63,3.85,0.00,-0.14,-0.01,
12:38:39:530,3.19,-0.63,3.85,-0.00,-0.19,0.01,
12:38:39:531,3.04,-1.35,3.14,-0.00,-0.19,0.01,
12:38:39:533,3.04,-1.35,3.14,-0.00,-0.18,0.02,
12:38:39:534,3.04,-1.35,3.13,-0.00,-0.18,0.02,
12:38:39:536,3.04,-1.35,3.13,0.00,-0.14,0.03,
12:38:39:537,3.10,-1.49,2.36,0.00,-0.14,0.03,
12:38:39:538,3.10,-1.49,2.36,0.01,-0.08,0.02,
12:38:39:539,3.10,-1.49,2.36,0.01,-0.08,0.02,
12:38:39:539,3.10,-1.49,2.36,0.01,0.00,0.01,
12:38:39:542,3.13,-1.34,2.93,0.01,0.00,0.01,
12:38:39:542,3.13,-1.34,2.93,0.02,0.08,-0.02,
12:38:39:543,3.13,-1.34,2.93,0.02,0.08,-0.02,
12:38:39:544,3.13,-1.34,2.93,0.02,0.08,-0.04,
12:38:39:544,3.16,-0.85,3.76,0.02,0.08,-0.04,
12:38:39:551,3.16,-0.85,3.76,0.03,-0.01,-0.04,
12:38:39:552,3.16,-0.85,3.76,0.03,-0.01,-0.04,
12:38:39:552,3.16,-0.85,3.76,0.03,-0.14,-0.02,
12:38:39:556,3.17,-1.54,3.49,0.03,-0.14,-0.02,
12:38:39:557,3.17,-1.54,3.49,0.03,-0.22,-0.00,
12:38:39:558,3.17,-1.54,3.49,0.03,-0.22,-0.00,
12:38:39:559,3.17,-1.54,3.49,0.02,-0.20,0.02,
12:38:39:560,2.90,-2.09,2.32,0.02,-0.20,0.02,
12:38:39:561,2.90,-2.09,2.32,0.03,-0.15,0.03,
12:38:39:561,2.90,-2.09,2.32,0.03,-0.15,0.03,
12:38:39:562,2.90,-2.09,2.32,0.04,-0.09,0.03,
12:38:39:562,3.47,-0.79,2.07,0.04,-0.09,0.03,
12:38:39:563,3.47,-0.79,2.07,0.04,-0.01,0.01,
12:38:39:564,3.47,-0.79,2.07,0.04,-0.01,0.01,
12:38:39:565,3.47,-0.79,2.07,0.03,0.06,-0.01,
12:38:39:566,3.43,-1.57,2.57,0.03,0.06,-0.01,
12:38:39:567,3.43,-1.57,2.57,0.01,0.08,-0.03,
12:38:39:568,3.43,-1.57,2.57,0.01,0.08,-0.03,
12:38:39:569,3.43,-1.57,2.57,-0.00,0.02,-0.04,
12:38:39:570,3.42,-1.11,3.26,-0.00,0.02,-0.04,
12:38:39:570,3.42,-1.11,3.26,-0.01,-0.07,-0.04,
12:38:39:571,3.42,-1.11,3.26,-0.01,-0.07,-0.04,
12:38:39:574,3.42,-1.11,3.26,-0.01,-0.14,-0.02,
12:38:39:575,3.08,-1.23,2.51,-0.01,-0.14,-0.02,
12:38:39:576,3.08,-1.23,2.51,-0.01,-0.16,-0.00,
12:38:39:577,3.08,-1.23,2.51,-0.01,-0.16,-0.00,
12:38:39:578,3.08,-1.23,2.51,0.00,-0.13,0.01,
12:38:39:578,3.29,-0.45,2.33,0.00,-0.13,0.01,
12:38:39:580,3.29,-0.45,2.33,0.00,-0.08,0.02,
12:38:39:581,3.29,-0.45,2.33,0.00,-0.08,0.02,
12:38:39:583,3.29,-0.45,2.33,-0.00,-0.03,0.01,
12:38:39:583,3.54,-1.64,2.15,-0.00,-0.03,0.01,
12:38:39:585,3.54,-1.64,2.15,-0.02,0.01,-0.00,
12:38:39:586,3.54,-1.64,2.15,-0.02,0.01,-0.00,
12:38:39:587,3.54,-1.64,2.15,-0.04,0.04,-0.02,
12:38:39:588,3.37,-2.26,2.85,-0.04,0.04,-0.02,
12:38:39:590,3.37,-2.26,2.85,-0.04,0.00,-0.03,
12:38:39:591,3.37,-2.26,2.85,-0.04,0.00,-0.03,
12:38:39:593,3.37,-2.26,2.85,-0.04,-0.06,-0.04,
12:38:39:593,3.36,-1.29,3.02,-0.04,-0.06,-0.04,
12:38:39:595,3.36,-1.29,3.02,-0.04,-0.10,-0.03,
12:38:39:596,3.36,-1.29,3.02,-0.04,-0.10,-0.03,
12:38:39:598,3.36,-1.29,3.02,-0.04,-0.09,-0.02,
12:38:39:599,3.01,-1.76,3.05,-0.04,-0.09,-0.02,
12:38:39:600,3.01,-1.76,3.05,-0.04,-0.06,-0.01,
12:38:39:601,3.01,-1.76,3.05,-0.04,-0.06,-0.01,
12:38:39:603,3.01,-1.76,3.05,-0.03,-0.07,0.00,
12:38:39:603,3.28,-1.77,2.68,-0.03,-0.07,0.00,
12:38:39:605,3.28,-1.77,2.68,-0.02,-0.10,0.01,
12:38:39:606,3.28,-1.77,2.68,-0.02,-0.10,0.01,
12:38:39:608,3.28,-1.77,2.68,-0.01,-0.08,0.01,
12:38:39:609,3.36,-1.95,2.73,-0.01,-0.08,0.01,
12:38:39:610,3.36,-1.95,2.73,-0.02,-0.03,-0.01,
12:38:39:611,3.36,-1.95,2.73,-0.02,-0.03,-0.01,
12:38:39:613,3.36,-1.95,2.73,-0.01,-0.00,-0.02,
12:38:39:614,3.42,-1.35,2.87,-0.01,-0.00,-0.02,
12:38:39:616,3.42,-1.35,2.87,-0.01,-0.01,-0.03,
12:38:39:617,3.42,-1.35,2.87,-0.01,-0.01,-0.03,
12:38:39:618,3.42,-1.35,2.87,-0.01,-0.05,-0.03,
12:38:39:618,3.31,-2.12,2.80,-0.01,-0.05,-0.03,
12:38:39:620,3.31,-2.12,2.80,-0.02,-0.07,-0.03,
12:38:39:621,3.31,-2.12,2.80,-0.02,-0.07,-0.03,
12:38:39:623,3.31,-2.12,2.80,-0.02,-0.04,-0.02,
12:38:39:624,3.20,-1.20,3.07,-0.02,-0.04,-0.02,
12:38:39:625,3.20,-1.20,3.07,-0.02,-0.02,-0.02,
12:38:39:626,3.20,-1.20,3.07,-0.02,-0.02,-0.02,
12:38:39:628,3.20,-1.20,3.07,-0.02,-0.04,-0.01,
12:38:39:629,3.15,-0.90,2.79,-0.02,-0.04,-0.01,
12:38:39:631,3.15,-0.90,2.79,-0.01,-0.05,-0.01,
12:38:39:632,3.15,-0.90,2.79,-0.01,-0.05,-0.01,
12:38:39:633,3.15,-0.90,2.79,-0.02,-0.03,-0.02,
12:38:39:634,2.74,-1.67,2.74,-0.02,-0.03,-0.02,
12:38:39:636,2.74,-1.67,2.74,-0.02,-0.02,-0.02,
12:38:39:636,2.74,-1.67,2.74,-0.02,-0.02,-0.02,
12:38:39:638,2.74,-1.67,2.74,-0.03,-0.03,-0.02,
12:38:39:639,3.30,-0.83,3.19,-0.03,-0.03,-0.02,
12:38:39:640,3.30,-0.83,3.19,-0.03,-0.06,-0.02,
12:38:39:641,3.30,-0.83,3.19,-0.03,-0.06,-0.02,
12:38:39:643,3.30,-0.83,3.19,-0.03,-0.08,-0.01,
12:38:39:643,3.36,-1.07,2.82,-0.03,-0.08,-0.01,
12:38:39:653,3.36,-1.07,2.82,-0.03,-0.10,-0.01,
12:38:39:654,3.36,-1.07,2.82,-0.03,-0.10,-0.01,
12:38:39:655,3.36,-1.07,2.82,-0.03,-0.09,-0.01,
12:38:39:655,3.50,-1.32,2.73,-0.03,-0.09,-0.01,
12:38:39:656,3.50,-1.32,2.73,-0.04,-0.04,-0.01,
12:38:39:656,3.50,-1.32,2.73,-0.04,-0.04,-0.01,
12:38:39:657,3.50,-1.32,2.73,-0.04,0.03,-0.02,
12:38:39:657,3.20,-1.52,3.21,-0.04,0.03,-0.02,
12:38:39:660,3.20,-1.52,3.21,-0.06,0.08,-0.04,
12:38:39:661,3.20,-1.52,3.21,-0.06,0.04,-0.05,
12:38:39:661,3.42,-1.17,4.04,-0.06,0.04,-0.05,
12:38:39:661,3.42,-1.17,4.04,-0.06,0.04,-0.05,
12:38:39:662,3.42,-1.17,4.04,-0.05,-0.07,-0.04,
12:38:39:662,3.42,-1.17,4.04,-0.05,-0.07,-0.04,
12:38:39:663,3.42,-1.17,4.04,-0.05,-0.17,-0.03,
12:38:39:663,3.57,-1.97,3.64,-0.05,-0.17,-0.03,
12:38:39:666,3.57,-1.97,3.64,-0.04,-0.20,-0.01,
12:38:39:667,3.57,-1.97,3.64,-0.04,-0.20,-0.01,
12:38:39:668,3.57,-1.97,3.64,-0.04,-0.14,0.00,
12:38:39:668,3.73,-1.41,3.02,-0.04,-0.14,0.00,
12:38:39:670,3.73,-1.41,3.02,-0.02,-0.08,-0.00,
12:38:39:671,3.73,-1.41,3.02,-0.02,-0.08,-0.00,
12:38:39:673,3.73,-1.41,3.02,-0.01,-0.04,-0.01,
12:38:39:680,3.91,-1.67,2.45,-0.01,-0.04,-0.01,
12:38:39:681,3.91,-1.67,2.45,0.00,0.00,-0.03,
12:38:39:681,3.91,-1.67,2.45,0.00,0.00,-0.03,
12:38:39:682,3.91,-1.67,2.45,0.00,0.07,-0.05,
12:38:39:683,3.82,-0.96,3.12,0.00,0.07,-0.05,
12:38:39:683,3.82,-0.96,3.12,0.00,0.09,-0.07,
12:38:39:684,3.82,-0.96,3.12,0.00,0.09,-0.07,
12:38:39:685,3.82,-0.96,3.12,-0.01,0.04,-0.08,
12:38:39:685,4.20,-1.08,4.10,-0.01,0.04,-0.08,
12:38:39:686,4.20,-1.08,4.10,-0.02,-0.05,-0.06,
12:38:39:686,4.20,-1.08,4.10,-0.02,-0.05,-0.06,
12:38:39:688,4.20,-1.08,4.10,-0.02,-0.12,-0.05,
12:38:39:689,3.22,-1.33,2.75,-0.02,-0.12,-0.05,
12:38:39:691,3.22,-1.33,2.75,-0.01,-0.11,-0.03,
12:38:39:692,3.22,-1.33,2.75,-0.01,-0.11,-0.03,
12:38:39:693,3.22,-1.33,2.75,-0.01,-0.06,-0.03,
12:38:39:693,2.98,-1.22,2.58,-0.01,-0.06,-0.03,
12:38:39:695,2.98,-1.22,2.58,-0.01,-0.01,-0.03,
12:38:39:696,2.98,-1.22,2.58,-0.01,-0.01,-0.03,
12:38:39:698,2.98,-1.22,2.58,-0.01,0.00,-0.04,
12:38:39:699,3.96,-1.03,3.14,-0.01,0.00,-0.04,
12:38:39:700,3.96,-1.03,3.14,-0.02,0.01,-0.04,
12:38:39:701,3.96,-1.03,3.14,-0.02,0.01,-0.04,
12:38:39:703,3.96,-1.03,3.14,-0.03,0.03,-0.06,
12:38:39:704,3.96,-1.03,3.14,-0.03,0.03,-0.06,
12:38:39:706,3.96,-1.03,3.14,-0.03,0.01,-0.07,
12:38:39:708,3.09,-1.75,3.06,-0.03,0.01,-0.07,
12:38:39:708,3.09,-1.75,3.06,-0.03,-0.04,-0.07,
12:38:39:709,3.10,-1.75,3.06,-0.03,-0.04,-0.07,
12:38:39:710,3.10,-1.75,3.06,-0.02,-0.08,-0.06,
12:38:39:711,3.01,-1.51,2.95,-0.02,-0.08,-0.06,
12:38:39:713,3.01,-1.51,2.95,-0.02,-0.09,-0.04,
12:38:39:715,3.02,-1.51,2.95,-0.02,-0.09,-0.04,
12:38:39:716,3.02,-1.51,2.95,-0.02,-0.06,-0.03,
12:38:39:717,3.10,-2.11,2.84,-0.02,-0.06,-0.03,
12:38:39:718,3.10,-2.11,2.84,-0.03,-0.00,-0.03,
12:38:39:718,3.10,-2.11,2.83,-0.03,-0.00,-0.03,
12:38:39:720,3.10,-2.11,2.83,-0.04,0.05,-0.05,
12:38:39:721,3.02,-1.62,3.35,-0.04,0.05,-0.05,
12:38:39:723,3.02,-1.62,3.35,-0.04,0.06,-0.06,
12:38:39:723,3.02,-1.62,3.35,-0.04,0.06,-0.06,
12:38:39:725,3.02,-1.62,3.35,-0.04,0.03,-0.06,
12:38:39:726,3.35,-1.50,4.21,-0.04,0.03,-0.06,
12:38:39:728,3.35,-1.50,4.21,-0.04,-0.04,-0.06,
12:38:39:729,3.35,-1.50,4.21,-0.04,-0.04,-0.06,
12:38:39:731,3.35,-1.50,4.21,-0.04,-0.14,-0.04,
12:38:39:732,3.42,-2.08,3.48,-0.04,-0.14,-0.04,
12:38:39:733,3.42,-2.08,3.48,-0.03,-0.20,-0.02,
12:38:39:734,3.42,-2.08,3.48,-0.03,-0.20,-0.02,
12:38:39:735,3.42,-2.08,3.48,-0.02,-0.15,-0.01,
12:38:39:736,3.47,-1.69,2.85,-0.02,-0.15,-0.01,
12:38:39:738,3.47,-1.69,2.85,-0.01,-0.03,-0.01,
12:38:39:739,3.47,-1.69,2.85,-0.01,-0.03,-0.01,
12:38:39:740,3.47,-1.69,2.85,-0.00,0.06,-0.03,
12:38:39:741,3.68,-1.22,2.81,-0.00,0.06,-0.03,
12:38:39:743,3.68,-1.22,2.81,0.00,0.09,-0.05,
12:38:39:744,3.68,-1.22,2.81,0.00,0.09,-0.05,
12:38:39:752,3.68,-1.22,2.81,0.01,0.06,-0.07,
12:38:39:753,4.08,-0.71,3.93,0.01,0.06,-0.07,
12:38:39:754,4.08,-0.71,3.93,0.01,0.02,-0.08,
12:38:39:755,4.08,-0.71,3.93,0.01,0.02,-0.08,
12:38:39:755,4.08,-0.71,3.93,0.00,-0.01,-0.08,
12:38:39:756,3.21,-0.96,3.47,0.00,-0.01,-0.08,
12:38:39:756,3.21,-0.96,3.47,-0.00,-0.03,-0.08,
12:38:39:757,3.21,-0.96,3.47,-0.00,-0.03,-0.08,
12:38:39:757,3.21,-0.96,3.47,-0.00,-0.07,-0.06,
12:38:39:757,3.22,-0.87,2.96,-0.00,-0.07,-0.06,
12:38:39:758,3.22,-0.87,2.96,0.00,-0.13,-0.03,
12:38:39:758,3.22,-0.87,2.96,0.00,-0.13,-0.03,
12:38:39:760,3.22,-0.87,2.96,-0.00,-0.16,-0.01,
12:38:39:760,3.66,-1.83,2.13,-0.00,-0.16,-0.01,
12:38:39:765,3.66,-1.83,2.13,-0.00,-0.12,-0.01,
12:38:39:766,3.66,-1.83,2.13,-0.00,-0.12,-0.01,
12:38:39:768,3.66,-1.83,2.13,-0.01,-0.04,-0.03,
12:38:39:769,3.35,-1.78,1.59,-0.01,-0.04,-0.03,
12:38:39:771,3.35,-1.78,1.59,-0.02,0.08,-0.06,
12:38:39:771,3.35,-1.78,1.59,-0.02,0.08,-0.06,
12:38:39:772,3.35,-1.78,1.59,-0.04,0.14,-0.08,
12:38:39:772,3.50,-2.28,2.73,-0.04,0.14,-0.08,
12:38:39:773,3.50,-2.28,2.73,-0.06,0.09,-0.09,
12:38:39:773,3.50,-2.28,2.73,-0.06,0.09,-0.09,
12:38:39:775,3.50,-2.28,2.73,-0.06,-0.03,-0.09,
12:38:39:776,3.71,-2.09,2.93,-0.06,-0.03,-0.09,
12:38:39:778,3.71,-2.09,2.93,-0.05,-0.15,-0.07,
12:38:39:779,3.71,-2.09,2.93,-0.05,-0.15,-0.07,
12:38:39:780,3.71,-2.09,2.93,-0.04,-0.17,-0.05,
12:38:39:781,2.98,-1.72,1.88,-0.04,-0.17,-0.05,
12:38:39:784,2.98,-1.72,1.88,-0.02,-0.07,-0.04,
12:38:39:785,2.98,-1.72,1.88,-0.02,-0.07,-0.04,
12:38:39:786,2.98,-1.72,1.88,-0.01,0.06,-0.04,
12:38:39:787,2.66,-1.31,2.04,-0.01,0.06,-0.04,
12:38:39:788,2.66,-1.31,2.04,-0.02,0.11,-0.05,
12:38:39:789,2.67,-1.31,2.04,-0.02,0.11,-0.05,
12:38:39:791,2.67,-1.31,2.04,-0.02,0.09,-0.05,
12:38:39:793,3.24,-1.94,2.98,-0.02,0.09,-0.05,
12:38:39:795,3.24,-1.94,2.98,-0.04,0.04,-0.06,
12:38:39:796,3.24,-1.94,2.98,-0.04,0.04,-0.06,
12:38:39:798,3.24,-1.94,2.98,-0.06,-0.02,-0.06,
12:38:39:799,3.24,-1.77,3.51,-0.06,-0.02,-0.06,
12:38:39:800,3.24,-1.77,3.51,-0.06,-0.07,-0.06,
12:38:39:805,3.24,-1.77,3.51,-0.06,-0.07,-0.06,
12:38:39:806,3.24,-1.77,3.51,-0.06,-0.09,-0.06,
12:38:39:806,2.74,-1.60,2.72,-0.06,-0.09,-0.06,
12:38:39:806,2.74,-1.60,2.72,-0.06,-0.10,-0.04,
12:38:39:806,2.74,-1.60,2.72,-0.06,-0.10,-0.04,
12:38:39:807,2.74,-1.60,2.72,-0.06,-0.10,-0.02,
12:38:39:807,3.75,-1.95,2.92,-0.06,-0.10,-0.02,
12:38:39:808,3.75,-1.95,2.92,-0.05,-0.07,-0.02,
12:38:39:808,3.75,-1.95,2.92,-0.05,-0.07,-0.02,
12:38:39:810,3.75,-1.95,2.92,-0.05,-0.00,-0.03,
12:38:39:811,3.29,-1.98,2.62,-0.05,-0.00,-0.03,
12:38:39:813,3.29,-1.98,2.62,-0.04,0.08,-0.05,
12:38:39:814,3.29,-1.98,2.61,-0.04,0.08,-0.05,
12:38:39:815,3.29,-1.98,2.61,-0.04,0.13,-0.07,
12:38:39:816,3.20,-0.90,3.81,-0.04,0.13,-0.07,
12:38:39:818,3.20,-0.90,3.81,-0.03,0.13,-0.09,
12:38:39:818,3.20,-0.90,3.81,-0.03,0.13,-0.09,
12:38:39:820,3.20,-0.90,3.81,-0.03,0.06,-0.09,
12:38:39:821,3.27,-1.40,4.59,-0.03,0.06,-0.09,
12:38:39:823,3.27,-1.40,4.59,-0.03,-0.09,-0.07,
12:38:39:824,3.27,-1.40,4.59,-0.03,-0.09,-0.07,
12:38:39:825,3.27,-1.40,4.59,-0.01,-0.22,-0.04,
12:38:39:826,3.27,-1.95,3.12,-0.01,-0.22,-0.04,
12:38:39:834,3.27,-1.95,3.12,-0.00,-0.25,-0.02,
12:38:39:835,3.27,-1.95,3.11,-0.00,-0.25,-0.02,
12:38:39:835,3.27,-1.95,3.11,-0.00,-0.15,-0.01,
12:38:39:835,3.01,-2.31,2.04,-0.00,-0.15,-0.01,
12:38:39:836,3.01,-2.31,2.04,-0.00,-0.00,-0.01,
12:38:39:836,3.01,-2.31,2.04,-0.00,-0.00,-0.01,
12:38:39:836,3.01,-2.31,2.04,0.00,0.10,-0.04,
12:38:39:836,3.30,-1.82,2.06,0.00,0.10,-0.04,
12:38:39:838,3.30,-1.82,2.06,-0.00,0.12,-0.06,
12:38:39:838,3.30,-1.82,2.07,-0.00,0.12,-0.06,
12:38:39:840,3.30,-1.82,2.07,-0.02,0.07,-0.08,
12:38:39:841,3.81,-2.14,3.29,-0.02,0.07,-0.08,
12:38:39:843,3.81,-2.14,3.29,-0.02,-0.00,-0.08,
12:38:39:843,3.81,-2.13,3.29,-0.02,-0.00,-0.08,
12:38:39:845,3.81,-2.13,3.29,-0.02,-0.06,-0.07,
12:38:39:846,2.65,-1.60,2.43,-0.02,-0.06,-0.07,
12:38:39:848,2.65,-1.60,2.43,-0.01,-0.08,-0.06,
12:38:39:849,2.65,-1.60,2.43,-0.01,-0.08,-0.06,
12:38:39:850,2.65,-1.60,2.43,-0.01,-0.08,-0.04,
12:38:39:851,2.53,-1.71,1.50,-0.01,-0.08,-0.04,
12:38:39:853,2.53,-1.71,1.50,-0.01,-0.07,-0.03,
12:38:39:853,2.53,-1.71,1.50,-0.01,-0.07,-0.03,
12:38:39:855,2.53,-1.71,1.50,-0.02,-0.02,-0.01,
12:38:39:856,3.54,-1.33,2.70,-0.02,-0.02,-0.01,
12:38:39:858,3.54,-1.33,2.70,-0.04,0.04,-0.03,
12:38:39:858,3.54,-1.33,2.70,-0.04,0.04,-0.03,
12:38:39:861,3.54,-1.33,2.70,-0.06,0.07,-0.04,
12:38:39:862,3.20,-2.46,2.59,-0.06,0.07,-0.04,
12:38:39:863,3.20,-2.46,2.59,-0.08,0.05,-0.06,
12:38:39:864,3.20,-2.46,2.59,-0.08,0.05,-0.06,
12:38:39:865,3.20,-2.46,2.59,-0.08,-0.00,-0.07,
12:38:39:867,3.29,-2.12,3.21,-0.08,-0.00,-0.07,
12:38:39:868,3.29,-2.12,3.21,-0.08,-0.09,-0.06,
12:38:39:868,3.29,-2.12,3.21,-0.08,-0.09,-0.06,
12:38:39:870,3.29,-2.12,3.21,-0.07,-0.15,-0.05,
12:38:39:871,3.64,-1.46,2.99,-0.07,-0.15,-0.05,
12:38:39:873,3.64,-1.46,2.99,-0.06,-0.11,-0.03,
12:38:39:873,3.64,-1.46,2.99,-0.06,-0.11,-0.03,
12:38:39:875,3.64,-1.46,2.99,-0.05,-0.01,-0.03,
12:38:39:876,3.19,-2.07,2.77,-0.05,-0.01,-0.03,
12:38:39:881,3.19,-2.07,2.77,-0.04,0.07,-0.03,
12:38:39:883,3.19,-2.07,2.77,-0.04,0.07,-0.03,
12:38:39:884,3.19,-2.07,2.77,-0.02,0.05,-0.04,
12:38:39:886,3.52,-1.87,2.92,-0.02,0.05,-0.04,
12:38:39:887,3.52,-1.87,2.92,-0.01,-0.01,-0.05,
12:38:39:888,3.52,-1.87,2.92,-0.01,-0.01,-0.05,
12:38:39:890,3.52,-1.87,2.92,-0.01,-0.04,-0.07,
12:38:39:891,3.56,-1.84,3.08,-0.01,-0.04,-0.07,
12:38:39:893,3.56,-1.84,3.08,-0.01,-0.03,-0.07,
12:38:39:894,3.57,-1.84,3.08,-0.01,-0.03,-0.07,
12:38:39:894,3.57,-1.84,3.08,-0.01,-0.01,-0.07,
12:38:39:895,3.94,-1.01,3.52,-0.01,-0.01,-0.07,
12:38:39:896,3.94,-1.01,3.52,-0.00,-0.04,-0.05,
12:38:39:896,3.94,-1.01,3.52,-0.00,-0.04,-0.05,
12:38:39:897,3.94,-1.01,3.52,0.00,-0.09,-0.04,
12:38:39:898,3.62,-2.17,2.21,0.00,-0.09,-0.04,
12:38:39:899,3.62,-2.17,2.21,0.00,-0.10,-0.04,
12:38:39:899,3.62,-2.17,2.21,0.00,-0.10,-0.04,
12:38:39:903,3.62,-2.17,2.21,-0.01,-0.03,-0.04,
12:38:39:904,3.08,-2.63,1.80,-0.01,-0.03,-0.04,
12:38:39:904,3.08,-2.63,1.80,-0.02,0.04,-0.06,
12:38:39:905,3.08,-2.63,1.80,-0.02,0.04,-0.06,
12:38:39:905,3.08,-2.63,1.80,-0.03,0.10,-0.08,
12:38:39:906,3.42,-1.55,2.92,-0.03,0.10,-0.08,
12:38:39:908,3.42,-1.55,2.92,-0.04,0.12,-0.09,
12:38:39:908,3.43,-1.55,2.92,-0.04,0.12,-0.09,
12:38:39:911,3.43,-1.55,2.92,-0.05,0.08,-0.09,
12:38:39:912,3.20,-1.99,3.45,-0.05,0.08,-0.09,
12:38:39:913,3.20,-1.99,3.45,-0.05,-0.03,-0.08,
12:38:39:913,3.20,-1.99,3.45,-0.05,-0.03,-0.08,
12:38:39:916,3.20,-1.99,3.45,-0.04,-0.14,-0.07,
12:38:39:916,3.02,-1.50,2.71,-0.04,-0.14,-0.07,
12:38:39:918,3.02,-1.50,2.71,-0.03,-0.15,-0.05,
12:38:39:918,3.02,-1.50,2.71,-0.03,-0.15,-0.05,
12:38:39:920,3.02,-1.50,2.71,-0.02,-0.05,-0.04,
12:38:39:921,2.66,-1.36,2.22,-0.02,-0.05,-0.04,
12:38:39:923,2.66,-1.36,2.22,-0.02,0.05,-0.04,
12:38:39:930,2.66,-1.36,2.22,-0.02,0.05,-0.04,
12:38:39:931,2.66,-1.36,2.22,-0.02,0.08,-0.06,
12:38:39:931,3.25,-1.81,2.95,-0.02,0.08,-0.06,
12:38:39:933,3.25,-1.81,2.95,-0.03,0.06,-0.07,
12:38:39:934,3.25,-1.81,2.95,-0.03,0.06,-0.07,
12:38:39:934,3.25,-1.81,2.95,-0.03,0.03,-0.08,
12:38:39:935,2.73,-1.98,3.00,-0.03,0.03,-0.08,
12:38:39:936,2.73,-1.98,3.00,-0.04,0.01,-0.09,
12:38:39:936,2.74,-1.98,3.00,-0.04,0.01,-0.09,
12:38:39:936,2.74,-1.98,3.00,-0.04,-0.03,-0.08,
12:38:39:938,3.00,-1.81,3.36,-0.04,-0.03,-0.08,
12:38:39:939,3.00,-1.81,3.36,-0.04,-0.10,-0.06,
12:38:39:939,3.00,-1.80,3.35,-0.04,-0.10,-0.06,
12:38:39:941,3.00,-1.80,3.35,-0.04,-0.16,-0.03,
12:38:39:942,3.53,-2.14,2.86,-0.04,-0.16,-0.03,
12:38:39:943,3.53,-2.14,2.86,-0.04,-0.13,-0.02,
12:38:39:943,3.53,-2.14,2.86,-0.04,-0.13,-0.02,
12:38:39:945,3.53,-2.14,2.86,-0.05,-0.01,-0.03,
12:38:39:946,3.34,-1.90,2.78,-0.05,-0.01,-0.03,
12:38:39:948,3.34,-1.90,2.78,-0.04,0.10,-0.05,
12:38:39:949,3.34,-1.90,2.78,-0.04,0.10,-0.05,
12:38:39:950,3.34,-1.90,2.78,-0.04,0.12,-0.07,
12:38:39:951,3.49,-2.20,3.70,-0.04,0.12,-0.07,
12:38:39:953,3.49,-2.20,3.70,-0.04,0.07,-0.09,
12:38:39:953,3.49,-2.20,3.70,-0.04,0.07,-0.09,
12:38:39:955,3.49,-2.20,3.70,-0.02,0.01,-0.10,
12:38:39:956,2.79,-1.57,3.88,-0.02,0.01,-0.10,
12:38:39:958,2.79,-1.57,3.88,-0.01,-0.03,-0.09,
12:38:39:959,2.79,-1.57,3.88,-0.01,-0.03,-0.09,
12:38:39:967,2.79,-1.57,3.88,0.00,-0.07,-0.07,
12:38:39:968,3.15,-0.52,4.16,0.00,-0.07,-0.07,
12:38:39:969,3.15,-0.52,4.16,0.02,-0.09,-0.04,
12:38:39:969,3.15,-0.52,4.16,0.02,-0.09,-0.04,
12:38:39:969,3.15,-0.52,4.16,0.03,-0.10,-0.02,
12:38:39:970,2.97,-1.62,2.41,0.03,-0.10,-0.02,
12:38:39:970,2.97,-1.62,2.41,0.03,-0.10,-0.01,
12:38:39:970,2.97,-1.62,2.41,0.03,-0.10,-0.01,
12:38:39:970,2.97,-1.62,2.41,0.02,-0.07,-0.01,
12:38:39:970,3.13,-2.25,1.82,0.02,-0.07,-0.01,
12:38:39:973,3.13,-2.25,1.82,0.01,-0.02,-0.03,
12:38:39:973,3.13,-2.25,1.82,0.01,-0.02,-0.03,
12:38:39:975,3.13,-2.25,1.82,0.00,0.03,-0.05,
12:38:39:976,3.05,-2.21,2.20,0.00,0.03,-0.05,
12:38:39:978,3.05,-2.21,2.20,-0.01,0.09,-0.07,
12:38:39:978,3.05,-2.21,2.20,-0.01,0.09,-0.07,
12:38:39:981,3.05,-2.21,2.20,-0.02,0.09,-0.08,
12:38:39:982,2.77,-1.54,2.68,-0.02,0.09,-0.08,
12:38:39:983,2.77,-1.54,2.68,-0.02,0.03,-0.08,
12:38:39:983,2.77,-1.54,2.68,-0.02,0.03,-0.08,
12:38:39:985,2.77,-1.54,2.68,-0.02,-0.06,-0.06,
12:38:39:986,2.65,-1.57,2.88,-0.02,-0.06,-0.06,
12:38:39:988,2.65,-1.57,2.88,-0.02,-0.09,-0.04,
12:38:39:988,2.65,-1.57,2.88,-0.02,-0.09,-0.04,
12:38:39:990,2.65,-1.57,2.88,-0.03,-0.03,-0.02,
12:38:39:991,1.53,-1.91,2.31,-0.03,-0.03,-0.02,
12:38:39:993,1.53,-1.91,2.31,-0.03,0.03,-0.01,
12:38:39:994,1.54,-1.91,2.31,-0.03,0.03,-0.01,
12:38:39:996,1.54,-1.91,2.31,-0.04,0.02,-0.01,
12:38:39:997,2.31,-1.99,3.07,-0.04,0.02,-0.01,
12:38:39:998,2.31,-1.99,3.07,-0.04,-0.04,-0.01,
12:38:39:999,2.31,-1.99,3.07,-0.04,-0.04,-0.01,
12:38:40:000,2.31,-1.99,3.07,-0.04,-0.08,-0.00,
12:38:40:001,2.38,-2.45,3.03,-0.04,-0.08,-0.00,
12:38:40:003,2.38,-2.45,3.03,-0.03,-0.10,-0.01,
12:38:40:003,2.38,-2.45,3.03,-0.03,-0.10,-0.01,
12:38:40:006,2.38,-2.45,3.03,-0.03,-0.07,-0.01,
12:38:40:006,2.09,-1.88,2.81,-0.03,-0.07,-0.01,
12:38:40:008,2.09,-1.88,2.81,-0.01,-0.02,-0.00,
12:38:40:009,2.09,-1.88,2.81,-0.01,-0.02,-0.00,
12:38:40:011,2.09,-1.88,2.81,-0.01,-0.02,0.01,
12:38:40:012,2.86,-1.40,3.58,-0.01,-0.02,0.01,
12:38:40:013,2.86,-1.40,3.58,-0.01,-0.04,0.02,
12:38:40:014,2.85,-1.40,3.58,-0.01,-0.04,0.02,
12:38:40:015,2.85,-1.40,3.58,-0.01,-0.06,0.02,
12:38:40:016,2.80,-2.15,3.23,-0.01,-0.06,0.02,
12:38:40:018,2.80,-2.15,3.23,-0.00,-0.09,0.02,
12:38:40:019,2.80,-2.15,3.23,-0.00,-0.09,0.02,
12:38:40:020,2.80,-2.15,3.23,0.01,-0.09,0.01,
12:38:40:021,2.35,-1.77,2.98,0.01,-0.09,0.01,
12:38:40:024,2.35,-1.77,2.98,0.01,-0.03,0.01,
12:38:40:024,2.35,-1.77,2.98,0.01,-0.03,0.01,
12:38:40:025,2.35,-1.77,2.98,0.02,0.02,0.00,
12:38:40:026,2.21,-1.18,3.12,0.02,0.02,0.00,
12:38:40:028,2.21,-1.18,3.12,0.02,0.04,0.00,
12:38:40:029,2.21,-1.18,3.12,0.02,0.04,0.00,
12:38:40:031,2.21,-1.18,3.12,0.02,0.03,0.01,
12:38:40:031,2.43,-0.61,4.17,0.02,0.03,0.01,
12:38:40:033,2.43,-0.61,4.17,0.01,-0.02,0.02,
12:38:40:035,2.43,-0.61,4.17,0.01,-0.02,0.02,
12:38:40:035,2.43,-0.61,4.17,-0.00,-0.11,0.04,
12:38:40:036,2.84,-1.77,3.87,-0.00,-0.11,0.04,
12:38:40:038,2.84,-1.77,3.87,-0.01,-0.20,0.05,
12:38:40:039,2.83,-1.77,3.87,-0.01,-0.20,0.05,
12:38:40:040,2.83,-1.77,3.87,-0.02,-0.25,0.06,
12:38:40:041,3.25,-2.51,2.83,-0.02,-0.25,0.06,
12:38:40:043,3.25,-2.51,2.83,-0.01,-0.23,0.06,
12:38:40:043,3.25,-2.51,2.83,-0.01,-0.23,0.06,
12:38:40:051,3.25,-2.51,2.83,0.01,-0.13,0.05,
12:38:40:052,2.99,-1.42,1.92,0.01,-0.13,0.05,
12:38:40:053,2.99,-1.42,1.92,0.02,0.03,0.03,
12:38:40:059,2.99,-1.42,1.92,0.02,0.03,0.03,
12:38:40:060,2.99,-1.42,1.92,0.02,0.16,0.00,
12:38:40:061,3.26,-0.83,3.47,0.02,0.16,0.00,
12:38:40:061,3.26,-0.83,3.47,0.02,0.17,-0.01,
12:38:40:061,3.26,-0.83,3.47,0.02,0.17,-0.01,
12:38:40:062,3.26,-0.83,3.47,0.02,0.05,-0.02,
12:38:40:062,2.98,-1.17,3.61,0.02,0.05,-0.02,
12:38:40:062,2.98,-1.17,3.61,0.03,-0.10,-0.01,
12:38:40:063,2.98,-1.17,3.61,0.03,-0.10,-0.01,
12:38:40:064,2.98,-1.17,3.61,0.02,-0.19,0.01,
12:38:40:064,2.69,-0.75,3.62,0.02,-0.19,0.01,
12:38:40:065,2.69,-0.75,3.62,0.01,-0.14,0.03,
12:38:40:066,2.69,-0.75,3.62,0.01,-0.14,0.03,
12:38:40:066,2.69,-0.75,3.62,0.02,-0.06,0.03,
12:38:40:067,2.23,-0.29,2.63,0.02,-0.06,0.03,
12:38:40:068,2.23,-0.29,2.63,0.02,-0.04,0.04,
12:38:40:069,2.22,-0.29,2.63,0.02,-0.04,0.04,
12:38:40:070,2.22,-0.29,2.63,0.01,-0.06,0.05,
12:38:40:071,3.30,-1.42,3.17,0.01,-0.06,0.05,
12:38:40:072,3.30,-1.42,3.17,-0.00,-0.10,0.04,
12:38:40:073,3.30,-1.42,3.17,-0.00,-0.10,0.04,
12:38:40:076,3.30,-1.42,3.17,-0.02,-0.10,0.03,
12:38:40:076,3.02,-2.05,2.85,-0.02,-0.10,0.03,
12:38:40:078,3.02,-2.05,2.85,-0.03,-0.04,0.01,
12:38:40:079,3.02,-2.05,2.85,-0.03,-0.04,0.01,
12:38:40:080,3.02,-2.05,2.85,-0.04,0.02,0.00,
12:38:40:081,2.90,-0.96,4.00,-0.04,0.02,0.00,
12:38:40:083,2.90,-0.96,4.00,-0.03,0.02,0.00,
12:38:40:084,2.90,-0.96,4.00,-0.03,0.02,0.00,
12:38:40:085,2.90,-0.96,4.00,-0.02,-0.04,0.01,
12:38:40:086,2.41,-1.81,3.59,-0.02,-0.04,0.01,
12:38:40:088,2.41,-1.81,3.59,0.01,-0.12,0.02,
12:38:40:089,2.41,-1.81,3.59,0.01,-0.12,0.02,
12:38:40:090,2.41,-1.81,3.59,0.03,-0.16,0.04,
12:38:40:091,2.09,-0.75,3.28,0.03,-0.16,0.04,
12:38:40:093,2.09,-0.75,3.28,0.05,-0.11,0.04,
12:38:40:094,2.09,-0.75,3.28,0.05,-0.11,0.04,
12:38:40:095,2.09,-0.75,3.28,0.06,-0.01,0.05,
12:38:40:096,2.02,-1.02,3.40,0.06,-0.01,0.05,
12:38:40:098,2.02,-1.02,3.40,0.05,0.04,0.04,
12:38:40:099,2.02,-1.03,3.40,0.05,0.04,0.04,
12:38:40:101,2.02,-1.03,3.40,0.04,-0.00,0.04,
12:38:40:101,2.74,-1.75,3.90,0.04,-0.00,0.04,
12:38:40:103,2.74,-1.75,3.90,0.04,-0.13,0.04,
12:38:40:104,2.74,-1.75,3.90,0.04,-0.13,0.04,
12:38:40:106,2.74,-1.75,3.90,0.03,-0.23,0.05,
12:38:40:106,3.04,-1.41,3.31,0.03,-0.23,0.05,
12:38:40:108,3.04,-1.41,3.31,0.03,-0.21,0.06,
12:38:40:108,3.04,-1.41,3.31,0.03,-0.21,0.06,
12:38:40:111,3.04,-1.41,3.31,0.02,-0.10,0.05,
12:38:40:112,2.05,-1.60,2.32,0.02,-0.10,0.05,
12:38:40:113,2.05,-1.60,2.32,0.03,-0.01,0.05,
12:38:40:114,2.05,-1.60,2.32,0.03,-0.01,0.05,
12:38:40:116,2.05,-1.60,2.32,0.05,0.00,0.04,
12:38:40:117,2.41,-0.80,2.67,0.05,0.00,0.04,
12:38:40:118,2.41,-0.80,2.67,0.04,-0.01,0.03,
12:38:40:119,2.41,-0.80,2.67,0.04,-0.01,0.03,
12:38:40:121,2.41,-0.80,2.67,0.03,-0.01,0.03,
12:38:40:122,2.45,-1.63,3.54,0.03,-0.01,0.03,
12:38:40:123,2.45,-1.63,3.54,0.02,-0.04,0.03,
12:38:40:124,2.45,-1.63,3.55,0.02,-0.04,0.03,
12:38:40:126,2.45,-1.63,3.55,0.01,-0.11,0.04,
12:38:40:126,2.55,-1.29,3.31,0.01,-0.11,0.04,
12:38:40:128,2.55,-1.29,3.31,0.02,-0.18,0.05,
12:38:40:129,2.55,-1.29,3.31,0.02,-0.18,0.05,
12:38:40:131,2.55,-1.29,3.31,0.02,-0.20,0.07,
12:38:40:131,2.78,-1.07,2.82,0.02,-0.20,0.07,
12:38:40:133,2.78,-1.07,2.82,0.03,-0.13,0.07,
12:38:40:134,2.78,-1.07,2.82,0.03,-0.13,0.07,
12:38:40:136,2.78,-1.07,2.82,0.03,-0.05,0.06,
12:38:40:137,3.09,-0.54,2.99,0.03,-0.05,0.06,
12:38:40:139,3.09,-0.54,2.99,0.04,-0.01,0.05,
12:38:40:140,3.09,-0.54,2.99,0.04,-0.01,0.05,
12:38:40:141,3.09,-0.54,2.99,0.04,-0.04,0.04,
12:38:40:142,3.13,-1.36,2.78,0.04,-0.04,0.04,
12:38:40:143,3.13,-1.36,2.78,0.03,-0.07,0.02,
12:38:40:143,3.13,-1.36,2.78,0.03,-0.07,0.02,
12:38:40:155,3.13,-1.36,2.78,0.01,-0.10,0.02,
12:38:40:156,3.44,-2.42,3.16,0.01,-0.10,0.02,
12:38:40:157,3.44,-2.42,3.16,0.00,-0.14,0.02,
12:38:40:158,3.44,-2.42,3.16,0.00,-0.14,0.02,
12:38:40:158,3.44,-2.42,3.16,0.01,-0.20,0.03,
12:38:40:159,3.94,-1.45,2.39,0.01,-0.20,0.03,
12:38:40:159,3.94,-1.45,2.39,0.02,-0.22,0.04,
12:38:40:160,3.94,-1.46,2.39,0.02,-0.22,0.04,
12:38:40:161,3.94,-1.46,2.39,0.01,-0.15,0.04,
12:38:40:161,4.51,-1.50,2.45,0.01,-0.15,0.04,
12:38:40:162,4.51,-1.50,2.45,0.01,-0.05,0.03,
12:38:40:162,4.51,-1.50,2.45,0.01,-0.05,0.03,
12:38:40:162,4.51,-1.50,2.45,0.02,0.05,0.01,
12:38:40:163,3.34,-1.88,1.99,0.02,0.05,0.01,
12:38:40:164,3.34,-1.88,1.99,0.02,0.12,-0.02,
12:38:40:165,3.34,-1.88,1.99,0.02,0.12,-0.02,
12:38:40:165,3.34,-1.88,1.99,0.02,0.11,-0.03,
12:38:40:166,3.49,-1.33,3.26,0.02,0.11,-0.03,
12:38:40:168,3.49,-1.33,3.26,0.01,0.01,-0.04,
12:38:40:169,3.49,-1.33,3.26,0.01,0.01,-0.04,
12:38:40:170,3.49,-1.33,3.26,0.01,-0.12,-0.02,
12:38:40:171,3.80,-1.22,3.61,0.01,-0.12,-0.02,
12:38:40:173,3.80,-1.22,3.61,0.01,-0.22,-0.00,
12:38:40:178,3.80,-1.22,3.61,0.01,-0.22,-0.00,
12:38:40:179,3.80,-1.22,3.61,0.01,-0.23,0.02,
12:38:40:179,3.20,-1.63,1.83,0.01,-0.23,0.02,
12:38:40:180,3.20,-1.63,1.83,0.02,-0.16,0.03,
12:38:40:181,3.20,-1.63,1.83,0.02,-0.16,0.03,
12:38:40:181,3.20,-1.63,1.83,0.02,-0.06,0.03,
12:38:40:182,3.17,-1.97,1.27,0.02,-0.06,0.03,
12:38:40:184,3.17,-1.97,1.27,0.02,0.01,0.01,
12:38:40:185,3.17,-1.97,1.27,0.02,0.01,0.01,
12:38:40:185,3.17,-1.97,1.27,0.01,0.07,-0.01,
12:38:40:186,3.27,-1.89,2.31,0.01,0.07,-0.01,
12:38:40:188,3.27,-1.89,2.31,-0.00,0.10,-0.04,
12:38:40:188,3.27,-1.89,2.31,-0.00,0.10,-0.04,
12:38:40:190,3.27,-1.89,2.31,-0.01,0.08,-0.06,
12:38:40:191,2.77,-1.52,3.04,-0.01,0.08,-0.06,
12:38:40:193,2.77,-1.52,3.04,-0.02,0.02,-0.05,
12:38:40:194,2.77,-1.52,3.04,-0.02,0.02,-0.05,
12:38:40:196,2.77,-1.52,3.04,-0.02,-0.08,-0.04,
12:38:40:197,2.44,-0.99,2.86,-0.02,-0.08,-0.04,
12:38:40:198,2.44,-0.99,2.86,-0.01,-0.15,-0.01,
12:38:40:199,2.44,-0.99,2.86,-0.01,-0.15,-0.01,
12:38:40:201,2.44,-0.99,2.86,-0.01,-0.16,0.02,
12:38:40:201,2.68,-1.06,2.53,-0.01,-0.16,0.02,
12:38:40:203,2.68,-1.06,2.53,-0.02,-0.11,0.03,
12:38:40:203,2.68,-1.06,2.53,-0.02,-0.11,0.03,
12:38:40:206,2.68,-1.06,2.53,-0.02,-0.09,0.03,
12:38:40:206,3.63,-0.88,2.59,-0.02,-0.09,0.03,
12:38:40:208,3.63,-0.88,2.59,-0.02,-0.05,0.02,
12:38:40:208,3.63,-0.88,2.59,-0.02,-0.05,0.02,
12:38:40:212,3.63,-0.88,2.59,-0.04,0.03,-0.01,
12:38:40:213,3.16,-1.71,2.79,-0.04,0.03,-0.01,
12:38:40:214,3.16,-1.71,2.79,-0.04,0.08,-0.04,
12:38:40:216,3.16,-1.71,2.79,-0.04,0.08,-0.04,
12:38:40:219,3.16,-1.71,2.79,-0.05,0.05,-0.05,
12:38:40:220,3.19,-1.85,3.69,-0.05,0.05,-0.05,
12:38:40:221,3.19,-1.85,3.69,-0.05,-0.05,-0.04,
12:38:40:221,3.19,-1.85,3.69,-0.05,-0.05,-0.04,
12:38:40:222,3.19,-1.85,3.69,-0.04,-0.14,-0.03,
12:38:40:222,3.35,-0.49,3.79,-0.04,-0.14,-0.03,
12:38:40:223,3.35,-0.49,3.79,-0.03,-0.13,-0.01,
12:38:40:224,3.35,-0.49,3.79,-0.03,-0.13,-0.01,
12:38:40:225,3.35,-0.49,3.79,-0.02,-0.06,0.01,
12:38:40:226,3.04,-0.74,3.36,-0.02,-0.06,0.01,
12:38:40:228,3.04,-0.74,3.36,-0.01,-0.05,0.01,
12:38:40:229,3.04,-0.74,3.36,-0.01,-0.05,0.01,
12:38:40:231,3.04,-0.74,3.36,0.01,-0.08,0.02,
12:38:40:233,3.54,-0.87,3.04,0.01,-0.08,0.02,
12:38:40:234,3.54,-0.87,3.04,0.02,-0.09,0.01,
12:38:40:236,3.54,-0.87,3.04,0.02,-0.09,0.01,
12:38:40:237,3.54,-0.87,3.04,0.02,-0.03,-0.00,
12:38:40:238,3.54,-0.66,3.26,0.02,-0.03,-0.00,
12:38:40:239,3.54,-0.66,3.26,0.01,0.05,-0.02,
12:38:40:241,3.54,-0.66,3.26,0.01,0.05,-0.02,
12:38:40:242,3.54,-0.66,3.26,0.01,0.06,-0.03,
12:38:40:243,3.47,-0.62,4.00,0.01,0.06,-0.03,
12:38:40:245,3.47,-0.62,4.00,0.00,-0.02,-0.03,
12:38:40:246,3.47,-0.62,4.00,0.00,-0.02,-0.03,
12:38:40:248,3.47,-0.62,4.00,0.00,-0.14,-0.02,
12:38:40:249,3.11,-2.04,2.85,0.00,-0.14,-0.02,
12:38:40:250,3.11,-2.04,2.85,-0.00,-0.21,-0.01,
12:38:40:251,3.10,-2.04,2.85,-0.00,-0.21,-0.01,
12:38:40:252,3.10,-2.04,2.85,-0.02,-0.19,0.01,
12:38:40:252,3.58,-2.17,2.67,-0.02,-0.19,0.01,
12:38:40:260,3.58,-2.17,2.67,-0.02,-0.12,0.01,
12:38:40:261,3.58,-2.17,2.67,-0.02,-0.12,0.01,
12:38:40:261,3.58,-2.17,2.67,-0.02,-0.02,0.00,
12:38:40:262,3.58,-1.43,2.41,-0.02,-0.02,0.00,
12:38:40:262,3.58,-1.43,2.41,-0.01,0.06,-0.01,
12:38:40:262,3.58,-1.42,2.41,-0.01,0.06,-0.01,
12:38:40:263,3.58,-1.42,2.41,-0.01,0.07,-0.03,
12:38:40:264,3.84,-1.27,3.16,-0.01,0.07,-0.03,
12:38:40:265,3.84,-1.27,3.16,-0.00,0.02,-0.04,
12:38:40:266,3.84,-1.27,3.16,-0.00,0.02,-0.04,
12:38:40:267,3.84,-1.27,3.16,-0.00,-0.03,-0.04,
12:38:40:268,3.39,-1.42,3.67,-0.00,-0.03,-0.04,
12:38:40:269,3.39,-1.42,3.67,0.00,-0.03,-0.04,
12:38:40:270,3.39,-1.42,3.67,0.00,-0.03,-0.04,
12:38:40:270,3.39,-1.42,3.67,0.01,-0.01,-0.03,
12:38:40:271,2.32,-1.03,3.11,0.01,-0.01,-0.03,
12:38:40:273,2.32,-1.03,3.11,0.01,0.01,-0.03,
12:38:40:273,2.32,-1.03,3.11,0.01,0.01,-0.03,
12:38:40:275,2.32,-1.03,3.11,0.01,0.04,-0.01,
12:38:40:276,2.56,-0.01,4.48,0.01,0.04,-0.01,
12:38:40:278,2.56,-0.01,4.48,0.01,0.04,-0.00,
12:38:40:278,2.56,-0.01,4.48,0.01,0.04,-0.00,
12:38:40:280,2.56,-0.01,4.48,0.01,-0.02,0.00,
12:38:40:281,2.75,-0.63,4.28,0.01,-0.02,0.00,
12:38:40:283,2.75,-0.63,4.28,0.01,-0.12,0.01,
12:38:40:283,2.75,-0.63,4.28,0.01,-0.12,0.01,
12:38:40:285,2.75,-0.63,4.28,0.01,-0.19,0.03,
12:38:40:286,3.16,-0.70,4.02,0.01,-0.19,0.03,
12:38:40:289,3.16,-0.70,4.02,0.02,-0.18,0.03,
12:38:40:290,3.16,-0.70,4.02,0.02,-0.18,0.03,
12:38:40:290,3.16,-0.70,4.02,0.03,-0.09,0.02,
12:38:40:291,3.01,0.01,3.57,0.03,-0.09,0.02,
12:38:40:293,3.01,0.01,3.57,0.03,0.03,0.01,
12:38:40:293,3.01,0.00,3.57,0.03,0.03,0.01,
12:38:40:295,3.01,0.00,3.57,0.04,0.09,0.00,
12:38:40:296,3.42,0.06,4.42,0.04,0.09,0.00,
12:38:40:298,3.42,0.06,4.42,0.03,0.04,-0.01,
12:38:40:304,3.42,0.06,4.42,0.03,0.04,-0.01,
12:38:40:305,3.42,0.06,4.42,0.04,-0.05,-0.01,
12:38:40:306,2.91,-0.81,4.51,0.04,-0.05,-0.01,
12:38:40:307,2.91,-0.81,4.51,0.04,-0.10,-0.01,
12:38:40:308,2.91,-0.81,4.51,0.04,-0.10,-0.01,
12:38:40:309,2.91,-0.81,4.51,0.04,-0.11,0.00,
12:38:40:310,2.46,-0.38,4.17,0.04,-0.11,0.00,
12:38:40:311,2.46,-0.38,4.17,0.05,-0.09,0.02,
12:38:40:312,2.46,-0.38,4.18,0.05,-0.09,0.02,
12:38:40:313,2.46,-0.38,4.18,0.06,-0.10,0.03,
12:38:40:314,3.41,0.60,4.29,0.06,-0.10,0.03,
12:38:40:315,3.41,0.60,4.29,0.08,-0.11,0.05,
12:38:40:316,3.41,0.60,4.29,0.08,-0.11,0.05,
12:38:40:317,3.41,0.60,4.29,0.08,-0.11,0.04,
12:38:40:318,2.93,-0.83,2.73,0.08,-0.11,0.04,
12:38:40:319,2.93,-0.83,2.73,0.08,-0.09,0.04,
12:38:40:319,2.93,-0.83,2.74,0.08,-0.09,0.04,
12:38:40:322,2.93,-0.83,2.74,0.08,-0.05,0.03,
12:38:40:323,3.10,-0.24,2.85,0.08,-0.05,0.03,
12:38:40:324,3.10,-0.24,2.85,0.08,-0.01,0.02,
12:38:40:325,3.10,-0.24,2.85,0.08,-0.01,0.02,
12:38:40:326,3.10,-0.24,2.85,0.07,0.03,0.01,
12:38:40:327,2.78,-0.27,3.18,0.07,0.03,0.01,
12:38:40:328,2.78,-0.27,3.18,0.06,-0.00,0.00,
12:38:40:329,2.78,-0.27,3.18,0.06,-0.00,0.00,
12:38:40:331,2.78,-0.27,3.18,0.06,-0.10,0.02,
12:38:40:332,2.97,-1.05,2.69,0.06,-0.10,0.02,
12:38:40:334,2.97,-1.05,2.69,0.06,-0.22,0.04,
12:38:40:335,2.97,-1.05,2.69,0.06,-0.22,0.04,
12:38:40:335,2.97,-1.05,2.69,0.05,-0.25,0.06,
12:38:40:336,3.08,-1.70,2.01,0.05,-0.25,0.06,
12:38:40:338,3.08,-1.70,2.01,0.03,-0.15,0.06,
12:38:40:338,3.07,-1.70,2.01,0.03,-0.15,0.06,
12:38:40:341,3.07,-1.70,2.01,0.03,0.01,0.05,
12:38:40:341,2.77,-0.42,2.08,0.03,0.01,0.05,
12:38:40:343,2.77,-0.42,2.08,0.02,0.12,0.03,
12:38:40:343,2.77,-0.43,2.08,0.02,0.12,0.03,
12:38:40:349,2.77,-0.43,2.08,0.02,0.13,0.02,
12:38:40:350,2.79,-0.07,3.74,0.02,0.13,0.02,
12:38:40:350,2.79,-0.07,3.74,0.01,0.09,0.01,
12:38:40:351,2.79,-0.07,3.74,0.01,0.09,0.01,
12:38:40:351,2.79,-0.07,3.74,-0.01,0.01,0.00,
12:38:40:352,2.35,-0.82,4.78,-0.01,0.01,0.00,
12:38:40:353,2.35,-0.82,4.78,-0.01,-0.06,0.01,
12:38:40:353,2.35,-0.82,4.78,-0.01,-0.06,0.01,
12:38:40:356,2.35,-0.82,4.78,-0.01,-0.15,0.03,
12:38:40:357,1.95,-0.79,4.26,-0.01,-0.15,0.03,
12:38:40:358,1.95,-0.79,4.26,0.01,-0.23,0.05,
12:38:40:358,1.95,-0.79,4.26,0.01,-0.23,0.05,
12:38:40:362,1.95,-0.79,4.26,0.02,-0.25,0.09,
12:38:40:362,3.11,-0.59,4.30,0.02,-0.25,0.09,
12:38:40:363,3.11,-0.59,4.30,0.03,-0.16,0.10,
12:38:40:363,3.10,-0.59,4.30,0.03,-0.16,0.10,
12:38:40:366,3.10,-0.59,4.30,0.04,-0.03,0.08,
12:38:40:366,3.29,-0.36,3.82,0.04,-0.03,0.08,
12:38:40:368,3.29,-0.36,3.82,0.06,0.03,0.06,
12:38:40:368,3.29,-0.36,3.82,0.06,0.03,0.06,
12:38:40:370,3.29,-0.36,3.82,0.08,0.02,0.04,
12:38:40:371,3.15,-0.56,4.26,0.08,0.02,0.04,
12:38:40:373,3.15,-0.56,4.26,0.09,-0.02,0.02,
12:38:40:373,3.15,-0.57,4.26,0.09,-0.02,0.02,
12:38:40:375,3.15,-0.57,4.26,0.10,-0.05,0.01,
12:38:40:376,2.32,-0.35,3.75,0.10,-0.05,0.01,
12:38:40:378,2.32,-0.35,3.75,0.12,-0.09,0.02,
12:38:40:380,2.32,-0.35,3.75,0.12,-0.09,0.02,
12:38:40:381,2.32,-0.35,3.75,0.13,-0.15,0.04,
12:38:40:381,2.58,0.25,2.99,0.13,-0.15,0.04,
12:38:40:383,2.58,0.25,2.99,0.14,-0.21,0.07,
12:38:40:384,2.58,0.25,2.99,0.14,-0.21,0.07,
12:38:40:385,2.58,0.25,2.99,0.13,-0.22,0.10,
12:38:40:386,3.10,-0.68,1.92,0.13,-0.22,0.10,
12:38:40:388,3.10,-0.68,1.92,0.11,-0.15,0.10,
12:38:40:388,3.10,-0.68,1.92,0.11,-0.15,0.10,
12:38:40:390,3.10,-0.68,1.92,0.08,-0.07,0.09,
12:38:40:391,2.84,-1.80,1.10,0.08,-0.07,0.09,
12:38:40:393,2.84,-1.80,1.10,0.06,-0.04,0.07,
12:38:40:394,2.84,-1.80,1.11,0.06,-0.04,0.07,
12:38:40:396,2.84,-1.80,1.11,0.04,-0.04,0.05,
12:38:40:397,3.78,-0.75,2.28,0.04,-0.04,0.05,
12:38:40:398,3.78,-0.75,2.28,0.02,-0.04,0.03,
12:38:40:399,3.77,-0.75,2.28,0.02,-0.04,0.03,
12:38:40:401,3.77,-0.75,2.28,0.02,-0.02,0.02,
12:38:40:402,2.74,-0.48,1.91,0.02,-0.02,0.02,
12:38:40:403,2.74,-0.48,1.91,0.02,-0.03,0.01,
12:38:40:403,2.74,-0.48,1.91,0.02,-0.03,0.01,
12:38:40:405,2.74,-0.48,1.91,0.01,-0.07,0.03,
12:38:40:406,2.86,-0.34,2.22,0.01,-0.07,0.03,
12:38:40:408,2.86,-0.34,2.22,0.02,-0.11,0.05,
12:38:40:409,2.86,-0.34,2.22,0.02,-0.11,0.05,
12:38:40:411,2.86,-0.34,2.22,0.02,-0.10,0.06,
12:38:40:412,2.68,-0.17,2.03,0.02,-0.10,0.06,
12:38:40:413,2.68,-0.17,2.03,0.01,-0.08,0.06,
12:38:40:414,2.68,-0.17,2.03,0.01,-0.08,0.06,
12:38:40:415,2.68,-0.17,2.03,-0.00,-0.09,0.06,
12:38:40:416,3.83,-0.94,2.63,-0.00,-0.09,0.06,
12:38:40:418,3.83,-0.94,2.63,-0.02,-0.11,0.05,
12:38:40:418,3.83,-0.94,2.63,-0.02,-0.11,0.05,
12:38:40:420,3.83,-0.94,2.63,-0.02,-0.10,0.04,
12:38:40:421,3.48,-1.60,2.19,-0.02,-0.10,0.04,
12:38:40:423,3.48,-1.60,2.19,-0.03,-0.06,0.02,
12:38:40:430,3.47,-1.60,2.19,-0.03,-0.06,0.02,
12:38:40:431,3.47,-1.60,2.19,-0.03,-0.01,0.00,
12:38:40:432,3.83,-0.78,3.20,-0.03,-0.01,0.00,
12:38:40:433,3.83,-0.78,3.20,-0.03,-0.01,-0.00,
12:38:40:434,3.83,-0.78,3.20,-0.03,-0.01,-0.00,
12:38:40:434,3.83,-0.78,3.20,-0.03,-0.05,-0.00,
12:38:40:434,4.03,-0.85,3.58,-0.03,-0.05,-0.00,
12:38:40:435,4.03,-0.85,3.58,-0.02,-0.08,0.00,
12:38:40:435,4.03,-0.85,3.58,-0.02,-0.08,0.00,
12:38:40:436,4.03,-0.85,3.58,-0.02,-0.08,-0.00,
12:38:40:436,3.71,-1.77,3.39,-0.02,-0.08,-0.00,
12:38:40:438,3.71,-1.77,3.39,-0.02,-0.07,-0.00,
12:38:40:438,3.71,-1.77,3.39,-0.02,-0.07,-0.00,
12:38:40:440,3.71,-1.77,3.39,-0.01,-0.06,-0.00,
12:38:40:441,3.90,-1.34,3.47,-0.01,-0.06,-0.00,
12:38:40:443,3.90,-1.34,3.47,0.01,-0.05,-0.01,
12:38:40:444,3.90,-1.34,3.47,0.01,-0.05,-0.01,
12:38:40:452,3.90,-1.34,3.47,0.03,-0.03,-0.03,
12:38:40:453,3.34,-0.82,3.17,0.03,-0.03,-0.03,
12:38:40:454,3.34,-0.82,3.17,0.04,0.03,-0.03,
12:38:40:454,3.34,-0.82,3.17,0.04,0.03,-0.03,
12:38:40:455,3.34,-0.82,3.17,0.05,0.05,-0.04,
12:38:40:455,3.52,-0.17,3.89,0.05,0.05,-0.04,
12:38:40:456,3.52,-0.17,3.89,0.05,0.03,-0.04,
12:38:40:456,3.52,-0.17,3.89,0.05,0.03,-0.04,
12:38:40:457,3.52,-0.17,3.89,0.05,0.01,-0.04,
12:38:40:457,2.61,-0.48,3.50,0.05,0.01,-0.04,
12:38:40:459,2.61,-0.48,3.50,0.05,-0.05,-0.03,
12:38:40:460,2.61,-0.48,3.50,0.05,-0.05,-0.03,
12:38:40:460,2.61,-0.48,3.50,0.05,-0.15,-0.01,
12:38:40:461,3.19,-0.96,2.70,0.05,-0.15,-0.01,
12:38:40:464,3.19,-0.96,2.70,0.04,-0.20,0.01,
12:38:40:464,3.19,-0.96,2.70,0.04,-0.20,0.01,
12:38:40:466,3.19,-0.96,2.70,0.03,-0.13,0.01,
12:38:40:467,3.18,-0.30,2.04,0.03,-0.13,0.01,
12:38:40:468,3.18,-0.30,2.04,0.03,-0.03,-0.00,
12:38:40:468,3.18,-0.30,2.05,0.03,-0.03,-0.00,
12:38:40:470,3.18,-0.30,2.05,0.02,0.00,-0.01,
12:38:40:471,3.93,-0.71,2.03,0.02,0.00,-0.01,
12:38:40:473,3.93,-0.71,2.03,0.00,-0.02,-0.02,
12:38:40:473,3.93,-0.71,2.03,0.00,-0.02,-0.02,
12:38:40:476,3.93,-0.71,2.03,-0.02,-0.03,-0.03,
12:38:40:477,3.52,-2.03,2.13,-0.02,-0.03,-0.03,
12:38:40:479,3.52,-2.03,2.13,-0.03,0.01,-0.05,
12:38:40:480,3.52,-2.03,2.13,-0.03,0.01,-0.05,
12:38:40:480,3.52,-2.03,2.13,-0.04,0.08,-0.06,
12:38:40:481,2.54,-0.63,2.43,-0.04,0.08,-0.06,
12:38:40:483,2.54,-0.63,2.43,-0.04,0.08,-0.06,
12:38:40:483,2.54,-0.63,2.42,-0.04,0.08,-0.06,
12:38:40:485,2.54,-0.63,2.42,-0.05,0.01,-0.04,
12:38:40:486,3.78,-0.11,4.32,-0.05,0.01,-0.04,
12:38:40:488,3.78,-0.11,4.32,-0.05,-0.11,-0.01,
12:38:40:488,3.78,-0.11,4.32,-0.05,-0.11,-0.01,
12:38:40:490,3.78,-0.11,4.32,-0.04,-0.20,-0.00,
12:38:40:491,3.09,-1.98,2.24,-0.04,-0.20,-0.00,
12:38:40:493,3.09,-1.98,2.24,-0.03,-0.20,0.01,
12:38:40:494,3.09,-1.98,2.24,-0.03,-0.20,0.01,
12:38:40:496,3.09,-1.98,2.24,-0.02,-0.11,0.00,
12:38:40:497,3.66,-0.84,2.64,-0.02,-0.11,0.00,
12:38:40:498,3.66,-0.84,2.64,-0.02,0.01,-0.02,
12:38:40:499,3.66,-0.84,2.63,-0.02,0.01,-0.02,
12:38:40:500,3.66,-0.84,2.63,-0.01,0.10,-0.04,
12:38:40:502,4.22,-0.25,3.28,-0.01,0.10,-0.04,
12:38:40:503,4.22,-0.25,3.28,-0.00,0.09,-0.06,
12:38:40:503,4.22,-0.24,3.28,-0.00,0.09,-0.06,
12:38:40:505,4.22,-0.24,3.28,-0.00,-0.00,-0.06,
12:38:40:506,4.52,-1.29,3.64,-0.00,-0.00,-0.06,
12:38:40:508,4.52,-1.29,3.64,-0.00,-0.10,-0.06,
12:38:40:509,4.52,-1.29,3.64,-0.00,-0.10,-0.06,
12:38:40:511,4.52,-1.29,3.64,-0.01,-0.13,-0.05,
12:38:40:512,3.66,-1.28,2.89,-0.01,-0.13,-0.05,
12:38:40:513,3.66,-1.28,2.89,-0.01,-0.04,-0.05,
12:38:40:514,3.66,-1.28,2.89,-0.01,-0.04,-0.05,
12:38:40:515,3.66,-1.28,2.89,0.00,0.07,-0.06,
12:38:40:516,3.23,-0.31,3.03,0.00,0.07,-0.06,
12:38:40:518,3.23,-0.31,3.03,0.00,0.11,-0.07,
12:38:40:519,3.23,-0.31,3.03,0.00,0.11,-0.07,
12:38:40:520,3.23,-0.31,3.03,-0.00,0.07,-0.07,
12:38:40:521,3.77,-0.84,4.01,-0.00,0.07,-0.07,
12:38:40:523,3.77,-0.84,4.01,-0.00,-0.00,-0.07,
12:38:40:523,3.77,-0.84,4.01,-0.00,-0.00,-0.07,
12:38:40:526,3.77,-0.84,4.01,-0.00,-0.05,-0.06,
12:38:40:526,3.43,-0.91,3.78,-0.00,-0.05,-0.06,
12:38:40:528,3.43,-0.91,3.78,-0.00,-0.06,-0.05,
12:38:40:529,3.43,-0.91,3.78,-0.00,-0.06,-0.05,
12:38:40:531,3.43,-0.91,3.78,0.00,-0.03,-0.05,
12:38:40:532,3.46,-0.27,4.00,0.00,-0.03,-0.05,
12:38:40:533,3.46,-0.27,4.00,0.01,-0.02,-0.04,
12:38:40:534,3.46,-0.27,4.00,0.01,-0.02,-0.04,
12:38:40:535,3.46,-0.27,4.00,0.03,-0.05,-0.04,
12:38:40:536,3.27,-0.46,2.95,0.03,-0.05,-0.04,
12:38:40:538,3.27,-0.46,2.95,0.04,-0.04,-0.05,
12:38:40:539,3.27,-0.46,2.95,0.04,-0.04,-0.05,
12:38:40:540,3.27,-0.46,2.95,0.04,0.04,-0.06,
12:38:40:541,2.85,-0.57,3.29,0.04,0.04,-0.06,
12:38:40:543,2.85,-0.57,3.29,0.04,0.12,-0.07,
12:38:40:544,2.85,-0.57,3.29,0.04,0.12,-0.07,
12:38:40:551,2.85,-0.57,3.29,0.04,0.14,-0.08,
12:38:40:552,2.21,0.67,3.77,0.04,0.14,-0.08,
12:38:40:553,2.21,0.67,3.77,0.05,0.12,-0.07,
12:38:40:560,2.21,0.67,3.77,0.05,0.12,-0.07,
12:38:40:561,2.21,0.67,3.77,0.04,0.03,-0.06,
12:38:40:561,2.12,0.15,4.13,0.04,0.03,-0.06,
12:38:40:562,2.12,0.15,4.13,0.03,-0.08,-0.03,
12:38:40:562,2.12,0.15,4.13,0.03,-0.08,-0.03,
12:38:40:562,2.12,0.15,4.13,0.03,-0.18,-0.01,
12:38:40:563,2.77,0.21,3.38,0.03,-0.18,-0.01,
12:38:40:564,2.77,0.21,3.38,0.02,-0.22,0.01,
12:38:40:565,2.77,0.21,3.38,0.02,-0.22,0.01,
12:38:40:566,2.77,0.21,3.38,0.02,-0.18,0.02,
12:38:40:567,3.32,-0.38,2.57,0.02,-0.18,0.02,
12:38:40:567,3.32,-0.38,2.57,0.01,-0.06,0.01,
12:38:40:567,3.32,-0.38,2.57,0.01,-0.06,0.01,
12:38:40:568,3.32,-0.38,2.57,-0.00,0.09,-0.01,
12:38:40:568,3.34,-0.99,3.16,-0.00,0.09,-0.01,
12:38:40:568,3.34,-0.99,3.16,-0.02,0.16,-0.04,
12:38:40:569,3.35,-0.99,3.16,-0.02,0.16,-0.04,
12:38:40:570,3.35,-0.99,3.16,-0.03,0.13,-0.07,
12:38:40:571,3.42,-0.81,4.22,-0.03,0.13,-0.07,
12:38:40:573,3.42,-0.81,4.22,-0.02,0.02,-0.07,
12:38:40:574,3.42,-0.81,4.22,-0.02,0.02,-0.07,
12:38:40:575,3.42,-0.81,4.22,-0.00,-0.09,-0.06,
12:38:40:576,3.16,-0.96,4.43,-0.00,-0.09,-0.06,
12:38:40:578,3.16,-0.96,4.43,0.01,-0.16,-0.04,
12:38:40:579,3.16,-0.96,4.43,0.01,-0.16,-0.04,
12:38:40:580,3.16,-0.96,4.43,0.04,-0.16,-0.01,
12:38:40:581,2.94,0.50,3.10,0.04,-0.16,-0.01,
12:38:40:583,2.94,0.50,3.10,0.08,-0.10,0.00,
12:38:40:583,2.94,0.49,3.11,0.08,-0.10,0.00,
12:38:40:585,2.94,0.49,3.11,0.10,0.01,0.01,
12:38:40:586,2.98,0.00,2.56,0.10,0.01,0.01,
12:38:40:588,2.98,0.00,2.56,0.10,0.08,0.00,
12:38:40:588,2.98,0.00,2.57,0.10,0.08,0.00,
12:38:40:590,2.98,0.00,2.57,0.08,0.08,-0.01,
12:38:40:591,4.07,-0.01,3.79,0.08,0.08,-0.01,
12:38:40:593,4.07,-0.01,3.79,0.07,0.03,-0.04,
12:38:40:594,4.07,-0.01,3.80,0.07,0.03,-0.04,
12:38:40:596,4.07,-0.01,3.80,0.05,-0.01,-0.05,
12:38:40:597,2.69,-1.58,2.88,0.05,-0.01,-0.05,
12:38:40:598,2.69,-1.58,2.88,0.04,-0.04,-0.05,
12:38:40:600,2.69,-1.58,2.89,0.04,-0.04,-0.05,
12:38:40:601,2.69,-1.58,2.89,0.03,-0.08,-0.04,
12:38:40:601,2.84,-0.91,2.82,0.03,-0.08,-0.04,
12:38:40:603,2.84,-0.91,2.82,0.03,-0.12,-0.02,
12:38:40:603,2.84,-0.91,2.82,0.03,-0.12,-0.02,
12:38:40:605,2.84,-0.91,2.82,0.04,-0.10,-0.00,
12:38:40:606,2.97,0.22,2.31,0.04,-0.10,-0.00,
12:38:40:608,2.97,0.22,2.31,0.04,-0.03,0.00,
12:38:40:609,2.97,0.22,2.31,0.04,-0.03,0.00,
12:38:40:611,2.97,0.22,2.31,0.03,0.08,-0.00,
12:38:40:612,2.77,-0.83,3.04,0.03,0.08,-0.00,
12:38:40:613,2.77,-0.83,3.04,0.02,0.13,-0.02,
12:38:40:614,2.77,-0.83,3.04,0.02,0.13,-0.02,
12:38:40:615,2.77,-0.83,3.04,0.01,0.08,-0.03,
12:38:40:616,2.89,-0.54,3.71,0.01,0.08,-0.03,
12:38:40:618,2.89,-0.54,3.71,0.01,0.02,-0.04,
12:38:40:619,2.90,-0.54,3.71,0.01,0.02,-0.04,
12:38:40:620,2.90,-0.54,3.71,0.01,-0.01,-0.04,
12:38:40:621,2.34,-0.46,4.10,0.01,-0.01,-0.04,
12:38:40:623,2.34,-0.46,4.10,0.00,-0.06,-0.03,
12:38:40:624,2.34,-0.46,4.10,0.00,-0.06,-0.03,
12:38:40:626,2.34,-0.46,4.10,0.01,-0.13,-0.01,
12:38:40:627,2.95,-0.37,3.91,0.01,-0.13,-0.01,
12:38:40:628,2.95,-0.37,3.91,0.03,-0.14,0.01,
12:38:40:629,2.95,-0.37,3.91,0.03,-0.14,0.01,
12:38:40:632,2.95,-0.37,3.91,0.04,-0.07,0.02,
12:38:40:634,1.95,-0.72,2.50,0.04,-0.07,0.02,
12:38:40:636,1.95,-0.72,2.50,0.04,0.05,0.02,
12:38:40:637,1.95,-0.72,2.50,0.04,0.05,0.02,
12:38:40:638,1.95,-0.72,2.50,0.04,0.09,0.01,
12:38:40:639,3.43,0.57,4.34,0.04,0.09,0.01,
12:38:40:640,3.43,0.57,4.34,0.05,0.07,-0.01,
12:38:40:641,3.43,0.57,4.34,0.05,0.07,-0.01,
12:38:40:642,3.43,0.57,4.34,0.05,0.03,-0.02,
12:38:40:643,2.32,-0.53,3.58,0.05,0.03,-0.02,
12:38:40:644,2.32,-0.53,3.58,0.05,-0.04,-0.03,
12:38:40:645,2.32,-0.53,3.58,0.05,-0.04,-0.03,
12:38:40:646,2.32,-0.53,3.58,0.03,-0.11,-0.01,
12:38:40:647,3.20,-0.61,4.25,0.03,-0.11,-0.01,
12:38:40:652,3.20,-0.61,4.25,0.03,-0.14,0.01,
12:38:40:653,3.20,-0.61,4.25,0.03,-0.14,0.01,
12:38:40:653,3.20,-0.61,4.25,0.04,-0.14,0.02,
12:38:40:654,2.49,-0.79,2.18,0.04,-0.14,0.02,
12:38:40:654,2.49,-0.79,2.18,0.05,-0.09,0.02,
12:38:40:654,2.48,-0.79,2.18,0.05,-0.09,0.02,
12:38:40:656,2.48,-0.79,2.18,0.04,0.01,0.02,
12:38:40:657,3.32,0.14,3.47,0.04,0.01,0.02,
12:38:40:658,3.32,0.14,3.47,0.04,0.08,0.01,
12:38:40:659,3.32,0.14,3.47,0.04,0.08,0.01,
12:38:40:662,3.32,0.14,3.47,0.03,0.10,-0.02,
12:38:40:663,2.76,-0.46,3.66,0.03,0.10,-0.02,
12:38:40:664,2.76,-0.46,3.66,0.03,0.08,-0.03,
12:38:40:664,2.76,-0.46,3.67,0.03,0.08,-0.03,
12:38:40:665,2.76,-0.46,3.67,0.02,0.05,-0.04,
12:38:40:666,1.77,-0.94,3.63,0.02,0.05,-0.04,
12:38:40:668,1.77,-0.94,3.63,0.02,-0.03,-0.03,
12:38:40:668,1.77,-0.94,3.63,0.02,-0.03,-0.03,
12:38:40:670,1.77,-0.94,3.63,0.02,-0.14,0.00,
12:38:40:671,2.87,-0.06,4.55,0.02,-0.14,0.00,
12:38:40:673,2.87,-0.06,4.55,0.03,-0.21,0.03,
12:38:40:679,2.87,-0.06,4.55,0.03,-0.21,0.03,
12:38:40:680,2.87,-0.06,4.55,0.06,-0.20,0.05,
12:38:40:681,2.14,-0.82,1.72,0.06,-0.20,0.05,
12:38:40:683,2.14,-0.82,1.72,0.06,-0.11,0.05,
12:38:40:683,2.14,-0.82,1.72,0.06,-0.11,0.05,
12:38:40:683,2.14,-0.82,1.72,0.06,0.00,0.05,
12:38:40:684,4.05,0.47,3.59,0.06,0.00,0.05,
12:38:40:684,4.05,0.47,3.59,0.05,0.07,0.03,
12:38:40:684,4.05,0.47,3.59,0.05,0.07,0.03,
12:38:40:686,4.05,0.47,3.59,0.04,0.11,-0.00,
12:38:40:686,2.56,-1.46,2.73,0.04,0.11,-0.00,
12:38:40:688,2.56,-1.46,2.73,0.03,0.11,-0.03,
12:38:40:688,2.56,-1.46,2.73,0.03,0.11,-0.03,
12:38:40:691,2.56,-1.46,2.73,0.02,0.09,-0.04,
12:38:40:691,2.31,-0.02,4.35,0.02,0.09,-0.04,
12:38:40:693,2.31,-0.02,4.35,0.01,0.00,-0.03,
12:38:40:693,2.31,-0.02,4.36,0.01,0.00,-0.03,
12:38:40:697,2.31,-0.02,4.36,0.02,-0.11,-0.01,
12:38:40:699,1.94,-0.43,3.55,0.02,-0.11,-0.01,
12:38:40:700,1.94,-0.43,3.55,0.03,-0.17,0.02,
12:38:40:702,1.94,-0.43,3.55,0.03,-0.17,0.02,
12:38:40:703,1.94,-0.43,3.55,0.03,-0.15,0.04,
12:38:40:703,2.56,-0.33,3.28,0.03,-0.15,0.04,
12:38:40:704,2.56,-0.33,3.28,0.03,-0.12,0.06,
12:38:40:704,2.56,-0.33,3.28,0.03,-0.12,0.06,
12:38:40:706,2.56,-0.33,3.28,0.02,-0.10,0.06,
12:38:40:706,3.98,-0.37,3.65,0.02,-0.10,0.06,
12:38:40:708,3.98,-0.37,3.65,0.02,-0.04,0.04,
12:38:40:708,3.97,-0.37,3.65,0.02,-0.04,0.04,
12:38:40:711,3.97,-0.37,3.65,0.02,0.03,0.01,
12:38:40:712,3.24,-1.03,2.99,0.02,0.03,0.01,
12:38:40:713,3.24,-1.03,2.99,0.02,0.08,-0.03,
12:38:40:713,3.24,-1.03,3.00,0.02,0.08,-0.03,
12:38:40:715,3.24,-1.03,3.00,0.02,0.05,-0.05,
12:38:40:716,3.73,-0.18,4.62,0.02,0.05,-0.05,
12:38:40:718,3.73,-0.18,4.62,0.03,-0.00,-0.05,
12:38:40:719,3.73,-0.18,4.62,0.03,-0.00,-0.05,
12:38:40:720,3.73,-0.18,4.62,0.05,-0.01,-0.05,
12:38:40:721,1.80,-0.48,3.45,0.05,-0.01,-0.05,
12:38:40:723,1.80,-0.48,3.45,0.06,0.01,-0.03,
12:38:40:723,1.80,-0.48,3.45,0.06,0.01,-0.03,
12:38:40:726,1.80,-0.48,3.45,0.06,-0.01,-0.01,
12:38:40:727,3.01,1.10,4.57,0.06,-0.01,-0.01,
12:38:40:729,3.01,1.10,4.57,0.06,-0.06,0.01,
12:38:40:731,3.01,1.10,4.57,0.06,-0.06,0.01,
12:38:40:732,3.01,1.10,4.57,0.06,-0.10,0.03,
12:38:40:733,2.82,-0.85,3.52,0.06,-0.10,0.03,
12:38:40:734,2.82,-0.85,3.52,0.04,-0.10,0.03,
12:38:40:735,2.82,-0.85,3.52,0.04,-0.10,0.03,
12:38:40:736,2.82,-0.85,3.52,0.04,-0.09,0.02,
12:38:40:737,2.89,-1.67,3.04,0.04,-0.09,0.02,
12:38:40:738,2.89,-1.67,3.04,0.04,-0.07,0.00,
12:38:40:738,2.89,-1.67,3.04,0.04,-0.07,0.00,
12:38:40:740,2.89,-1.67,3.04,0.05,-0.02,-0.01,
12:38:40:742,2.42,-0.43,2.56,0.05,-0.02,-0.01,
12:38:40:743,2.42,-0.43,2.56,0.06,0.07,-0.03,
12:38:40:744,2.42,-0.43,2.56,0.06,0.07,-0.03,
12:38:40:745,2.42,-0.43,2.56,0.06,0.11,-0.03,
12:38:40:746,2.94,1.03,3.81,0.06,0.11,-0.03,
12:38:40:748,2.94,1.03,3.81,0.05,0.07,-0.03,
12:38:40:750,2.94,1.03,3.81,0.05,0.07,-0.03,
12:38:40:751,2.94,1.03,3.81,0.03,-0.03,-0.02,
12:38:40:751,3.18,-0.92,4.26,0.03,-0.03,-0.02,
12:38:40:753,3.18,-0.92,4.26,0.02,-0.12,-0.01,
12:38:40:753,3.18,-0.92,4.26,0.02,-0.12,-0.01,
12:38:40:756,3.18,-0.92,4.26,0.02,-0.14,-0.00,
12:38:40:756,2.18,-0.93,2.49,0.02,-0.14,-0.00,
12:38:40:758,2.18,-0.93,2.49,0.03,-0.09,-0.01,
12:38:40:759,2.18,-0.93,2.49,0.03,-0.09,-0.01,
12:38:40:769,2.18,-0.93,2.49,0.03,-0.01,-0.01,
12:38:40:770,3.22,0.88,3.62,0.03,-0.01,-0.01,
12:38:40:772,3.22,0.88,3.62,0.03,0.07,-0.01,
12:38:40:773,3.22,0.88,3.63,0.03,0.07,-0.01,
12:38:40:774,3.22,0.88,3.63,0.03,0.14,-0.03,
12:38:40:775,2.26,0.03,3.63,0.03,0.14,-0.03,
12:38:40:776,2.26,0.03,3.63,0.03,0.12,-0.04,
12:38:40:777,2.27,0.03,3.63,0.03,0.12,-0.04,
12:38:40:778,2.27,0.03,3.63,0.03,-0.01,-0.04,
12:38:40:778,3.12,0.13,4.58,0.03,-0.01,-0.04,
12:38:40:778,3.12,0.13,4.58,0.03,-0.16,-0.02,
12:38:40:779,3.12,0.13,4.58,0.03,-0.16,-0.02,
12:38:40:779,3.12,0.13,4.58,0.03,-0.20,-0.01,
12:38:40:779,2.82,-0.27,3.44,0.03,-0.20,-0.01,
12:38:40:779,2.82,-0.27,3.44,0.03,-0.14,0.00,
12:38:40:780,2.82,-0.27,3.44,0.03,-0.14,0.00,
12:38:40:780,2.82,-0.27,3.44,0.03,-0.07,0.00,
12:38:40:781,3.59,-0.17,3.04,0.03,-0.07,0.00,
12:38:40:783,3.59,-0.17,3.04,0.03,-0.02,-0.00,
12:38:40:784,3.59,-0.17,3.04,0.03,-0.02,-0.00,
12:38:40:785,3.59,-0.17,3.04,0.03,0.03,-0.02,
12:38:40:786,3.52,-0.16,3.48,0.03,0.03,-0.02,
12:38:40:788,3.52,-0.16,3.48,0.03,0.11,-0.04,
12:38:40:789,3.52,-0.16,3.48,0.03,0.11,-0.04,
12:38:40:790,3.52,-0.16,3.48,0.03,0.15,-0.07,
12:38:40:791,2.91,-0.28,4.20,0.03,0.15,-0.07,
12:38:40:793,2.91,-0.28,4.20,0.02,0.08,-0.08,
12:38:40:794,2.91,-0.28,4.21,0.02,0.08,-0.08,
12:38:40:796,2.91,-0.28,4.21,0.02,-0.07,-0.06,
12:38:40:798,3.18,-0.44,4.33,0.02,-0.07,-0.06,
12:38:40:799,3.18,-0.44,4.33,0.03,-0.19,-0.04,
12:38:40:804,3.19,-0.44,4.33,0.03,-0.19,-0.04,
12:38:40:804,3.19,-0.44,4.33,0.04,-0.20,-0.02,
12:38:40:805,2.76,-0.76,2.91,0.04,-0.20,-0.02,
12:38:40:806,2.76,-0.76,2.91,0.04,-0.09,-0.01,
12:38:40:806,2.76,-0.76,2.91,0.04,-0.09,-0.01,
12:38:40:807,2.76,-0.76,2.91,0.04,0.03,-0.01,
12:38:40:807,3.32,0.15,3.05,0.04,0.03,-0.01,
12:38:40:808,3.32,0.15,3.05,0.05,0.09,-0.02,
12:38:40:809,3.32,0.15,3.05,0.05,0.09,-0.02,
12:38:40:811,3.32,0.15,3.05,0.05,0.08,-0.05,
12:38:40:812,3.19,-0.96,3.16,0.05,0.08,-0.05,
12:38:40:813,3.19,-0.96,3.16,0.04,0.05,-0.07,
12:38:40:814,3.19,-0.96,3.16,0.04,0.05,-0.07,
12:38:40:816,3.19,-0.96,3.16,0.02,0.01,-0.07,
12:38:40:817,3.23,-0.88,3.89,0.02,0.01,-0.07,
12:38:40:818,3.23,-0.88,3.89,0.02,-0.03,-0.07,
12:38:40:818,3.23,-0.88,3.89,0.02,-0.03,-0.07,
12:38:40:820,3.23,-0.88,3.89,0.02,-0.04,-0.06,
12:38:40:821,2.59,0.13,3.26,0.02,-0.04,-0.06,
12:38:40:823,2.59,0.13,3.26,0.03,-0.02,-0.05,
12:38:40:824,2.60,0.13,3.26,0.03,-0.02,-0.05,
12:38:40:826,2.60,0.13,3.26,0.04,0.01,-0.04,
12:38:40:826,2.27,0.13,2.95,0.04,0.01,-0.04,
12:38:40:828,2.27,0.13,2.95,0.05,0.02,-0.04,
12:38:40:829,2.27,0.13,2.95,0.05,0.02,-0.04,
12:38:40:831,2.27,0.13,2.95,0.04,0.03,-0.03,
12:38:40:832,2.45,0.10,3.63,0.04,0.03,-0.03,
12:38:40:833,2.45,0.10,3.63,0.03,0.03,-0.03,
12:38:40:835,2.45,0.10,3.63,0.03,0.03,-0.03,
12:38:40:836,2.45,0.10,3.63,0.01,0.03,-0.04,
12:38:40:837,2.86,-0.46,4.16,0.01,0.03,-0.04,
12:38:40:838,2.86,-0.46,4.16,-0.00,-0.01,-0.04,
12:38:40:839,2.86,-0.46,4.16,-0.00,-0.01,-0.04,
12:38:40:840,2.86,-0.46,4.16,-0.01,-0.06,-0.04,
12:38:40:841,2.86,-0.58,4.05,-0.01,-0.06,-0.04,
12:38:40:843,2.86,-0.58,4.05,-0.00,-0.11,-0.03,
12:38:40:845,2.86,-0.58,4.05,-0.00,-0.11,-0.03,
12:38:40:845,2.86,-0.58,4.05,0.00,-0.10,-0.03,
12:38:40:846,2.51,-0.82,3.18,0.00,-0.10,-0.03,
12:38:40:848,2.51,-0.82,3.18,0.01,-0.02,-0.03,
12:38:40:849,2.51,-0.82,3.18,0.01,-0.02,-0.03,
12:38:40:850,2.51,-0.82,3.18,0.02,0.04,-0.03,
12:38:40:851,3.42,0.20,4.14,0.02,0.04,-0.03,
12:38:40:853,3.42,0.20,4.14,0.03,0.02,-0.04,
12:38:40:853,3.42,0.20,4.14,0.03,0.02,-0.04,
12:38:40:855,3.42,0.20,4.14,0.05,-0.07,-0.04,
12:38:40:856,3.78,-0.36,3.69,0.05,-0.07,-0.04,
12:38:40:858,3.78,-0.36,3.69,0.06,-0.11,-0.04,
12:38:40:859,3.78,-0.36,3.69,0.06,-0.11,-0.04,
12:38:40:869,3.78,-0.36,3.69,0.06,-0.06,-0.04,
12:38:40:870,3.03,-0.43,2.93,0.06,-0.06,-0.04,
12:38:40:872,3.03,-0.43,2.93,0.06,0.04,-0.05,
12:38:40:873,3.03,-0.43,2.93,0.06,0.04,-0.05,
12:38:40:874,3.03,-0.43,2.93,0.05,0.08,-0.06,
12:38:40:875,3.13,-0.32,3.15,0.05,0.08,-0.06,
12:38:40:876,3.13,-0.32,3.15,0.04,0.07,-0.06,
12:38:40:877,3.13,-0.32,3.15,0.04,0.07,-0.06,
12:38:40:878,3.13,-0.32,3.15,0.02,0.02,-0.06,
12:38:40:879,2.89,-1.45,3.42,0.02,0.02,-0.06,
12:38:40:879,2.89,-1.45,3.42,0.01,-0.03,-0.06,
12:38:40:880,2.89,-1.45,3.42,0.01,-0.03,-0.06,
12:38:40:880,2.89,-1.45,3.42,0.00,-0.03,-0.06,
12:38:40:880,2.40,-0.32,3.37,0.00,-0.03,-0.06,
12:38:40:881,2.40,-0.32,3.37,0.00,-0.01,-0.05,
12:38:40:881,2.40,-0.32,3.37,0.00,-0.01,-0.05,
12:38:40:882,2.40,-0.32,3.37,0.00,-0.00,-0.04,
12:38:40:882,2.71,-0.33,3.57,0.00,-0.00,-0.04,
12:38:40:883,2.71,-0.33,3.57,0.01,-0.03,-0.03,
12:38:40:883,2.71,-0.33,3.57,0.01,-0.03,-0.03,
12:38:40:885,2.71,-0.33,3.57,0.01,-0.06,-0.02,
12:38:40:886,2.93,-0.99,3.23,0.01,-0.06,-0.02,
12:38:40:888,2.93,-0.99,3.23,0.02,-0.09,-0.02,
12:38:40:888,2.93,-0.99,3.23,0.02,-0.09,-0.02,
12:38:40:893,2.93,-0.99,3.23,0.03,-0.08,-0.02,
12:38:40:894,2.78,-0.66,2.43,0.03,-0.08,-0.02,
12:38:40:894,2.78,-0.66,2.43,0.04,0.00,-0.04,
12:38:40:895,2.78,-0.66,2.43,0.04,0.00,-0.04,
12:38:40:895,2.78,-0.66,2.43,0.04,0.09,-0.05,
12:38:40:896,2.42,-0.85,2.70,0.04,0.09,-0.05,
12:38:40:898,2.42,-0.85,2.70,0.03,0.10,-0.06,
12:38:40:899,2.42,-0.85,2.70,0.03,0.10,-0.06,
12:38:40:901,2.42,-0.85,2.70,0.02,0.04,-0.06,
12:38:40:902,2.73,-1.03,3.33,0.02,0.04,-0.06,
12:38:40:903,2.73,-1.03,3.33,0.01,-0.03,-0.05,
12:38:40:904,2.73,-1.03,3.33,0.01,-0.03,-0.05,
12:38:40:905,2.73,-1.03,3.33,0.01,-0.08,-0.03,
12:38:40:906,2.79,-1.20,3.11,0.01,-0.08,-0.03,
12:38:40:908,2.79,-1.20,3.11,-0.01,-0.09,-0.02,
12:38:40:909,2.79,-1.20,3.11,-0.01,-0.09,-0.02,
12:38:40:911,2.79,-1.20,3.11,-0.01,-0.08,-0.01,
12:38:40:912,2.65,-1.63,2.54,-0.01,-0.08,-0.01,
12:38:40:913,2.65,-1.63,2.54,-0.01,-0.06,-0.01,
12:38:40:914,2.65,-1.63,2.54,-0.01,-0.06,-0.01,
12:38:40:916,2.65,-1.63,2.54,-0.01,-0.03,-0.02,
12:38:40:916,3.17,-0.92,2.53,-0.01,-0.03,-0.02,
12:38:40:918,3.17,-0.92,2.53,-0.00,0.02,-0.03,
12:38:40:918,3.17,-0.92,2.53,-0.00,0.02,-0.03,
12:38:40:920,3.17,-0.92,2.53,0.00,0.05,-0.05,
12:38:40:921,3.09,-1.22,2.85,0.00,0.05,-0.05,
12:38:40:923,3.09,-1.22,2.85,-0.01,0.04,-0.05,
12:38:40:930,3.09,-1.22,2.85,-0.01,0.04,-0.05,
12:38:40:931,3.09,-1.22,2.85,-0.02,0.02,-0.05,
12:38:40:932,2.88,-1.45,3.37,-0.02,0.02,-0.05,
12:38:40:933,2.88,-1.45,3.37,-0.02,0.01,-0.05,
12:38:40:934,2.88,-1.45,3.37,-0.02,0.01,-0.05,
12:38:40:936,2.88,-1.45,3.37,-0.01,-0.03,-0.04,
12:38:40:937,2.76,-1.20,2.97,-0.01,-0.03,-0.04,
12:38:40:938,2.76,-1.20,2.97,-0.01,-0.09,-0.03,
12:38:40:939,2.76,-1.20,2.97,-0.01,-0.09,-0.03,
12:38:40:940,2.76,-1.20,2.97,0.00,-0.11,-0.02,
12:38:40:940,3.55,-0.15,3.15,0.00,-0.11,-0.02,
12:38:40:941,3.55,-0.15,3.15,0.01,-0.07,-0.01,
12:38:40:942,3.55,-0.15,3.15,0.01,-0.07,-0.01,
12:38:40:944,3.55,-0.15,3.15,0.01,0.01,-0.02,
12:38:40:944,2.76,-1.42,2.16,0.01,0.01,-0.02,
12:38:40:945,2.76,-1.42,2.16,0.00,0.07,-0.04,
12:38:40:945,2.76,-1.42,2.16,0.00,0.07,-0.04,
12:38:40:946,2.76,-1.42,2.16,-0.01,0.09,-0.05,
12:38:40:946,2.50,-1.41,2.73,-0.01,0.09,-0.05,
12:38:40:948,2.50,-1.41,2.73,-0.01,0.08,-0.07,
12:38:40:948,2.50,-1.41,2.73,-0.01,0.08,-0.07,
12:38:40:950,2.50,-1.41,2.73,-0.02,0.05,-0.07,
12:38:40:951,2.18,-0.87,3.22,-0.02,0.05,-0.07,
12:38:40:953,2.18,-0.87,3.22,-0.02,0.00,-0.06,
12:38:40:953,2.18,-0.87,3.22,-0.02,0.00,-0.06,
12:38:40:955,2.18,-0.87,3.22,-0.03,-0.06,-0.04,
12:38:40:956,2.47,-0.91,3.22,-0.03,-0.06,-0.04,
12:38:40:958,2.47,-0.91,3.22,-0.02,-0.11,-0.01,
12:38:40:958,2.47,-0.91,3.22,-0.02,-0.11,-0.01,
12:38:40:966,2.47,-0.91,3.22,-0.02,-0.12,0.01,
12:38:40:967,2.17,-1.64,2.03,-0.02,-0.12,0.01,
12:38:40:968,2.17,-1.64,2.03,-0.02,-0.07,0.01,
12:38:40:969,2.17,-1.64,2.03,-0.02,-0.07,0.01,
12:38:40:970,2.17,-1.64,2.03,-0.03,-0.00,0.00,
12:38:40:971,2.51,-2.26,2.11,-0.03,-0.00,0.00,
12:38:40:971,2.51,-2.26,2.11,-0.04,0.03,-0.01,
12:38:40:972,2.51,-2.26,2.11,-0.04,0.03,-0.01,
12:38:40:972,2.51,-2.26,2.11,-0.04,0.05,-0.03,
12:38:40:973,2.96,-0.83,3.17,-0.04,0.05,-0.03,
12:38:40:973,2.96,-0.83,3.17,-0.04,0.06,-0.05,
12:38:40:973,2.96,-0.83,3.17,-0.04,0.06,-0.05,
12:38:40:975,2.96,-0.83,3.17,-0.04,0.06,-0.05,
12:38:40:976,1.97,-1.85,2.98,-0.04,0.06,-0.05,
12:38:40:978,1.97,-1.85,2.98,-0.04,0.01,-0.04,
12:38:40:978,1.97,-1.85,2.98,-0.04,0.01,-0.04,
12:38:40:980,1.97,-1.85,2.98,-0.04,-0.06,-0.02,
12:38:40:981,2.05,-1.76,3.17,-0.04,-0.06,-0.02,
12:38:40:983,2.05,-1.76,3.17,-0.04,-0.12,0.01,
12:38:40:984,2.05,-1.76,3.17,-0.04,-0.12,0.01,
12:38:40:985,2.05,-1.76,3.17,-0.04,-0.14,0.02,
12:38:40:986,2.03,-2.41,2.13,-0.04,-0.14,0.02,
12:38:40:988,2.03,-2.41,2.13,-0.03,-0.11,0.03,
12:38:40:989,2.03,-2.41,2.13,-0.03,-0.11,0.03,
12:38:40:990,2.03,-2.41,2.13,-0.03,-0.05,0.02,
12:38:40:991,2.93,-1.21,2.56,-0.03,-0.05,0.02,
12:38:40:993,2.93,-1.21,2.56,-0.02,-0.00,0.01,
12:38:40:994,2.93,-1.21,2.56,-0.02,-0.00,0.01,
12:38:40:995,2.93,-1.21,2.56,-0.02,0.02,-0.00,
12:38:40:996,2.89,-1.81,2.55,-0.02,0.02,-0.00,
12:38:40:998,2.89,-1.81,2.55,-0.03,0.03,-0.02,
12:38:40:999,2.89,-1.81,2.55,-0.03,0.03,-0.02,
12:38:41:001,2.89,-1.81,2.55,-0.04,0.02,-0.03,
12:38:41:001,2.67,-2.75,2.79,-0.04,0.02,-0.03,
12:38:41:003,2.67,-2.75,2.79,-0.05,-0.04,-0.02,
12:38:41:004,2.67,-2.75,2.79,-0.05,-0.04,-0.02,
12:38:41:005,2.67,-2.75,2.79,-0.04,-0.12,-0.01,
12:38:41:006,2.55,-2.46,2.16,-0.04,-0.12,-0.01,
12:38:41:008,2.55,-2.46,2.16,-0.03,-0.14,0.01,
12:38:41:009,2.55,-2.46,2.16,-0.03,-0.14,0.01,
12:38:41:011,2.55,-2.46,2.16,-0.03,-0.07,0.01,
12:38:41:012,2.02,-2.56,1.71,-0.03,-0.07,0.01,
12:38:41:013,2.02,-2.56,1.71,-0.03,0.03,0.02,
12:38:41:014,2.02,-2.56,1.71,-0.03,0.03,0.02,
12:38:41:016,2.02,-2.56,1.71,-0.04,0.09,0.01,
12:38:41:016,2.30,-2.30,2.47,-0.04,0.09,0.01,
12:38:41:018,2.30,-2.30,2.47,-0.04,0.09,0.00,
12:38:41:019,2.30,-2.30,2.47,-0.04,0.09,0.00,
12:38:41:020,2.30,-2.30,2.47,-0.05,0.03,-0.01,
12:38:41:021,2.44,-2.65,3.06,-0.05,0.03,-0.01,
12:38:41:024,2.44,-2.65,3.06,-0.05,-0.07,-0.00,
12:38:41:024,2.44,-2.65,3.06,-0.05,-0.07,-0.00,
12:38:41:026,2.44,-2.65,3.06,-0.04,-0.15,0.01,
12:38:41:026,2.62,-2.12,2.52,-0.04,-0.15,0.01,
12:38:41:029,2.62,-2.12,2.52,-0.04,-0.18,0.03,
12:38:41:030,2.61,-2.12,2.52,-0.04,-0.18,0.03,
12:38:41:031,2.61,-2.12,2.52,-0.03,-0.12,0.03,
12:38:41:033,2.18,-2.58,1.21,-0.03,-0.12,0.03,
12:38:41:035,2.18,-2.58,1.21,-0.02,-0.05,0.03,
12:38:41:036,2.18,-2.58,1.21,-0.02,-0.05,0.03,
12:38:41:037,2.18,-2.58,1.21,-0.02,0.01,0.02,
12:38:41:038,2.27,-2.66,1.20,-0.02,0.01,0.02,
12:38:41:038,2.27,-2.66,1.20,-0.02,0.04,0.02,
12:38:41:039,2.27,-2.66,1.20,-0.02,0.04,0.02,
12:38:41:040,2.27,-2.66,1.20,-0.03,0.05,0.00,
12:38:41:041,2.50,-2.07,2.01,-0.03,0.05,0.00,
12:38:41:043,2.50,-2.07,2.01,-0.04,0.07,-0.01,
12:38:41:045,2.50,-2.06,2.01,-0.04,0.07,-0.01,
12:38:41:046,2.50,-2.06,2.01,-0.06,0.07,-0.01,
12:38:41:047,1.66,-2.58,2.28,-0.06,0.07,-0.01,
12:38:41:049,1.66,-2.58,2.28,-0.07,0.01,0.00,
12:38:41:055,1.66,-2.58,2.28,-0.07,0.01,0.00,
12:38:41:055,1.66,-2.58,2.28,-0.08,-0.12,0.03,
12:38:41:056,2.35,-2.89,2.24,-0.08,-0.12,0.03,
12:38:41:057,2.35,-2.89,2.24,-0.07,-0.23,0.05,
12:38:41:058,2.35,-2.89,2.24,-0.07,-0.23,0.05,
12:38:41:058,2.35,-2.89,2.24,-0.06,-0.25,0.07,
12:38:41:059,2.36,-2.89,1.00,-0.06,-0.25,0.07,
12:38:41:059,2.36,-2.89,1.00,-0.07,-0.13,0.07,
12:38:41:060,2.36,-2.89,0.99,-0.07,-0.13,0.07,
12:38:41:061,2.36,-2.89,0.99,-0.09,0.04,0.06,
12:38:41:061,2.43,-2.76,1.90,-0.09,0.04,0.06,
12:38:41:063,2.43,-2.76,1.90,-0.10,0.13,0.04,
12:38:41:064,2.42,-2.76,1.90,-0.10,0.13,0.04,
12:38:41:065,2.42,-2.76,1.90,-0.09,0.09,0.02,
12:38:41:066,2.49,-3.12,2.38,-0.09,0.09,0.02,
12:38:41:068,2.49,-3.12,2.38,-0.09,0.01,0.01,
12:38:41:069,2.49,-3.12,2.37,-0.09,0.01,0.01,
12:38:41:071,2.49,-3.12,2.37,-0.09,-0.06,0.01,
12:38:41:071,2.29,-2.63,2.77,-0.09,-0.06,0.01,
12:38:41:073,2.29,-2.63,2.77,-0.09,-0.10,0.02,
12:38:41:074,2.29,-2.63,2.76,-0.09,-0.10,0.02,
12:38:41:075,2.29,-2.63,2.76,-0.07,-0.14,0.04,
12:38:41:076,2.33,-2.17,2.18,-0.07,-0.14,0.04,
12:38:41:082,2.33,-2.17,2.18,-0.05,-0.17,0.07,
12:38:41:083,2.32,-2.17,2.17,-0.05,-0.17,0.07,
12:38:41:083,2.32,-2.17,2.17,-0.04,-0.19,0.08,
12:38:41:084,2.35,-3.64,0.74,-0.04,-0.19,0.08,
12:38:41:084,2.35,-3.64,0.74,-0.04,-0.13,0.08,
12:38:41:084,2.35,-3.64,0.74,-0.04,-0.13,0.08,
12:38:41:085,2.35,-3.64,0.74,-0.05,0.00,0.06,
12:38:41:086,2.19,-3.55,1.18,-0.05,0.00,0.06,
12:38:41:088,2.19,-3.55,1.18,-0.07,0.12,0.04,
12:38:41:088,2.19,-3.55,1.17,-0.07,0.12,0.04,
12:38:41:090,2.19,-3.55,1.17,-0.08,0.17,0.02,
12:38:41:091,1.83,-2.65,2.17,-0.08,0.17,0.02,
12:38:41:093,1.83,-2.65,2.17,-0.08,0.12,0.01,
12:38:41:093,1.83,-2.65,2.17,-0.08,0.12,0.01,
12:38:41:095,1.83,-2.65,2.17,-0.08,-0.01,0.02,
12:38:41:096,1.84,-3.56,2.15,-0.08,-0.01,0.02,
12:38:41:098,1.84,-3.56,2.15,-0.08,-0.18,0.04,
12:38:41:098,1.84,-3.56,2.15,-0.08,-0.18,0.04,
12:38:41:100,1.84,-3.56,2.15,-0.08,-0.29,0.06,
12:38:41:101,2.00,-4.55,0.86,-0.08,-0.29,0.06,
12:38:41:103,2.00,-4.55,0.86,-0.08,-0.30,0.07,
12:38:41:103,2.00,-4.55,0.86,-0.08,-0.30,0.07,
12:38:41:105,2.00,-4.55,0.86,-0.08,-0.18,0.08,
12:38:41:106,1.63,-3.63,0.35,-0.08,-0.18,0.08,
12:38:41:108,1.63,-3.63,0.35,-0.09,-0.00,0.08,
12:38:41:108,1.62,-3.63,0.35,-0.09,-0.00,0.08,
12:38:41:111,1.62,-3.63,0.35,-0.10,0.10,0.08,
12:38:41:111,2.45,-3.69,1.48,-0.10,0.10,0.08,
12:38:41:113,2.45,-3.69,1.48,-0.12,0.10,0.06,
12:38:41:114,2.45,-3.69,1.48,-0.12,0.10,0.06,
12:38:41:115,2.45,-3.69,1.48,-0.12,0.03,0.05,
12:38:41:116,2.03,-4.62,1.72,-0.12,0.03,0.05,
12:38:41:118,2.03,-4.62,1.72,-0.13,-0.03,0.04,
12:38:41:118,2.03,-4.62,1.72,-0.13,-0.03,0.04,
12:38:41:120,2.03,-4.62,1.72,-0.13,-0.08,0.05,
12:38:41:121,1.74,-4.11,2.18,-0.13,-0.08,0.05,
12:38:41:123,1.74,-4.11,2.18,-0.12,-0.14,0.06,
12:38:41:124,1.74,-4.11,2.17,-0.12,-0.14,0.06,
12:38:41:125,1.74,-4.11,2.17,-0.11,-0.19,0.08,
12:38:41:126,2.02,-3.73,1.45,-0.11,-0.19,0.08,
12:38:41:128,2.02,-3.73,1.45,-0.10,-0.18,0.10,
12:38:41:129,2.02,-3.73,1.45,-0.10,-0.18,0.10,
12:38:41:131,2.02,-3.73,1.45,-0.09,-0.10,0.10,
12:38:41:131,2.17,-3.69,1.37,-0.09,-0.10,0.10,
12:38:41:134,2.17,-3.69,1.37,-0.09,-0.02,0.10,
12:38:41:135,2.16,-3.69,1.37,-0.09,-0.02,0.10,
12:38:41:136,2.16,-3.69,1.37,-0.10,0.03,0.08,
12:38:41:136,2.66,-3.28,1.98,-0.10,0.03,0.08,
12:38:41:138,2.66,-3.28,1.98,-0.10,0.01,0.07,
12:38:41:138,2.66,-3.28,1.98,-0.10,0.01,0.07,
12:38:41:140,2.66,-3.28,1.98,-0.09,-0.04,0.06,
12:38:41:141,2.57,-3.38,2.12,-0.09,-0.04,0.06,
12:38:41:143,2.57,-3.38,2.12,-0.09,-0.09,0.06,
12:38:41:144,2.56,-3.38,2.11,-0.09,-0.09,0.06,
12:38:41:147,2.56,-3.38,2.11,-0.09,-0.12,0.06,
12:38:41:148,2.41,-3.20,1.96,-0.09,-0.12,0.06,
12:38:41:149,2.41,-3.20,1.96,-0.08,-0.12,0.07,
12:38:41:149,2.41,-3.20,1.96,-0.08,-0.12,0.07,
12:38:41:150,2.41,-3.20,1.96,-0.08,-0.10,0.08,
12:38:41:151,2.01,-3.65,1.37,-0.08,-0.10,0.08,
12:38:41:153,2.01,-3.65,1.37,-0.08,-0.06,0.09,
12:38:41:154,2.01,-3.65,1.37,-0.08,-0.06,0.09,
12:38:41:156,2.01,-3.65,1.37,-0.08,-0.06,0.09,
12:38:41:156,2.44,-4.07,1.20,-0.08,-0.06,0.09,
12:38:41:158,2.44,-4.07,1.20,-0.09,-0.08,0.08,
12:38:41:159,2.44,-4.07,1.20,-0.09,-0.08,0.08,
12:38:41:169,2.44,-4.07,1.20,-0.10,-0.08,0.08,
12:38:41:170,3.07,-3.76,2.01,-0.10,-0.08,0.08,
12:38:41:171,3.07,-3.76,2.01,-0.10,-0.08,0.07,
12:38:41:171,3.06,-3.76,2.01,-0.10,-0.08,0.07,
12:38:41:172,3.06,-3.76,2.01,-0.10,-0.07,0.06,
12:38:41:172,2.22,-3.93,1.11,-0.10,-0.07,0.06,
12:38:41:173,2.22,-3.93,1.11,-0.09,-0.06,0.06,
12:38:41:173,2.22,-3.93,1.11,-0.09,-0.06,0.06,
12:38:41:174,2.22,-3.93,1.11,-0.08,-0.07,0.06,
12:38:41:174,2.38,-3.40,1.15,-0.08,-0.07,0.06,
12:38:41:175,2.38,-3.40,1.15,-0.07,-0.07,0.07,
12:38:41:180,2.38,-3.40,1.14,-0.07,-0.07,0.07,
12:38:41:180,2.38,-3.40,1.14,-0.08,-0.04,0.07,
12:38:41:181,2.52,-2.95,1.82,-0.08,-0.04,0.07,
12:38:41:181,2.52,-2.95,1.82,-0.09,-0.00,0.07,
12:38:41:182,2.52,-2.95,1.82,-0.09,-0.00,0.07,
12:38:41:182,2.52,-2.95,1.82,-0.10,-0.02,0.07,
12:38:41:182,2.33,-3.99,1.57,-0.10,-0.02,0.07,
12:38:41:183,2.33,-3.99,1.57,-0.11,-0.07,0.06,
12:38:41:184,2.33,-3.99,1.57,-0.11,-0.07,0.06,
12:38:41:185,2.33,-3.99,1.57,-0.11,-0.10,0.06,
12:38:41:186,2.42,-4.10,1.74,-0.11,-0.10,0.06,
12:38:41:188,2.42,-4.10,1.74,-0.12,-0.10,0.06,
12:38:41:188,2.42,-4.09,1.74,-0.12,-0.10,0.06,
12:38:41:190,2.42,-4.09,1.74,-0.13,-0.05,0.07,
12:38:41:191,2.64,-2.85,2.53,-0.13,-0.05,0.07,
12:38:41:193,2.64,-2.85,2.53,-0.13,-0.03,0.07,
12:38:41:194,2.63,-2.85,2.52,-0.13,-0.03,0.07,
12:38:41:195,2.63,-2.85,2.52,-0.11,-0.03,0.07,
12:38:41:196,2.59,-3.13,2.52,-0.11,-0.03,0.07,
12:38:41:199,2.59,-3.13,2.52,-0.11,-0.06,0.07,
12:38:41:200,2.59,-3.13,2.52,-0.11,-0.06,0.07,
12:38:41:201,2.59,-3.13,2.52,-0.10,-0.08,0.07,
12:38:41:201,3.15,-3.34,3.28,-0.10,-0.08,0.07,
12:38:41:203,3.15,-3.34,3.28,-0.10,-0.09,0.06,
12:38:41:204,3.14,-3.34,3.28,-0.10,-0.09,0.06,
12:38:41:206,3.14,-3.34,3.28,-0.09,-0.08,0.06,
12:38:41:206,2.77,-3.19,2.84,-0.09,-0.08,0.06,
12:38:41:208,2.77,-3.19,2.84,-0.07,-0.06,0.04,
12:38:41:209,2.77,-3.19,2.84,-0.07,-0.06,0.04,
12:38:41:211,2.77,-3.19,2.84,-0.05,-0.03,0.04,
12:38:41:212,2.70,-2.40,3.13,-0.05,-0.03,0.04,
12:38:41:213,2.70,-2.40,3.13,-0.04,-0.02,0.04,
12:38:41:214,2.70,-2.40,3.13,-0.04,-0.02,0.04,
12:38:41:216,2.70,-2.40,3.13,-0.04,-0.03,0.04,
12:38:41:216,2.92,-2.84,3.32,-0.04,-0.03,0.04,
12:38:41:218,2.92,-2.84,3.32,-0.04,-0.07,0.04,
12:38:41:219,2.92,-2.84,3.32,-0.04,-0.07,0.04,
12:38:41:220,2.92,-2.84,3.32,-0.03,-0.11,0.05,
12:38:41:221,2.68,-3.17,2.48,-0.03,-0.11,0.05,
12:38:41:223,2.68,-3.17,2.48,-0.03,-0.12,0.05,
12:38:41:224,2.68,-3.17,2.47,-0.03,-0.12,0.05,
12:38:41:226,2.68,-3.17,2.47,-0.03,-0.10,0.05,
12:38:41:227,3.13,-2.55,2.72,-0.03,-0.10,0.05,
12:38:41:231,3.13,-2.55,2.72,-0.03,-0.06,0.04,
12:38:41:232,3.13,-2.55,2.72,-0.03,-0.06,0.04,
12:38:41:233,3.13,-2.55,2.72,-0.02,-0.04,0.04,
12:38:41:234,2.96,-2.28,2.19,-0.02,-0.04,0.04,
12:38:41:234,2.96,-2.28,2.19,-0.02,-0.03,0.03,
12:38:41:235,2.96,-2.28,2.18,-0.02,-0.03,0.03,
12:38:41:236,2.96,-2.28,2.18,-0.03,-0.02,0.03,
12:38:41:237,3.54,-2.40,3.01,-0.03,-0.02,0.03,
12:38:41:238,3.54,-2.40,3.01,-0.04,-0.03,0.02,
12:38:41:239,3.53,-2.40,3.01,-0.04,-0.03,0.02,
12:38:41:240,3.53,-2.40,3.01,-0.05,-0.02,0.02,
12:38:41:241,2.78,-2.28,2.92,-0.05,-0.02,0.02,
12:38:41:243,2.78,-2.28,2.92,-0.04,-0.03,0.01,
12:38:41:244,2.78,-2.28,2.92,-0.04,-0.03,0.01,
12:38:41:251,2.78,-2.28,2.92,-0.04,-0.06,0.01,
12:38:41:252,2.48,-2.40,2.45,-0.04,-0.06,0.01,
12:38:41:252,2.48,-2.40,2.45,-0.03,-0.09,0.02,
12:38:41:252,2.48,-2.40,2.45,-0.03,-0.09,0.02,
12:38:41:253,2.48,-2.40,2.45,-0.03,-0.09,0.03,
12:38:41:253,3.01,-1.57,3.10,-0.03,-0.09,0.03,
12:38:41:253,3.01,-1.57,3.10,-0.02,-0.06,0.03,
12:38:41:253,3.01,-1.57,3.10,-0.02,-0.06,0.03,
12:38:41:255,3.01,-1.57,3.10,-0.02,-0.03,0.03,
12:38:41:256,3.16,-1.97,3.16,-0.02,-0.03,0.03,
12:38:41:258,3.16,-1.97,3.16,-0.03,-0.02,0.03,
12:38:41:258,3.16,-1.97,3.16,-0.03,-0.02,0.03,
12:38:41:261,3.16,-1.97,3.16,-0.03,-0.04,0.02,
12:38:41:262,3.27,-2.39,3.43,-0.03,-0.04,0.02,
12:38:41:263,3.27,-2.39,3.43,-0.03,-0.07,0.02,
12:38:41:263,3.27,-2.39,3.43,-0.03,-0.07,0.02,
12:38:41:266,3.27,-2.39,3.43,-0.02,-0.08,0.01,
12:38:41:267,3.01,-2.21,3.29,-0.02,-0.08,0.01,
12:38:41:268,3.01,-2.21,3.29,-0.01,-0.05,0.01,
12:38:41:269,3.01,-2.21,3.29,-0.01,-0.05,0.01,
12:38:41:271,3.01,-2.21,3.29,0.00,-0.02,0.00,
12:38:41:272,3.28,-1.18,3.97,0.00,-0.02,0.00,
12:38:41:273,3.28,-1.18,3.97,0.01,0.01,0.00,
12:38:41:274,3.28,-1.18,3.97,0.01,0.01,0.00,
12:38:41:277,3.28,-1.18,3.97,0.02,0.02,0.01,
12:38:41:278,2.74,-1.46,3.62,0.02,0.02,0.01,
12:38:41:279,2.74,-1.46,3.62,0.03,-0.02,0.00,
12:38:41:279,2.74,-1.46,3.62,0.03,-0.02,0.00,
12:38:41:282,2.74,-1.46,3.62,0.03,-0.09,0.01,
12:38:41:283,3.61,-1.60,4.23,0.03,-0.09,0.01,
12:38:41:284,3.61,-1.60,4.23,0.03,-0.13,0.02,
12:38:41:285,3.61,-1.60,4.23,0.03,-0.13,0.02,
12:38:41:286,3.61,-1.60,4.23,0.03,-0.12,0.01,
12:38:41:286,3.25,-1.44,3.06,0.03,-0.12,0.01,
12:38:41:288,3.25,-1.44,3.06,0.04,-0.06,0.01,
12:38:41:289,3.25,-1.44,3.06,0.04,-0.06,0.01,
12:38:41:292,3.25,-1.44,3.06,0.04,-0.00,0.00,
12:38:41:293,3.24,-1.25,3.17,0.04,-0.00,0.00,
12:38:41:294,3.24,-1.25,3.17,0.04,0.03,-0.01,
12:38:41:294,3.24,-1.25,3.17,0.04,0.03,-0.01,
12:38:41:297,3.24,-1.25,3.17,0.04,0.05,-0.02,
12:38:41:298,3.18,-0.57,3.88,0.04,0.05,-0.02,
12:38:41:299,3.18,-0.57,3.88,0.05,0.04,-0.03,
12:38:41:305,3.18,-0.57,3.88,0.05,0.04,-0.03,
12:38:41:306,3.18,-0.57,3.88,0.05,-0.00,-0.03,
12:38:41:306,2.90,-0.89,3.92,0.05,-0.00,-0.03,
12:38:41:307,2.90,-0.89,3.92,0.04,-0.08,-0.02,
12:38:41:307,2.90,-0.89,3.92,0.04,-0.08,-0.02,
12:38:41:308,2.90,-0.89,3.92,0.04,-0.16,-0.00,
12:38:41:309,3.73,-0.74,3.79,0.04,-0.16,-0.00,
12:38:41:309,3.73,-0.74,3.79,0.04,-0.18,0.01,
12:38:41:310,3.73,-0.74,3.79,0.04,-0.18,0.01,
12:38:41:312,3.73,-0.74,3.79,0.04,-0.09,0.01,
12:38:41:313,3.73,-0.74,3.79,0.04,-0.09,0.01,
12:38:41:314,3.73,-0.74,3.79,0.04,0.05,-0.01,
12:38:41:315,3.11,-0.93,3.12,0.04,0.05,-0.01,
12:38:41:316,3.11,-0.93,3.12,0.03,0.10,-0.02,
12:38:41:316,3.11,-0.93,3.12,0.03,0.10,-0.02,
12:38:41:318,3.11,-0.93,3.12,0.03,0.05,-0.04,
12:38:41:318,3.76,-0.81,4.34,0.03,0.05,-0.04,
12:38:41:320,3.76,-0.81,4.34,0.03,-0.02,-0.05,
12:38:41:321,3.76,-0.81,4.34,0.03,-0.02,-0.05,
12:38:41:323,3.76,-0.81,4.34,0.04,-0.06,-0.05,
12:38:41:324,2.80,-1.07,3.83,0.04,-0.06,-0.05,
12:38:41:325,2.80,-1.07,3.83,0.04,-0.05,-0.04,
12:38:41:326,2.81,-1.07,3.84,0.04,-0.05,-0.04,
12:38:41:328,2.81,-1.07,3.84,0.05,-0.01,-0.03,
12:38:41:329,2.93,-0.29,4.63,0.05,-0.01,-0.03,
12:38:41:330,2.93,-0.29,4.63,0.06,-0.01,-0.02,
12:38:41:331,2.93,-0.29,4.63,0.06,-0.01,-0.02,
12:38:41:334,2.93,-0.29,4.63,0.07,-0.05,-0.01,
12:38:41:334,3.15,-0.74,3.83,0.07,-0.05,-0.01,
12:38:41:335,3.15,-0.74,3.83,0.08,-0.10,0.00,
12:38:41:336,3.15,-0.74,3.83,0.08,-0.10,0.00,
12:38:41:338,3.15,-0.74,3.83,0.08,-0.12,0.00,
12:38:41:339,4.02,-0.32,3.91,0.08,-0.12,0.00,
12:38:41:340,4.02,-0.32,3.91,0.08,-0.08,-0.01,
12:38:41:342,4.02,-0.32,3.91,0.08,-0.08,-0.01,
12:38:41:343,4.02,-0.32,3.91,0.09,0.00,-0.02,
12:38:41:344,3.39,-0.13,3.38,0.09,0.00,-0.02,
12:38:41:353,3.39,-0.13,3.38,0.09,0.09,-0.04,
12:38:41:354,3.39,-0.13,3.38,0.09,0.09,-0.04,
12:38:41:354,3.39,-0.13,3.38,0.09,0.11,-0.05,
12:38:41:355,3.31,-0.02,4.04,0.09,0.11,-0.05,
12:38:41:355,3.31,-0.02,4.04,0.08,0.05,-0.06,
12:38:41:355,3.31,-0.03,4.04,0.08,0.05,-0.06,
12:38:41:356,3.31,-0.03,4.04,0.07,-0.05,-0.05,
12:38:41:356,3.45,-0.39,4.40,0.07,-0.05,-0.05,
12:38:41:356,3.45,-0.39,4.40,0.07,-0.11,-0.04,
12:38:41:357,3.45,-0.39,4.40,0.07,-0.11,-0.04,
12:38:41:358,3.45,-0.39,4.40,0.07,-0.11,-0.03,
12:38:41:359,2.89,-0.18,3.49,0.07,-0.11,-0.03,
12:38:41:369,2.89,-0.18,3.49,0.08,-0.06,-0.02,
12:38:41:370,2.89,-0.18,3.49,0.08,-0.06,-0.02,
12:38:41:370,2.89,-0.18,3.49,0.07,-0.02,-0.01,
12:38:41:370,3.37,-0.49,3.49,0.07,-0.02,-0.01,
12:38:41:371,3.37,-0.49,3.49,0.08,-0.03,-0.02,
12:38:41:371,3.37,-0.49,3.49,0.08,-0.03,-0.02,
12:38:41:371,3.37,-0.49,3.49,0.08,-0.06,-0.02,
12:38:41:372,3.98,-0.16,3.26,0.08,-0.06,-0.02,
12:38:41:372,3.98,-0.16,3.26,0.08,-0.03,-0.04,
12:38:41:373,3.98,-0.16,3.27,0.08,-0.03,-0.04,
12:38:41:373,3.98,-0.16,3.27,0.07,0.06,-0.05,
12:38:41:374,3.62,0.29,4.26,0.07,0.06,-0.05,
12:38:41:375,3.62,0.29,4.26,0.07,0.11,-0.06,
12:38:41:376,3.62,0.29,4.26,0.07,0.11,-0.06,
12:38:41:378,3.62,0.29,4.26,0.07,0.04,-0.06,
12:38:41:379,3.00,-0.41,3.56,0.07,0.04,-0.06,
12:38:41:381,3.00,-0.41,3.56,0.08,-0.05,-0.06,
12:38:41:382,3.00,-0.41,3.56,0.08,-0.05,-0.06,
12:38:41:383,3.00,-0.41,3.56,0.09,-0.09,-0.05,
12:38:41:384,2.53,-0.44,3.27,0.09,-0.09,-0.05,
12:38:41:385,2.53,-0.44,3.27,0.09,-0.05,-0.03,
12:38:41:386,2.53,-0.44,3.28,0.09,-0.05,-0.03,
12:38:41:389,2.53,-0.44,3.28,0.09,0.01,-0.03,
12:38:41:390,2.69,-0.07,3.25,0.09,0.01,-0.03,
12:38:41:391,2.69,-0.07,3.25,0.08,0.02,-0.03,
12:38:41:391,2.69,-0.07,3.25,0.08,0.02,-0.03,
12:38:41:394,2.69,-0.07,3.25,0.08,-0.01,-0.02,
12:38:41:395,3.41,-0.49,3.43,0.08,-0.01,-0.02,
12:38:41:395,3.41,-0.49,3.43,0.07,-0.05,-0.02,
12:38:41:396,3.41,-0.49,3.43,0.07,-0.05,-0.02,
12:38:41:398,3.41,-0.49,3.43,0.06,-0.04,-0.02,
12:38:41:399,3.44,-0.63,3.43,0.06,-0.04,-0.02,
12:38:41:401,3.44,-0.63,3.43,0.04,-0.01,-0.03,
12:38:41:401,3.44,-0.63,3.44,0.04,-0.01,-0.03,
12:38:41:403,3.44,-0.63,3.44,0.03,0.03,-0.03,
12:38:41:404,3.44,-0.02,3.76,0.03,0.03,-0.03,
12:38:41:406,3.44,-0.02,3.76,0.04,0.02,-0.05,
12:38:41:407,3.44,-0.02,3.76,0.04,0.02,-0.05,
12:38:41:408,3.44,-0.02,3.76,0.06,-0.02,-0.05,
12:38:41:409,3.06,-0.45,3.26,0.06,-0.02,-0.05,
12:38:41:411,3.06,-0.45,3.26,0.06,-0.05,-0.04,
12:38:41:412,3.06,-0.45,3.26,0.06,-0.05,-0.04,
12:38:41:414,3.06,-0.45,3.26,0.05,-0.05,-0.04,
12:38:41:415,3.77,-0.22,4.05,0.05,-0.05,-0.04,
12:38:41:416,3.77,-0.22,4.05,0.05,-0.00,-0.04,
12:38:41:416,3.77,-0.22,4.05,0.05,-0.00,-0.04,
12:38:41:418,3.77,-0.22,4.05,0.06,0.02,-0.04,
12:38:41:419,3.97,-0.10,3.81,0.06,0.02,-0.04,
12:38:41:420,3.97,-0.10,3.81,0.06,-0.03,-0.03,
12:38:41:421,3.98,-0.10,3.81,0.06,-0.03,-0.03,
12:38:41:423,3.98,-0.10,3.81,0.06,-0.08,-0.03,
12:38:41:432,4.40,-0.02,3.64,0.06,-0.08,-0.03,
12:38:41:434,4.40,-0.02,3.64,0.07,-0.07,-0.04,
12:38:41:436,4.40,-0.02,3.64,0.07,-0.07,-0.04,
12:38:41:437,4.40,-0.02,3.64,0.08,-0.00,-0.06,
12:38:41:438,2.97,-0.79,2.15,0.08,-0.00,-0.06,
12:38:41:439,2.97,-0.79,2.15,0.08,0.06,-0.07,
12:38:41:440,2.97,-0.79,2.16,0.08,0.06,-0.07,
12:38:41:441,2.97,-0.79,2.16,0.07,0.09,-0.07,
12:38:41:442,3.22,-0.64,3.23,0.07,0.09,-0.07,
12:38:41:443,3.22,-0.64,3.23,0.06,0.08,-0.07,
12:38:41:444,3.22,-0.64,3.24,0.06,0.08,-0.07,
12:38:41:444,3.22,-0.64,3.24,0.05,0.04,-0.07,
12:38:41:445,2.77,-0.97,2.92,0.05,0.04,-0.07,
12:38:41:445,2.77,-0.97,2.92,0.04,-0.02,-0.06,
12:38:41:446,2.78,-0.97,2.93,0.04,-0.02,-0.06,
12:38:41:447,2.78,-0.97,2.93,0.03,-0.06,-0.04,
12:38:41:447,3.40,-0.22,3.54,0.03,-0.06,-0.04,
12:38:41:448,3.40,-0.22,3.54,0.03,-0.06,-0.03,
12:38:41:448,3.40,-0.22,3.54,0.03,-0.06,-0.03,
12:38:41:449,3.40,-0.22,3.54,0.02,-0.04,-0.03,
12:38:41:449,2.78,-0.93,2.12,0.02,-0.04,-0.03,
12:38:41:450,2.78,-0.93,2.12,0.03,-0.02,-0.03,
12:38:41:451,2.78,-0.93,2.12,0.03,-0.02,-0.03,
12:38:41:453,2.78,-0.93,2.12,0.03,-0.01,-0.03,
12:38:41:453,3.17,-1.41,2.19,0.03,-0.01,-0.03,
12:38:41:455,3.17,-1.41,2.19,0.02,-0.00,-0.04,
12:38:41:456,3.17,-1.41,2.19,0.02,-0.00,-0.04,
12:38:41:458,3.17,-1.41,2.19,0.01,0.01,-0.05,
12:38:41:459,3.61,-1.09,2.57,0.01,0.01,-0.05,
12:38:41:460,3.61,-1.09,2.57,0.01,0.03,-0.07,
12:38:41:461,3.61,-1.09,2.57,0.01,0.03,-0.07,
12:38:41:463,3.61,-1.09,2.57,0.01,0.06,-0.08,
12:38:41:464,2.78,-1.08,2.29,0.01,0.06,-0.08,
12:38:41:465,2.78,-1.08,2.29,-0.00,0.07,-0.08,
12:38:41:466,2.79,-1.08,2.29,-0.00,0.07,-0.08,
12:38:41:468,2.79,-1.08,2.29,-0.01,0.03,-0.07,
12:38:41:469,3.80,-0.17,3.50,-0.01,0.03,-0.07,
12:38:41:471,3.80,-0.17,3.50,-0.02,-0.01,-0.06,
12:38:41:471,3.80,-0.17,3.50,-0.02,-0.01,-0.06,
12:38:41:473,3.80,-0.17,3.50,-0.01,-0.06,-0.05,
12:38:41:474,2.68,-2.07,1.78,-0.01,-0.06,-0.05,
12:38:41:475,2.68,-2.07,1.78,-0.01,-0.08,-0.05,
12:38:41:476,2.68,-2.07,1.78,-0.01,-0.08,-0.05,
12:38:41:482,2.68,-2.07,1.78,-0.01,-0.05,-0.05,
12:38:41:483,3.61,-0.82,2.45,-0.01,-0.05,-0.05,
12:38:41:483,3.61,-0.82,2.45,-0.01,0.02,-0.05,
12:38:41:483,3.61,-0.82,2.45,-0.01,0.02,-0.05,
12:38:41:484,3.61,-0.82,2.45,-0.01,0.09,-0.06,
12:38:41:484,3.50,-0.90,2.51,-0.01,0.09,-0.06,
12:38:41:486,3.50,-0.90,2.51,-0.02,0.11,-0.08,
12:38:41:486,3.51,-0.90,2.51,-0.02,0.11,-0.08,
12:38:41:488,3.51,-0.90,2.51,-0.02,0.09,-0.08,
12:38:41:488,3.20,-0.97,2.98,-0.02,0.09,-0.08,
12:38:41:490,3.20,-0.97,2.98,-0.03,0.04,-0.08,
12:38:41:491,3.20,-0.97,2.98,-0.03,0.04,-0.08,
12:38:41:494,3.20,-0.97,2.98,-0.04,-0.04,-0.07,
12:38:41:494,3.55,-1.12,3.06,-0.04,-0.04,-0.07,
12:38:41:496,3.55,-1.12,3.06,-0.04,-0.07,-0.06,
12:38:41:497,3.55,-1.12,3.06,-0.04,-0.07,-0.06,
12:38:41:498,3.55,-1.12,3.06,-0.04,-0.03,-0.06,
12:38:41:499,2.34,-2.40,1.78,-0.04,-0.03,-0.06,
12:38:41:500,2.34,-2.40,1.78,-0.04,-0.01,-0.06,
12:38:41:501,2.34,-2.39,1.78,-0.04,-0.01,-0.06,
12:38:41:503,2.34,-2.39,1.78,-0.04,-0.01,-0.05,
12:38:41:504,3.72,-1.25,2.66,-0.04,-0.01,-0.05,
12:38:41:505,3.72,-1.25,2.66,-0.05,0.02,-0.05,
12:38:41:506,3.72,-1.25,2.66,-0.05,0.02,-0.05,
12:38:41:508,3.72,-1.25,2.66,-0.05,0.07,-0.07,
12:38:41:509,3.22,-1.67,2.36,-0.05,0.07,-0.07,
12:38:41:511,3.22,-1.67,2.36,-0.05,0.10,-0.08,
12:38:41:511,3.22,-1.67,2.36,-0.05,0.10,-0.08,
12:38:41:514,3.22,-1.67,2.36,-0.05,0.09,-0.09,
12:38:41:514,3.33,-1.10,3.23,-0.05,0.09,-0.09,
12:38:41:516,3.33,-1.10,3.23,-0.05,0.04,-0.09,
12:38:41:516,3.34,-1.10,3.23,-0.05,0.04,-0.09,
12:38:41:518,3.34,-1.10,3.23,-0.05,0.00,-0.09,
12:38:41:519,2.71,-1.61,2.49,-0.05,0.00,-0.09,
12:38:41:520,2.71,-1.61,2.49,-0.05,-0.01,-0.08,
12:38:41:521,2.71,-1.61,2.49,-0.05,-0.01,-0.08,
12:38:41:523,2.71,-1.61,2.49,-0.05,-0.02,-0.07,
12:38:41:524,3.00,-1.71,2.23,-0.05,-0.02,-0.07,
12:38:41:526,3.00,-1.71,2.23,-0.05,-0.04,-0.06,
12:38:41:526,3.00,-1.71,2.23,-0.05,-0.04,-0.06,
12:38:41:528,3.00,-1.71,2.23,-0.06,0.02,-0.06,
12:38:41:529,2.96,-0.99,2.49,-0.06,0.02,-0.06,
12:38:41:530,2.96,-0.99,2.49,-0.07,0.13,-0.07,
12:38:41:531,2.97,-0.98,2.49,-0.07,0.13,-0.07,
12:38:41:534,2.97,-0.98,2.49,-0.08,0.19,-0.08,
12:38:41:535,3.15,-0.57,3.32,-0.08,0.19,-0.08,
12:38:41:536,3.15,-0.57,3.32,-0.09,0.13,-0.08,
12:38:41:536,3.15,-0.57,3.32,-0.09,0.13,-0.08,
12:38:41:538,3.15,-0.57,3.32,-0.10,0.01,-0.08,
12:38:41:539,3.11,-1.77,3.87,-0.10,0.01,-0.08,
12:38:41:540,3.11,-1.77,3.87,-0.10,-0.08,-0.08,
12:38:41:541,3.11,-1.77,3.87,-0.10,-0.08,-0.08,
12:38:41:550,3.11,-1.77,3.87,-0.08,-0.11,-0.07,
12:38:41:550,2.41,-1.05,2.46,-0.08,-0.11,-0.07,
12:38:41:551,2.41,-1.05,2.46,-0.07,-0.05,-0.06,
12:38:41:552,2.41,-1.05,2.46,-0.07,-0.05,-0.06,
12:38:41:552,2.41,-1.05,2.46,-0.07,0.03,-0.05,
12:38:41:557,3.86,-0.20,3.65,-0.07,0.03,-0.05,
12:38:41:557,3.86,-0.20,3.65,-0.07,0.05,-0.05,
12:38:41:558,3.87,-0.20,3.64,-0.07,0.05,-0.05,
12:38:41:558,3.87,-0.20,3.64,-0.06,0.04,-0.06,
12:38:41:558,3.23,-1.79,2.80,-0.06,0.04,-0.06,
12:38:41:559,3.23,-1.79,2.80,-0.06,0.06,-0.08,
12:38:41:559,3.23,-1.79,2.80,-0.06,0.06,-0.08,
12:38:41:559,3.23,-1.79,2.80,-0.08,0.09,-0.09,
12:38:41:560,3.44,-1.10,4.16,-0.08,0.09,-0.09,
12:38:41:561,3.44,-1.10,4.16,-0.08,0.11,-0.10,
12:38:41:561,3.44,-1.10,4.16,-0.08,0.11,-0.10,
12:38:41:563,3.44,-1.10,4.16,-0.07,0.06,-0.11,
12:38:41:564,2.69,-1.18,3.62,-0.07,0.06,-0.11,
12:38:41:567,2.69,-1.18,3.62,-0.06,-0.02,-0.09,
12:38:41:568,2.70,-1.18,3.62,-0.06,-0.02,-0.09,
12:38:41:568,2.70,-1.18,3.62,-0.05,-0.09,-0.07,
12:38:41:569,3.20,-1.26,3.62,-0.05,-0.09,-0.07,
12:38:41:570,3.20,-1.26,3.62,-0.05,-0.06,-0.05,
12:38:41:571,3.20,-1.26,3.62,-0.05,-0.06,-0.05,
12:38:41:573,3.20,-1.26,3.62,-0.04,0.07,-0.05,
12:38:41:574,2.40,-0.21,3.44,-0.04,0.07,-0.05,
12:38:41:575,2.40,-0.21,3.44,-0.04,0.17,-0.06,
12:38:41:576,2.40,-0.21,3.44,-0.04,0.17,-0.06,
12:38:41:578,2.40,-0.21,3.44,-0.04,0.16,-0.07,
12:38:41:579,2.46,-1.61,3.85,-0.04,0.16,-0.07,
12:38:41:580,2.46,-1.61,3.85,-0.04,0.06,-0.08,
12:38:41:581,2.46,-1.61,3.85,-0.04,0.06,-0.08,
12:38:41:583,2.46,-1.61,3.85,-0.05,-0.07,-0.08,
12:38:41:584,3.14,-1.30,4.15,-0.05,-0.07,-0.08,
12:38:41:585,3.14,-1.30,4.15,-0.04,-0.12,-0.07,
12:38:41:586,3.15,-1.30,4.15,-0.04,-0.12,-0.07,
12:38:41:588,3.15,-1.30,4.15,-0.04,-0.05,-0.07,
12:38:41:589,1.96,-0.97,3.00,-0.04,-0.05,-0.07,
12:38:41:591,1.96,-0.97,3.00,-0.03,0.05,-0.06,
12:38:41:591,1.96,-0.97,3.00,-0.03,0.05,-0.06,
12:38:41:594,1.96,-0.97,3.00,-0.02,0.11,-0.06,
12:38:41:595,2.65,-0.05,3.64,-0.02,0.11,-0.06,
12:38:41:596,2.65,-0.05,3.64,-0.02,0.10,-0.06,
12:38:41:596,2.65,-0.05,3.64,-0.02,0.10,-0.06,
12:38:41:599,2.65,-0.05,3.64,-0.03,0.03,-0.06,
12:38:41:600,3.18,-0.73,4.14,-0.03,0.03,-0.06,
12:38:41:601,3.18,-0.73,4.14,-0.04,-0.02,-0.06,
12:38:41:602,3.18,-0.73,4.14,-0.04,-0.02,-0.06,
12:38:41:603,3.18,-0.73,4.14,-0.05,-0.00,-0.07,
12:38:41:604,2.52,-1.46,4.44,-0.05,-0.00,-0.07,
12:38:41:606,2.52,-1.46,4.44,-0.06,0.04,-0.07,
12:38:41:607,2.52,-1.45,4.44,-0.06,0.04,-0.07,
12:38:41:608,2.52,-1.45,4.44,-0.05,0.04,-0.07,
12:38:41:609,2.67,-0.38,4.40,-0.05,0.04,-0.07,
12:38:41:611,2.67,-0.38,4.40,-0.03,-0.01,-0.07,
12:38:41:612,2.67,-0.38,4.40,-0.03,-0.01,-0.07,
12:38:41:613,2.67,-0.38,4.40,-0.02,-0.03,-0.06,
12:38:41:614,2.63,-0.53,4.22,-0.02,-0.03,-0.06,
12:38:41:615,2.63,-0.53,4.22,-0.01,-0.03,-0.05,
12:38:41:616,2.63,-0.53,4.22,-0.01,-0.03,-0.05,
12:38:41:618,2.63,-0.53,4.22,0.00,-0.02,-0.04,
12:38:41:619,3.11,-0.21,4.64,0.00,-0.02,-0.04,
12:38:41:620,3.11,-0.21,4.64,0.01,0.03,-0.04,
12:38:41:621,3.11,-0.21,4.64,0.01,0.03,-0.04,
12:38:41:623,3.11,-0.21,4.64,0.02,0.07,-0.06,
12:38:41:624,2.87,-0.23,4.51,0.02,0.07,-0.06,
12:38:41:626,2.87,-0.23,4.51,0.02,0.07,-0.06,
12:38:41:626,2.87,-0.23,4.51,0.02,0.07,-0.06,
12:38:41:628,2.87,-0.23,4.51,0.03,0.02,-0.06,
12:38:41:629,3.31,0.20,5.08,0.03,0.02,-0.06,
12:38:41:631,3.31,0.20,5.08,0.03,-0.05,-0.06,
12:38:41:632,3.31,0.20,5.08,0.03,-0.05,-0.06,
12:38:41:633,3.31,0.20,5.08,0.03,-0.10,-0.05,
12:38:41:634,2.79,-0.33,3.39,0.03,-0.10,-0.05,
12:38:41:635,2.79,-0.33,3.39,0.04,-0.09,-0.04,
12:38:41:636,2.79,-0.33,3.39,0.04,-0.09,-0.04,
12:38:41:638,2.79,-0.33,3.39,0.04,0.05,-0.05,
12:38:41:638,2.05,0.09,2.90,0.04,0.05,-0.05,
12:38:41:640,2.05,0.09,2.90,-0.00,0.27,-0.03,
12:38:41:641,2.05,0.09,2.90,-0.00,0.27,-0.03,
12:38:41:644,2.05,0.09,2.90,-0.03,0.29,-0.03,
12:38:41:645,2.92,-0.21,3.65,-0.03,0.29,-0.03,
12:38:41:645,2.92,-0.21,3.65,-0.06,0.23,-0.04,
12:38:41:646,2.92,-0.21,3.65,-0.06,0.23,-0.04,
12:38:41:649,2.92,-0.21,3.65,-0.10,0.17,-0.04,
12:38:41:649,1.99,-0.90,3.13,-0.10,0.17,-0.04,
12:38:41:650,1.99,-0.90,3.13,-0.17,0.15,-0.01,
12:38:41:651,1.99,-0.90,3.13,-0.17,0.15,-0.01,
12:38:41:653,1.99,-0.90,3.13,-0.22,0.10,0.02,
12:38:41:654,2.52,-0.33,4.33,-0.22,0.10,0.02,
12:38:41:656,2.52,-0.33,4.33,-0.23,0.02,0.03,
12:38:41:656,2.52,-0.33,4.32,-0.23,0.02,0.03,
12:38:41:658,2.52,-0.33,4.32,-0.22,-0.02,0.01,
12:38:41:659,3.23,0.12,3.53,-0.22,-0.02,0.01,
12:38:41:669,3.23,0.12,3.53,-0.20,0.01,-0.00,
12:38:41:670,3.23,0.12,3.52,-0.20,0.01,-0.00,
12:38:41:671,3.23,0.12,3.52,-0.17,0.10,-0.02,
12:38:41:671,2.87,-0.52,4.70,-0.17,0.10,-0.02,
12:38:41:672,2.87,-0.52,4.70,-0.12,0.21,-0.05,
12:38:41:672,2.87,-0.52,4.70,-0.12,0.21,-0.05,
12:38:41:673,2.87,-0.52,4.70,-0.06,0.29,-0.09,
12:38:41:673,2.87,-0.52,4.70,0.00,0.27,-0.11,
12:38:41:674,1.65,-0.53,5.37,0.00,0.27,-0.11,
12:38:41:675,1.66,-0.53,5.37,0.00,0.27,-0.11,
12:38:41:675,1.66,-0.53,5.37,0.06,0.14,-0.10,
12:38:41:681,2.55,0.37,6.11,0.06,0.14,-0.10,
12:38:41:682,2.55,0.37,6.11,0.10,-0.00,-0.08,
12:38:41:682,2.55,0.37,6.11,0.10,-0.00,-0.08,
12:38:41:682,2.55,0.37,6.11,0.14,-0.11,-0.05,
12:38:41:682,2.15,0.66,5.31,0.14,-0.11,-0.05,
12:38:41:683,2.15,0.66,5.31,0.16,-0.14,-0.01,
12:38:41:683,2.15,0.66,5.31,0.16,-0.14,-0.01,
12:38:41:683,2.15,0.66,5.31,0.17,-0.10,0.01,
12:38:41:684,2.19,1.24,3.79,0.17,-0.10,0.01,
12:38:41:685,2.19,1.24,3.79,0.16,-0.05,0.02,
12:38:41:686,2.19,1.24,3.79,0.16,-0.05,0.02,
12:38:41:688,2.19,1.24,3.79,0.13,-0.01,0.02,
12:38:41:689,2.80,-0.14,4.80,0.13,-0.01,0.02,
12:38:41:691,2.80,-0.14,4.80,0.09,0.01,0.00,
12:38:41:691,2.80,-0.14,4.81,0.09,0.01,0.00,
12:38:41:694,2.80,-0.14,4.81,0.06,0.00,-0.01,
12:38:41:694,2.48,0.05,4.17,0.06,0.00,-0.01,
12:38:41:695,2.48,0.05,4.17,0.04,-0.04,-0.02,
12:38:41:696,2.48,0.05,4.17,0.04,-0.04,-0.02,
12:38:41:698,2.48,0.05,4.17,0.03,-0.11,-0.02,
12:38:41:700,3.16,0.54,5.54,0.03,-0.11,-0.02,
12:38:41:701,3.16,0.54,5.54,0.04,-0.17,-0.01,
12:38:41:702,3.16,0.54,5.54,0.04,-0.17,-0.01,
12:38:41:703,3.16,0.54,5.54,0.06,-0.18,-0.00,
12:38:41:703,2.82,0.69,4.15,0.06,-0.18,-0.00,
12:38:41:706,2.82,0.69,4.15,0.09,-0.15,-0.00,
12:38:41:706,2.82,0.69,4.16,0.09,-0.15,-0.00,
12:38:41:708,2.82,0.69,4.16,0.12,-0.11,-0.02,
12:38:41:709,3.40,0.27,4.66,0.12,-0.11,-0.02,
12:38:41:711,3.40,0.27,4.66,0.15,-0.07,-0.03,
12:38:41:712,3.40,0.27,4.67,0.15,-0.07,-0.03,
12:38:41:713,3.40,0.27,4.67,0.17,0.00,-0.06,
12:38:41:714,2.10,0.25,5.23,0.17,0.00,-0.06,
12:38:41:716,2.10,0.25,5.23,0.18,0.05,-0.08,
12:38:41:716,2.10,0.25,5.23,0.18,0.05,-0.08,
12:38:41:718,2.10,0.25,5.23,0.18,0.00,-0.08,
12:38:41:719,2.37,0.28,4.80,0.18,0.00,-0.08,
12:38:41:721,2.37,0.28,4.80,0.19,-0.11,-0.06,
12:38:41:721,2.37,0.28,4.80,0.19,-0.11,-0.06,
12:38:41:723,2.37,0.28,4.80,0.19,-0.22,-0.04,
12:38:41:724,2.78,0.80,3.66,0.19,-0.22,-0.04,
12:38:41:727,2.78,0.80,3.66,0.18,-0.26,-0.03,
12:38:41:728,2.78,0.79,3.67,0.18,-0.26,-0.03,
12:38:41:729,2.78,0.79,3.67,0.15,-0.23,-0.03,
12:38:41:730,3.46,-0.50,3.04,0.15,-0.23,-0.03,
12:38:41:732,3.46,-0.50,3.04,0.13,-0.16,-0.04,
12:38:41:733,3.46,-0.50,3.04,0.13,-0.16,-0.04,
12:38:41:736,3.46,-0.50,3.04,0.11,-0.08,-0.05,
12:38:41:736,3.46,-0.50,3.04,0.09,-0.00,-0.06,
12:38:41:737,3.50,-0.46,2.39,0.09,-0.00,-0.06,
12:38:41:737,3.50,-0.46,2.40,0.09,-0.00,-0.06,
12:38:41:738,3.50,-0.46,2.40,0.07,0.12,-0.07,
12:38:41:739,2.09,-0.36,3.60,0.07,0.12,-0.07,
12:38:41:741,2.09,-0.36,3.60,0.05,0.22,-0.09,
12:38:41:741,2.09,-0.36,3.60,0.05,0.22,-0.09,
12:38:41:744,2.09,-0.36,3.60,0.04,0.18,-0.10,
12:38:41:745,2.22,0.25,5.59,0.04,0.18,-0.10,
12:38:41:746,2.22,0.25,5.59,0.05,-0.01,-0.08,
12:38:41:746,2.22,0.25,5.59,0.05,-0.01,-0.08,
12:38:41:748,2.22,0.25,5.59,0.07,-0.21,-0.05,
12:38:41:749,2.64,0.68,5.90,0.07,-0.21,-0.05,
12:38:41:751,2.64,0.68,5.90,0.09,-0.31,-0.02,
12:38:41:751,2.64,0.68,5.90,0.09,-0.31,-0.02,
12:38:41:753,2.64,0.68,5.90,0.11,-0.31,0.01,
12:38:41:755,2.71,0.19,3.69,0.11,-0.31,0.01,
12:38:41:756,2.71,0.19,3.69,0.12,-0.25,0.03,
12:38:41:757,2.71,0.19,3.69,0.12,-0.25,0.03,
12:38:41:758,2.71,0.19,3.69,0.12,-0.15,0.03,
12:38:41:759,4.23,0.49,3.85,0.12,-0.15,0.03,
12:38:41:769,4.23,0.49,3.85,0.12,0.01,0.01,
12:38:41:770,4.23,0.49,3.86,0.12,0.01,0.01,
12:38:41:771,4.23,0.49,3.86,0.12,0.17,-0.04,
12:38:41:771,3.12,0.93,4.32,0.12,0.17,-0.04,
12:38:41:772,3.12,0.93,4.32,0.12,0.21,-0.09,
12:38:41:772,3.12,0.93,4.33,0.12,0.21,-0.09,
12:38:41:772,3.12,0.93,4.33,0.12,0.10,-0.12,
12:38:41:773,3.03,0.63,5.70,0.12,0.10,-0.12,
12:38:41:773,3.03,0.63,5.70,0.12,-0.06,-0.11,
12:38:41:774,3.03,0.63,5.71,0.12,-0.06,-0.11,
12:38:41:774,3.03,0.63,5.71,0.12,-0.18,-0.08,
12:38:41:775,1.79,-0.15,3.83,0.12,-0.18,-0.08,
12:38:41:776,1.79,-0.15,3.83,0.11,-0.19,-0.03,
12:38:41:776,1.79,-0.15,3.83,0.11,-0.19,-0.03,
12:38:41:779,1.79,-0.15,3.83,0.10,-0.11,0.00,
12:38:41:780,1.33,-0.27,3.57,0.10,-0.11,0.00,
12:38:41:781,1.33,-0.27,3.57,0.09,-0.00,0.02,
12:38:41:782,1.33,-0.28,3.58,0.09,-0.00,0.02,
12:38:41:783,1.33,-0.28,3.58,0.09,0.04,0.03,
12:38:41:784,2.35,0.02,3.95,0.09,0.04,0.03,
12:38:41:786,2.35,0.02,3.95,0.08,-0.02,0.02,
12:38:41:786,2.35,0.02,3.95,0.08,-0.02,0.02,
12:38:41:788,2.35,0.02,3.95,0.08,-0.14,0.02,
12:38:41:788,4.10,0.24,4.58,0.08,-0.14,0.02,
12:38:41:791,4.10,0.24,4.58,0.09,-0.24,0.01,
12:38:41:791,4.10,0.24,4.58,0.09,-0.24,0.01,
12:38:41:794,4.10,0.24,4.58,0.09,-0.22,0.00,
12:38:41:794,2.64,-0.82,2.38,0.09,-0.22,0.00,
12:38:41:795,2.64,-0.82,2.38,0.10,-0.10,-0.00,
12:38:41:796,2.64,-0.82,2.39,0.10,-0.10,-0.00,
12:38:41:798,2.64,-0.82,2.39,0.10,0.05,0.00,
12:38:41:805,1.69,-0.93,2.13,0.10,0.05,0.00,
12:38:41:806,1.69,-0.93,2.13,0.10,0.16,0.01,
12:38:41:807,1.69,-0.93,2.13,0.10,0.16,0.01,
12:38:41:808,1.69,-0.93,2.13,0.10,0.17,0.01,
12:38:41:808,2.74,0.46,4.03,0.10,0.17,0.01,
12:38:41:810,2.74,0.46,4.03,0.09,0.08,0.00,
12:38:41:810,2.74,0.45,4.03,0.09,0.08,0.00,
12:38:41:811,2.74,0.45,4.03,0.09,-0.06,-0.00,
12:38:41:812,2.75,-0.74,3.79,0.09,-0.06,-0.00,
12:38:41:813,2.75,-0.74,3.79,0.08,-0.19,-0.00,
12:38:41:814,2.75,-0.74,3.79,0.08,-0.19,-0.00,
12:38:41:815,2.75,-0.74,3.79,0.07,-0.28,0.01,
12:38:41:816,3.57,-0.66,2.78,0.07,-0.28,0.01,
12:38:41:817,3.57,-0.66,2.78,0.06,-0.27,0.02,
12:38:41:817,3.57,-0.66,2.78,0.06,-0.27,0.02,
12:38:41:819,3.57,-0.66,2.78,0.06,-0.12,0.02,
12:38:41:820,3.05,-0.61,1.91,0.06,-0.12,0.02,
12:38:41:821,3.05,-0.61,1.91,0.05,0.06,0.00,
12:38:41:822,3.05,-0.61,1.91,0.05,0.06,0.00,
12:38:41:824,3.05,-0.61,1.91,0.05,0.16,-0.01,
12:38:41:824,2.82,-0.90,2.57,0.05,0.16,-0.01,
12:38:41:826,2.82,-0.90,2.57,0.03,0.19,-0.03,
12:38:41:826,2.82,-0.90,2.57,0.03,0.19,-0.03,
12:38:41:828,2.82,-0.90,2.57,0.03,0.16,-0.04,
12:38:41:829,3.13,-0.13,4.74,0.03,0.16,-0.04,
12:38:41:831,3.13,-0.13,4.74,0.03,0.05,-0.04,
12:38:41:832,3.13,-0.13,4.74,0.03,0.05,-0.04,
12:38:41:833,3.13,-0.13,4.74,0.03,-0.11,-0.03,
12:38:41:834,3.28,-0.58,4.32,0.03,-0.11,-0.03,
12:38:41:836,3.28,-0.58,4.32,0.04,-0.27,-0.01,
12:38:41:837,3.28,-0.58,4.32,0.04,-0.27,-0.01,
12:38:41:838,3.28,-0.58,4.32,0.05,-0.33,0.01,
12:38:41:839,3.09,-1.59,2.12,0.05,-0.33,0.01,
12:38:41:840,3.09,-1.59,2.12,0.06,-0.24,0.03,
12:38:41:841,3.09,-1.59,2.12,0.06,-0.24,0.03,
12:38:41:849,3.09,-1.59,2.12,0.07,-0.04,0.02,
12:38:41:849,2.83,-0.83,1.65,0.07,-0.04,0.02,
12:38:41:850,2.83,-0.83,1.65,0.06,0.13,-0.01,
12:38:41:850,2.83,-0.83,1.65,0.06,0.13,-0.01,
12:38:41:851,2.83,-0.83,1.65,0.06,0.18,-0.03,
12:38:41:851,3.87,-1.47,3.15,0.06,0.18,-0.03,
12:38:41:851,3.87,-1.47,3.15,0.04,0.13,-0.05,
12:38:41:852,3.87,-1.47,3.15,0.04,0.13,-0.05,
12:38:41:853,3.87,-1.47,3.15,0.02,0.04,-0.06,
12:38:41:854,3.16,-1.92,3.49,0.02,0.04,-0.06,
12:38:41:857,3.16,-1.92,3.49,0.01,-0.04,-0.07,
12:38:41:857,3.16,-1.92,3.49,0.01,-0.04,-0.07,
12:38:41:858,3.16,-1.92,3.49,0.01,-0.11,-0.06,
12:38:41:859,2.81,-1.06,2.57,0.01,-0.11,-0.06,
12:38:41:862,2.81,-1.06,2.57,0.02,-0.17,-0.03,
12:38:41:863,2.81,-1.06,2.57,0.02,-0.17,-0.03,
12:38:41:864,2.81,-1.06,2.57,0.03,-0.16,-0.01,
12:38:41:865,3.40,-0.65,1.78,0.03,-0.16,-0.01,
12:38:41:866,3.40,-0.65,1.78,0.03,-0.07,-0.00,
12:38:41:867,3.40,-0.65,1.78,0.03,-0.07,-0.00,
12:38:41:868,3.40,-0.65,1.78,0.01,0.07,-0.01,
12:38:41:869,2.82,-1.71,1.79,0.01,0.07,-0.01,
12:38:41:871,2.82,-1.71,1.79,-0.01,0.19,-0.03,
12:38:41:871,2.83,-1.71,1.79,-0.01,0.19,-0.03,
12:38:41:873,2.83,-1.71,1.79,-0.02,0.17,-0.06,
12:38:41:874,3.44,-1.28,3.13,-0.02,0.17,-0.06,
12:38:41:876,3.44,-1.28,3.13,-0.03,0.08,-0.08,
12:38:41:876,3.44,-1.28,3.13,-0.03,0.08,-0.08,
12:38:41:878,3.44,-1.28,3.13,-0.03,0.01,-0.09,
12:38:41:879,2.41,-0.84,2.62,-0.03,0.01,-0.09,
12:38:41:880,2.41,-0.84,2.62,-0.03,-0.01,-0.08,
12:38:41:881,2.41,-0.84,2.62,-0.03,-0.01,-0.08,
12:38:41:883,2.41,-0.84,2.62,-0.04,-0.02,-0.05,
12:38:41:883,2.71,-0.92,2.81,-0.04,-0.02,-0.05,
12:38:41:886,2.71,-0.92,2.81,-0.05,-0.06,-0.02,
12:38:41:886,2.71,-0.92,2.81,-0.05,-0.06,-0.02,
12:38:41:888,2.71,-0.92,2.81,-0.05,-0.06,0.01,
12:38:41:889,2.83,-1.32,2.44,-0.05,-0.06,0.01,
12:38:41:891,2.83,-1.32,2.44,-0.06,-0.00,0.01,
12:38:41:891,2.83,-1.32,2.44,-0.06,-0.00,0.01,
12:38:41:894,2.83,-1.32,2.44,-0.07,0.06,-0.00,
12:38:41:895,3.00,-1.19,3.08,-0.07,0.06,-0.00,
12:38:41:896,3.00,-1.19,3.08,-0.07,0.10,-0.03,
12:38:41:896,3.00,-1.19,3.08,-0.07,0.10,-0.03,
12:38:41:899,3.00,-1.19,3.08,-0.07,0.09,-0.05,
12:38:41:900,2.93,-0.35,3.81,-0.07,0.09,-0.05,
12:38:41:904,2.93,-0.35,3.81,-0.06,0.04,-0.05,
12:38:41:904,2.93,-0.35,3.81,-0.06,0.04,-0.05,
12:38:41:905,2.93,-0.35,3.81,-0.06,-0.05,-0.04,
12:38:41:906,3.71,-0.97,3.92,-0.06,-0.05,-0.04,
12:38:41:906,3.71,-0.97,3.92,-0.05,-0.14,-0.02,
12:38:41:907,3.71,-0.97,3.91,-0.05,-0.14,-0.02,
12:38:41:908,3.71,-0.97,3.91,-0.05,-0.18,-0.00,
12:38:41:909,3.79,-1.63,2.74,-0.05,-0.18,-0.00,
12:38:41:911,3.79,-1.63,2.74,-0.05,-0.14,0.00,
12:38:41:912,3.79,-1.63,2.74,-0.05,-0.14,0.00,
12:38:41:913,3.79,-1.63,2.74,-0.05,-0.02,-0.00,
12:38:41:914,2.81,-2.72,2.11,-0.05,-0.02,-0.00,
12:38:41:916,2.81,-2.72,2.11,-0.05,0.09,-0.02,
12:38:41:916,2.81,-2.71,2.11,-0.05,0.09,-0.02,
12:38:41:918,2.81,-2.71,2.11,-0.05,0.12,-0.05,
12:38:41:919,3.47,-1.39,3.77,-0.05,0.12,-0.05,
12:38:41:920,3.47,-1.39,3.77,-0.04,0.07,-0.07,
12:38:41:921,3.47,-1.39,3.77,-0.04,0.07,-0.07,
12:38:41:923,3.47,-1.39,3.77,-0.02,-0.01,-0.08,
12:38:41:930,2.71,-2.03,3.01,-0.02,-0.01,-0.08,
12:38:41:931,2.71,-2.03,3.01,-0.01,-0.07,-0.07,
12:38:41:932,2.71,-2.03,3.01,-0.01,-0.07,-0.07,
12:38:41:933,2.71,-2.03,3.01,-0.00,-0.12,-0.05,
12:38:41:934,2.96,-1.94,2.04,-0.00,-0.12,-0.05,
12:38:41:935,2.96,-1.94,2.04,-0.00,-0.13,-0.03,
12:38:41:935,2.96,-1.94,2.04,-0.00,-0.13,-0.03,
12:38:41:935,2.96,-1.94,2.04,-0.01,-0.10,-0.02,
12:38:41:935,3.45,-2.53,1.21,-0.01,-0.10,-0.02,
12:38:41:936,3.45,-2.53,1.21,-0.02,-0.02,-0.02,
12:38:41:936,3.45,-2.53,1.21,-0.02,-0.02,-0.02,
12:38:41:938,3.45,-2.53,1.21,-0.05,0.09,-0.04,
12:38:41:939,3.15,-2.32,2.00,-0.05,0.09,-0.04,
12:38:41:941,3.15,-2.32,2.00,-0.07,0.18,-0.06,
12:38:41:941,3.15,-2.32,2.00,-0.07,0.18,-0.06,
12:38:41:950,3.15,-2.32,2.00,-0.08,0.18,-0.09,
12:38:41:951,2.99,-1.87,3.11,-0.08,0.18,-0.09,
12:38:41:951,2.99,-1.87,3.11,-0.08,0.10,-0.10,
12:38:41:951,2.99,-1.86,3.11,-0.08,0.10,-0.10,
12:38:41:952,2.99,-1.86,3.11,-0.09,-0.02,-0.09,
12:38:41:952,2.74,-2.60,3.19,-0.09,-0.02,-0.09,
12:38:41:952,2.74,-2.60,3.19,-0.09,-0.10,-0.07,
12:38:41:953,2.74,-2.60,3.19,-0.09,-0.10,-0.07,
12:38:41:954,2.74,-2.60,3.19,-0.08,-0.10,-0.05,
12:38:41:955,2.79,-1.96,3.31,-0.08,-0.10,-0.05,
12:38:41:955,2.79,-1.96,3.31,-0.07,-0.03,-0.03,
12:38:41:956,2.79,-1.96,3.31,-0.07,-0.03,-0.03,
12:38:41:958,2.79,-1.96,3.31,-0.06,0.07,-0.03,
12:38:41:959,2.93,-1.23,3.79,-0.06,0.07,-0.03,
12:38:41:960,2.93,-1.23,3.79,-0.05,0.11,-0.03,
12:38:41:961,2.93,-1.23,3.79,-0.05,0.11,-0.03,
12:38:41:963,2.93,-1.23,3.79,-0.04,0.08,-0.04,
12:38:41:963,3.75,-0.84,4.53,-0.04,0.08,-0.04,
12:38:41:965,3.75,-0.84,4.53,-0.03,-0.01,-0.04,
12:38:41:966,3.75,-0.84,4.53,-0.03,-0.01,-0.04,
12:38:41:968,3.75,-0.84,4.53,-0.02,-0.06,-0.05,
12:38:41:969,3.56,-1.52,4.11,-0.02,-0.06,-0.05,
12:38:41:970,3.56,-1.52,4.11,-0.02,-0.04,-0.05,
12:38:41:971,3.56,-1.52,4.10,-0.02,-0.04,-0.05,
12:38:41:973,3.56,-1.52,4.10,-0.01,0.02,-0.05,
12:38:41:973,2.91,-0.89,3.40,-0.01,0.02,-0.05,
12:38:41:975,2.91,-0.89,3.40,0.00,0.04,-0.05,
12:38:41:976,2.91,-0.89,3.40,0.00,0.04,-0.05,
12:38:41:978,2.91,-0.89,3.40,0.02,0.00,-0.05,
12:38:41:979,2.99,-0.80,3.12,0.02,0.00,-0.05,
12:38:41:981,2.99,-0.80,3.12,0.02,-0.05,-0.06,
12:38:41:981,3.00,-0.80,3.12,0.02,-0.05,-0.06,
12:38:41:983,3.00,-0.80,3.12,0.02,-0.06,-0.06,
12:38:41:984,2.79,-1.79,3.00,0.02,-0.06,-0.06,
12:38:41:986,2.79,-1.79,3.00,0.01,-0.04,-0.06,
12:38:41:986,2.79,-1.79,3.00,0.01,-0.04,-0.06,
12:38:41:988,2.79,-1.79,3.00,0.01,-0.02,-0.06,
12:38:41:989,2.24,-2.40,2.43,0.01,-0.02,-0.06,
12:38:41:991,2.24,-2.40,2.43,-0.01,-0.05,-0.06,
12:38:41:992,2.24,-2.40,2.43,-0.01,-0.05,-0.06,
12:38:41:994,2.24,-2.40,2.43,-0.01,-0.11,-0.06,
12:38:41:995,3.50,-2.09,2.46,-0.01,-0.11,-0.06,
12:38:41:996,3.50,-2.09,2.46,-0.01,-0.15,-0.06,
12:38:41:997,3.51,-2.09,2.46,-0.01,-0.15,-0.06,
12:38:41:998,3.51,-2.09,2.46,-0.02,-0.15,-0.07,
12:38:41:999,3.78,-1.87,1.98,-0.02,-0.15,-0.07,
12:38:42:001,3.78,-1.87,1.98,-0.02,-0.10,-0.07,
12:38:42:002,3.78,-1.87,1.98,-0.02,-0.10,-0.07,
12:38:42:003,3.78,-1.87,1.98,-0.02,-0.02,-0.08,
12:38:42:004,2.85,-2.33,1.78,-0.02,-0.02,-0.08,
12:38:42:006,2.85,-2.33,1.78,-0.03,0.08,-0.09,
12:38:42:007,2.86,-2.33,1.78,-0.03,0.08,-0.09,
12:38:42:008,2.86,-2.33,1.78,-0.03,0.16,-0.10,
12:38:42:009,2.14,-1.42,3.41,-0.03,0.16,-0.10,
12:38:42:011,2.14,-1.42,3.41,-0.03,0.18,-0.10,
12:38:42:011,2.14,-1.42,3.41,-0.03,0.18,-0.10,
12:38:42:013,2.14,-1.42,3.41,-0.03,0.10,-0.09,
12:38:42:014,2.21,-1.10,4.25,-0.03,0.10,-0.09,
12:38:42:016,2.21,-1.10,4.25,-0.02,-0.03,-0.08,
12:38:42:016,2.21,-1.10,4.25,-0.02,-0.03,-0.08,
12:38:42:018,2.21,-1.10,4.25,-0.00,-0.11,-0.05,
12:38:42:019,2.15,-0.67,3.43,-0.00,-0.11,-0.05,
12:38:42:020,2.15,-0.67,3.43,0.01,-0.10,-0.03,
12:38:42:021,2.15,-0.67,3.43,0.01,-0.10,-0.03,
12:38:42:024,2.15,-0.67,3.43,-0.00,-0.03,-0.02,
12:38:42:025,3.13,-0.38,3.54,-0.00,-0.03,-0.02,
12:38:42:026,3.13,-0.38,3.54,-0.03,0.08,-0.02,
12:38:42:026,3.13,-0.38,3.54,-0.03,0.08,-0.02,
12:38:42:028,3.13,-0.38,3.54,-0.10,0.19,-0.03,
12:38:42:029,2.80,-1.67,1.11,-0.10,0.19,-0.03,
12:38:42:031,2.80,-1.67,1.11,-0.22,0.27,-0.03,
12:38:42:032,2.81,-1.67,1.11,-0.22,0.27,-0.03,
12:38:42:034,2.81,-1.67,1.11,-0.38,0.34,-0.00,
12:38:42:035,1.69,-0.72,-0.42,-0.38,0.34,-0.00,
12:38:42:036,1.69,-0.72,-0.42,-0.54,0.35,0.04,
12:38:42:037,1.69,-0.71,-0.43,-0.54,0.35,0.04,
12:38:42:038,1.69,-0.71,-0.43,-0.68,0.28,0.06,
12:38:42:039,2.07,-1.24,3.55,-0.68,0.28,0.06,
12:38:42:041,2.07,-1.24,3.55,-0.76,0.12,0.07,
12:38:42:041,2.07,-1.24,3.53,-0.76,0.12,0.07,
12:38:42:046,2.07,-1.24,3.53,-0.77,-0.04,0.07,
12:38:42:047,2.85,-1.37,4.64,-0.77,-0.04,0.07,
12:38:42:047,2.85,-1.37,4.64,-0.75,-0.16,0.05,
12:38:42:047,2.85,-1.37,4.62,-0.75,-0.16,0.05,
12:38:42:048,2.85,-1.37,4.62,-0.69,-0.20,0.04,
12:38:42:052,3.29,-3.64,3.58,-0.69,-0.20,0.04,
12:38:42:052,3.29,-3.64,3.58,-0.61,-0.15,0.02,
12:38:42:053,3.29,-3.63,3.57,-0.61,-0.15,0.02,
12:38:42:053,3.29,-3.63,3.57,-0.52,-0.05,-0.01,
12:38:42:054,3.37,-3.62,3.28,-0.52,-0.05,-0.01,
12:38:42:055,3.37,-3.62,3.28,-0.42,0.08,-0.01,
12:38:42:056,3.37,-3.61,3.27,-0.42,0.08,-0.01,
12:38:42:058,3.37,-3.61,3.27,-0.32,0.21,-0.02,
12:38:42:058,3.31,-1.81,3.65,-0.32,0.21,-0.02,
12:38:42:060,3.31,-1.81,3.65,-0.22,0.28,-0.02,
12:38:42:061,3.31,-1.81,3.64,-0.22,0.28,-0.02,
12:38:42:063,3.31,-1.81,3.64,-0.12,0.28,-0.01,
12:38:42:063,2.94,-1.67,4.13,-0.12,0.28,-0.01,
12:38:42:065,2.94,-1.67,4.13,-0.05,0.23,0.00,
12:38:42:066,2.95,-1.67,4.13,-0.05,0.23,0.00,
12:38:42:068,2.95,-1.67,4.13,-0.00,0.14,0.01,
12:38:42:068,2.88,-1.55,2.94,-0.00,0.14,0.01,
12:38:42:070,2.88,-1.55,2.94,0.04,0.04,0.01,
12:38:42:071,2.88,-1.55,2.94,0.04,0.04,0.01,
12:38:42:073,2.88,-1.55,2.94,0.08,-0.05,0.00,
12:38:42:073,3.07,-1.38,3.74,0.08,-0.05,0.00,
12:38:42:075,3.07,-1.38,3.74,0.14,-0.10,0.00,
12:38:42:076,3.07,-1.38,3.74,0.14,-0.10,0.00,
12:38:42:078,3.07,-1.38,3.74,0.19,-0.09,-0.00,
12:38:42:078,2.26,-1.62,3.45,0.19,-0.09,-0.00,
12:38:42:080,2.26,-1.62,3.45,0.24,-0.04,-0.01,
12:38:42:081,2.26,-1.62,3.45,0.24,-0.04,-0.01,
12:38:42:083,2.26,-1.62,3.45,0.29,-0.01,-0.02,
12:38:42:083,2.03,-1.53,3.79,0.29,-0.01,-0.02,
12:38:42:085,2.03,-1.53,3.79,0.35,-0.01,-0.03,
12:38:42:086,2.03,-1.53,3.79,0.35,-0.01,-0.03,
12:38:42:088,2.03,-1.53,3.79,0.41,-0.05,-0.04,
12:38:42:088,1.97,-1.55,4.66,0.41,-0.05,-0.04,
12:38:42:090,1.97,-1.55,4.66,0.45,-0.12,-0.05,
12:38:42:091,1.97,-1.55,4.67,0.45,-0.12,-0.05,
12:38:42:093,1.97,-1.55,4.67,0.49,-0.19,-0.05,
12:38:42:094,2.97,-1.29,4.55,0.49,-0.19,-0.05,
12:38:42:095,2.97,-1.29,4.55,0.51,-0.25,-0.04,
12:38:42:096,2.97,-1.30,4.56,0.51,-0.25,-0.04,
12:38:42:098,2.97,-1.30,4.56,0.52,-0.26,-0.03,
12:38:42:098,2.82,-2.16,3.61,0.52,-0.26,-0.03,
12:38:42:100,2.82,-2.16,3.61,0.52,-0.24,-0.03,
12:38:42:101,2.82,-2.16,3.62,0.52,-0.24,-0.03,
12:38:42:103,2.82,-2.16,3.62,0.51,-0.18,-0.02,
12:38:42:103,2.26,-2.76,1.95,0.51,-0.18,-0.02,
12:38:42:105,2.26,-2.76,1.95,0.49,-0.13,-0.02,
12:38:42:106,2.26,-2.77,1.96,0.49,-0.13,-0.02,
12:38:42:108,2.26,-2.77,1.96,0.46,-0.11,-0.02,
12:38:42:108,3.52,-0.89,3.97,0.46,-0.11,-0.02,
12:38:42:110,3.52,-0.89,3.97,0.42,-0.12,-0.02,
12:38:42:111,3.52,-0.89,3.98,0.42,-0.12,-0.02,
12:38:42:113,3.52,-0.89,3.98,0.37,-0.13,-0.01,
12:38:42:113,2.96,-0.97,1.89,0.37,-0.13,-0.01,
12:38:42:115,2.96,-0.97,1.89,0.31,-0.15,0.00,
12:38:42:116,2.96,-0.98,1.90,0.31,-0.15,0.00,
12:38:42:118,2.96,-0.98,1.90,0.24,-0.13,0.02,
12:38:42:118,2.55,-1.73,1.07,0.24,-0.13,0.02,
12:38:42:120,2.55,-1.73,1.07,0.16,-0.10,0.03,
12:38:42:121,2.55,-1.73,1.07,0.16,-0.10,0.03,
12:38:42:123,2.55,-1.73,1.07,0.08,-0.09,0.04,
12:38:42:123,2.46,-1.81,0.20,0.08,-0.09,0.04,
12:38:42:125,2.46,-1.81,0.20,-0.00,-0.09,0.05,
12:38:42:126,2.46,-1.81,0.20,-0.00,-0.09,0.05,
12:38:42:128,2.46,-1.81,0.20,-0.08,-0.08,0.04,
12:38:42:128,2.77,-1.99,1.18,-0.08,-0.08,0.04,
12:38:42:130,2.77,-1.99,1.18,-0.14,-0.08,0.03,
12:38:42:131,2.77,-1.99,1.18,-0.14,-0.08,0.03,
12:38:42:133,2.77,-1.99,1.18,-0.18,-0.08,0.01,
12:38:42:134,2.58,-1.78,2.05,-0.18,-0.08,0.01,
12:38:42:136,2.58,-1.78,2.05,-0.20,-0.10,0.00,
12:38:42:136,2.58,-1.78,2.04,-0.20,-0.10,0.00,
12:38:42:138,2.58,-1.78,2.04,-0.21,-0.12,0.01,
12:38:42:139,2.47,-2.02,2.73,-0.21,-0.12,0.01,
12:38:42:141,2.47,-2.02,2.73,-0.21,-0.13,0.02,
12:38:42:141,2.47,-2.02,2.72,-0.21,-0.13,0.02,
12:38:42:151,2.47,-2.02,2.72,-0.19,-0.14,0.03,
12:38:42:151,2.78,-2.23,3.51,-0.19,-0.14,0.03,
12:38:42:152,2.78,-2.23,3.51,-0.15,-0.17,0.04,
12:38:42:152,2.78,-2.23,3.50,-0.15,-0.17,0.04,
12:38:42:152,2.78,-2.23,3.50,-0.10,-0.17,0.05,
12:38:42:152,2.33,-2.89,2.45,-0.10,-0.17,0.05,
12:38:42:153,2.33,-2.89,2.45,-0.06,-0.14,0.05,
12:38:42:153,2.33,-2.89,2.45,-0.06,-0.14,0.05,
12:38:42:153,2.33,-2.89,2.45,-0.02,-0.08,0.04,
12:38:42:154,2.73,-3.27,3.53,-0.02,-0.08,0.04,
